1.0,0.0
0.986881621201,0.00642174730603
0.973451992579,0.0126651656903
0.959711114134,0.0187302551528
0.945658985867,0.0246170156935
0.931295607777,0.0303254473125
0.916620979864,0.0358555500097
0.901635102129,0.0412073237852
0.886337974571,0.0463807686389
0.870729597191,0.0513758845709
0.854809969988,0.056192671581
0.838579092962,0.0608311296695
0.822036966114,0.0652912588361
0.805183589443,0.069573059081
0.788018962949,0.0736765304042
0.770543086633,0.0776016728056
0.752755960494,0.0813484862852
0.734657584532,0.084916970843
0.716247958748,0.0883071264791
0.697527083141,0.0915189531935
0.678494957711,0.0945524509861
0.659421400879,0.0974311703519
0.640576231063,0.100178661786
0.621959448264,0.102794925288
0.603571052482,0.105279960859
0.585411043717,0.107633768498
0.567479421968,0.109856348205
0.549776187236,0.111947699981
0.532301339521,0.113907823825
0.515054878822,0.115736719737
0.49803680514,0.117434387717
0.481247118475,0.119000827766
0.464685818827,0.120436039883
0.448352906195,0.121740024068
0.43224838058,0.122912780322
0.416372241982,0.123954308644
0.400724490401,0.124864609034
0.385305125836,0.125643681492
0.370114148288,0.126291526019
0.355151557757,0.126808142614
0.340417354243,0.127193531277
0.325920072919,0.127416447075
0.31166824896,0.127445645073
0.297661882366,0.127281125272
0.283900973137,0.126922887671
0.270385521273,0.126370932271
0.257115526774,0.125625259071
0.244090989639,0.124685868071
0.231311909869,0.123552759272
0.218778287464,0.122225932674
0.206490122424,0.120705388276
0.194447414749,0.118991126078
0.182650164439,0.117083146081
0.171098371493,0.114981448285
0.159792035913,0.112686032689
0.148731157697,0.110196899293
0.137915736846,0.107514048098
0.12734577336,0.104637479103
0.117021267239,0.101567192309
0.106942218483,0.0983031877157
0.097108627091,0.0948454653225
0.0876405359496,0.0912960920943
0.0786579879437,0.0877571349957
0.0701609830732,0.0842285940266
0.0621495213382,0.080710469187
0.0546236027387,0.077202760477
0.0475832272746,0.0737054678965
0.0410283949459,0.0702185914455
0.0349591057528,0.0667421311241
0.029375359695,0.0632760869321
0.0242771567727,0.0598204588697
0.0196644969859,0.0563752469369
0.0155373803346,0.0529404511336
0.0118958068186,0.0495160714598
0.00873977643819,0.0461021079155
0.00606928919319,0.0426985605008
0.00388434508364,0.0393054292156
0.00218494410955,0.0359227140599
0.00097108627091,0.0325504150338
0.000242771567727,0.0291885321372
0.0,0.0258370653701
0.000231875323647,0.0224840910139
0.000927501294589,0.0191176853501
0.00208687791282,0.0157378483785
0.00371000517836,0.0123445800992
0.00579688309118,0.00893788051219
0.0083475116513,0.00551774961748
0.0113618908587,0.00208418741506
0.0148400207134,-0.00136280609508
0.0187819012154,-0.00482323091292
0.0231875323647,-0.00829708703847
0.0280569141613,-0.0117843744717
0.0333900466052,-0.0152850932127
0.0391869296964,-0.0187992432614
0.0454475634349,-0.0223268246178
0.0521719478206,-0.0258678372819
0.0593600828537,-0.0294222812537
0.067011968534,-0.0329901565332
0.0751276048617,-0.0365714631205
0.0837069918366,-0.0401662010154
0.0927501294589,-0.043774370218
0.102188438976,-0.047276562018
0.111953341638,-0.0505533677047
0.122044837442,-0.0536047872783
0.13246292639,-0.0564308207388
0.143207608482,-0.059031468086
0.154278883716,-0.0614067293201
0.165676752095,-0.063556604441
0.177401213617,-0.0654810934488
0.189452268282,-0.0671801963434
0.201829916091,-0.0686539131249
0.214534157043,-0.0699022437931
0.227564991139,-0.0709251883482
0.240922418378,-0.0717227467902
0.25460643876,-0.072294919119
0.268617052286,-0.0726417053346
0.282954258956,-0.072763105437
0.297618058769,-0.0726591194263
0.312608451725,-0.0723297473024
0.327925437825,-0.0717749890654
0.343569017069,-0.0709948447152
0.359399087071,-0.0700901770735
0.37527554545,-0.0691618489623
0.391198392203,-0.0682098603814
0.407167627331,-0.0672342113309
0.423183250835,-0.0662349018107
0.439245262715,-0.065211931821
0.455353662969,-0.0641653013615
0.471508451599,-0.0630950104325
0.487709628604,-0.0620010590338
0.503957193985,-0.0608834471655
0.52025114774,-0.0597421748275
0.536591489871,-0.0585772420199
0.552978220378,-0.0573886487427
0.569411339259,-0.0561763949959
0.585890846516,-0.0549404807794
0.602416742148,-0.0536809060932
0.618989026156,-0.0523976709375
0.635607698539,-0.0510907753121
0.652272759297,-0.049760219217
0.66898420843,-0.0484060026524
0.685709659064,-0.0469872431862
0.702416724324,-0.0454630583868
0.719105404209,-0.043833448254
0.735775698721,-0.0420984127879
0.752427607857,-0.0402579519885
0.76906113162,-0.0383120658558
0.785676270008,-0.0362607543898
0.802273023023,-0.0341040175905
0.818851390662,-0.0318418554578
0.835411372928,-0.0294742679919
0.851952969819,-0.0270012551926
0.868476181337,-0.02442281706
0.884981007479,-0.0217389535941
0.901467448248,-0.0189496647949
0.917935503642,-0.0160549506624
0.934385173662,-0.0130548111965
0.950816458308,-0.00994924639736
0.96722935758,-0.00673825626488
0.983623871477,-0.0034218407991
1.0,0.0
