1.0,0.0
0.986849145076,0.00644447577961
0.973390375925,0.0127092438921
0.959623692547,0.0187943043374
0.945549094941,0.0246996571155
0.931166583109,0.0304253022265
0.916476157049,0.0359712396703
0.901477816761,0.0413374694469
0.886171562247,0.0465239915564
0.870557393505,0.0515308059988
0.854635310536,0.056357912774
0.83840531334,0.061005311882
0.821867401916,0.0654730033228
0.805021576265,0.0697609870965
0.787867836387,0.0738692632031
0.770406182282,0.0777978316425
0.752636613949,0.0815466924147
0.73455913139,0.0851158455198
0.716173734603,0.0885052909577
0.697480423588,0.0917150287284
0.678479198347,0.094745058832
0.659434702764,0.0976186402237
0.640611580727,0.100359031859
0.622009832235,0.102966233737
0.603629457289,0.105440245859
0.585470455888,0.107781068224
0.567532828033,0.109988700833
0.549816573723,0.112063143685
0.532321692958,0.114004396781
0.515048185739,0.11581246012
0.497996052065,0.117487333702
0.481165291937,0.119029017527
0.464555905354,0.120437511596
0.448167892317,0.121712815909
0.432001252825,0.122854930465
0.416055986878,0.123863855264
0.400332094477,0.124739590307
0.384829575621,0.125482135593
0.36954843031,0.126091491122
0.354488658545,0.126567656895
0.339650260326,0.126910632911
0.325050275233,0.127092177874
0.310705742847,0.127084050489
0.29661666317,0.126886250755
0.2827830362,0.126498778672
0.269204861937,0.125921634241
0.255882140383,0.125154817461
0.242814871536,0.124198328331
0.230003055397,0.123052166854
0.217446691966,0.121716333027
0.205145781242,0.120190826852
0.193100323226,0.118475648328
0.181310317917,0.116570797455
0.169775765317,0.114476274233
0.158496665424,0.112192078663
0.147473018239,0.109718210744
0.136704823761,0.107054670476
0.126192081991,0.10420145786
0.115934792929,0.101158572894
0.105932956575,0.0979260155803
0.0961865729283,0.0945037859175
0.0868083820678,0.0909917660091
0.0779111240719,0.0874898379583
0.0694947989407,0.083998001765
0.0615594066741,0.0805162574293
0.0541049472722,0.0770446049512
0.0471314207349,0.0735830443307
0.0406388270622,0.0701315755678
0.0346271662542,0.0666901986624
0.0290964383108,0.0632589136147
0.0240466432321,0.0598377204245
0.019477781018,0.0564266190919
0.0153898516685,0.0530256096168
0.0117828551837,0.0496346919994
0.00865679156355,0.0462538662395
0.00601166080802,0.0428831323372
0.00384746291713,0.0395224902925
0.00216419789089,0.0361719401053
0.000961865729283,0.0328314817758
0.000240466432321,0.0295011153038
0.0,0.0261808406894
0.000222134031973,0.0228562537349
0.000888536127892,0.0195129502424
0.00199920628776,0.016150930212
0.00355414451157,0.0127701936436
0.00555335079932,0.00937074053734
0.00799682515103,0.00595257089315
0.0108845675667,0.00251568471103
0.0142165780463,-0.000939918009017
0.0179928565898,-0.00441423726699
0.0222134031973,-0.00790727306288
0.0268782178687,-0.0114190253967
0.0319873006041,-0.0149494942685
0.0375406514034,-0.0184986796781
0.0435382702667,-0.0220665816257
0.0499801571939,-0.0256532001112
0.0568663121851,-0.0292585351347
0.0641967352402,-0.0328825866961
0.0719714263592,-0.0365253547954
0.0801903855422,-0.0401868394326
0.0888536127892,-0.0438670406077
0.097909178758,-0.0474399266113
0.107305154107,-0.0507794657336
0.117041538835,-0.0538856579747
0.127118332944,-0.0567585033346
0.137535536432,-0.0593980018134
0.1482931493,-0.0618041534109
0.159391171548,-0.0639769581273
0.170829603176,-0.0659164159624
0.182608444184,-0.0676225269164
0.194727694572,-0.0690952909891
0.207187354339,-0.0703347081807
0.219987423486,-0.0713407784911
0.233127902014,-0.0721135019203
0.246608789921,-0.0726528784683
0.260430087208,-0.072958908135
0.274591793874,-0.0730315909206
0.289093909921,-0.072870926825
0.303936435347,-0.0724769158483
0.319119370154,-0.0718495579903
0.33464271434,-0.0709888532511
0.350361529025,-0.0700015491002
0.366130875329,-0.068994393007
0.38195075325,-0.0679673849716
0.39782116279,-0.0669205249939
0.413742103947,-0.0658538130739
0.429713576723,-0.0647672492117
0.445735581116,-0.0636608334072
0.461808117128,-0.0625345656604
0.477931184758,-0.0613884459714
0.494104784006,-0.0602224743401
0.510328914872,-0.0590366507666
0.526603577357,-0.0578309752507
0.542928771459,-0.0566054477927
0.559304497179,-0.0553600683923
0.575730754518,-0.0540948370497
0.592207543474,-0.0528097537649
0.608734864049,-0.0515048185377
0.625312716241,-0.0501800313683
0.641941100052,-0.0488353922567
0.658620015481,-0.0474709012028
0.675342437618,-0.046046527776
0.692101341555,-0.0445222415456
0.70889672729,-0.0428980425118
0.725728594823,-0.0411739306745
0.742596944156,-0.0393499060336
0.759501775287,-0.0374259685893
0.776443088217,-0.0354021183414
0.793420882946,-0.0332783552901
0.810435159474,-0.0310546794352
0.827485917801,-0.0287310907768
0.844573157926,-0.0263075893149
0.86169687985,-0.0237841750495
0.878857083573,-0.0211608479806
0.896053769095,-0.0184376081082
0.913286936415,-0.0156144554323
0.930556585535,-0.0126913899528
0.947862716453,-0.00966841166988
0.96520532917,-0.00654552058343
0.982584423685,-0.00332271669347
1.0,0.0
