1.0,0.0
0.98701974602,0.0065327140093
0.973699487751,0.0128766591428
0.960039225192,0.0190318354005
0.946038958344,0.0249982427824
0.931698687207,0.0307758812886
0.91701841178,0.0363647509189
0.901998132063,0.0417648516734
0.886637848057,0.0469761835522
0.870937559762,0.0519987465551
0.854897267177,0.0568325406823
0.838516970302,0.0614775659336
0.821796669138,0.0659338223092
0.804736363685,0.070201309809
0.787336053942,0.074280028433
0.76959573991,0.0781699781811
0.751515421588,0.0818711590535
0.733095098977,0.0853835710501
0.714334772077,0.0887072141709
0.695234440886,0.0918420884159
0.675794105407,0.0947881937852
0.656316412955,0.0975764156107
0.637104010846,0.100237639225
0.618156899082,0.102771864627
0.599475077662,0.105179091818
0.581058546585,0.107459320797
0.562907305853,0.109612551565
0.545021355465,0.111638784121
0.52740069542,0.113538018465
0.51004532572,0.115310254598
0.492955246363,0.11695549252
0.476130457351,0.11847373223
0.459570958683,0.119864973728
0.443276750358,0.121129217015
0.427247832378,0.12226646209
0.411484204742,0.123276708953
0.395985867449,0.124159957605
0.380752820501,0.124916208046
0.365785063896,0.125545460274
0.351082597636,0.126047714292
0.33664542172,0.126422970097
0.322456504101,0.12663940742
0.308498812734,0.126665205988
0.294772347618,0.1265003658
0.281277108754,0.126144886858
0.268013096142,0.125598769162
0.254980309781,0.12486201271
0.242178749671,0.123934617504
0.229608415813,0.122816583542
0.217269308207,0.121507910826
0.205161426852,0.120008599355
0.193284771749,0.118318649129
0.181639342897,0.116438060149
0.170225140297,0.114366832413
0.159042163948,0.112104965923
0.148090413851,0.109652460678
0.137369890005,0.107009316678
0.126880592411,0.104175533923
0.116622521068,0.101151112414
0.106595675977,0.0979360521491
0.0968000571376,0.0945303531299
0.0873620515667,0.091032327242
0.0784080462815,0.0875402863719
0.0699380412819,0.0840542305195
0.0619520365681,0.0805741596848
0.0544500321399,0.0771000738678
0.0474320279974,0.0736319730685
0.0408980241407,0.070169857287
0.0348480205696,0.0667137265231
0.0292820172841,0.0632635807769
0.0242000142844,0.0598194200484
0.0196020115704,0.0563812443377
0.015488009142,0.0529490536446
0.0118580069994,0.0495228479693
0.00871200514239,0.0461026273116
0.0060500035711,0.0426883916717
0.00387200228551,0.0392801410494
0.0021780012856,0.0358778754449
0.000968000571376,0.0324815948581
0.000242000142844,0.029091299289
0.0,0.0257069887376
0.000241849888577,0.0223215718338
0.000967399554309,0.0189279572075
0.00217664899719,0.0155261448588
0.00386959821724,0.0121161347876
0.00604624721443,0.00869792699396
0.00870659598878,0.00527152147784
0.0118506445403,0.00183691823926
0.0154783928689,-0.00160588272179
0.0195898409748,-0.0050568814053
0.0241849888577,-0.00851607781128
0.0292638365178,-0.0119834719397
0.0348263839551,-0.0154590637906
0.0408726311695,-0.018942853364
0.0474025781611,-0.0224348406599
0.0544162249299,-0.0259350256782
0.0619135714758,-0.0294434084189
0.0698946177988,-0.0329599888822
0.078359363899,-0.0364847670679
0.0873078097764,-0.0400177429761
0.0967399554309,-0.0435589166067
0.106545862859,-0.0469936161373
0.116615594055,-0.0502071697455
0.126949149021,-0.0531995774313
0.137546527756,-0.0559708391946
0.148407730261,-0.0585209550354
0.159532756534,-0.0608499249539
0.170921606577,-0.0629577489498
0.182574280388,-0.0648444270233
0.194490777969,-0.0665099591744
0.206671099319,-0.067954345403
0.219115244438,-0.0691775857092
0.231823213327,-0.0701796800929
0.244795005984,-0.0709606285542
0.258030622411,-0.071520431093
0.271530062606,-0.0718590877094
0.285293326571,-0.0719765984033
0.299320414305,-0.0718729631748
0.313611325808,-0.0715481820238
0.328166061081,-0.0710022549504
0.342984620122,-0.0702351819545
0.357984554519,-0.069347699952
0.373083415859,-0.0684405458586
0.388281204142,-0.0675137196743
0.403577919368,-0.0665672213992
0.418973561536,-0.0656010510332
0.434468130646,-0.0646152085763
0.4500616267,-0.0636096940285
0.465754049696,-0.0625845073898
0.481545399635,-0.0615396486603
0.497435676516,-0.0604751178399
0.51342488034,-0.0593909149286
0.529513011107,-0.0582870399264
0.545700068816,-0.0571634928334
0.561986053469,-0.0560202736495
0.578370965063,-0.0548573823747
0.594854803601,-0.053674819009
0.611437569081,-0.0524725835525
0.628119261504,-0.051250676005
0.644899880869,-0.0500090963667
0.661779427178,-0.0487478446376
0.6787075379,-0.0474184416401
0.695633850509,-0.0459724081969
0.712558365004,-0.044409744308
0.729481081385,-0.0427304499733
0.746401999652,-0.0409345251929
0.763321119806,-0.0390219699668
0.780238441845,-0.036992784295
0.797153965771,-0.0348469681774
0.814067691583,-0.0325845216141
0.830979619281,-0.0302054446051
0.847889748865,-0.0277097371504
0.864798080335,-0.0250973992499
0.881704613692,-0.0223684309037
0.898609348935,-0.0195228321118
0.915512286063,-0.0165606028741
0.932413425078,-0.0134817431908
0.94931276598,-0.0102862530617
0.966210308767,-0.00697413248684
0.98310605344,-0.00354538146628
1.0,0.0
