  
       XFOIL         Version 6.99
  
 Calculated polar for: G60A2                                           
  
 1 1 Reynolds number fixed          Mach number fixed         
  
 xtrf =   1.000 (top)        1.000 (bottom)  
 Mach =   0.000     Re =     0.200 e 6     Ncrit =   9.000
  
   alpha    CL        CD       CDp       CM     Top_Xtr  Bot_Xtr
  ------ -------- --------- --------- -------- -------- --------
 -13.000  -1.1825   0.03188   0.02430  -0.0280   1.0000   0.1035
 -12.750  -1.1880   0.03084   0.02331  -0.0230   1.0000   0.1070
 -12.500  -1.1883   0.03006   0.02247  -0.0185   1.0000   0.1120
 -12.250  -1.1908   0.02922   0.02165  -0.0136   1.0000   0.1170
 -12.000  -1.1902   0.02853   0.02092  -0.0090   1.0000   0.1235
 -11.750  -1.1920   0.02781   0.02024  -0.0039   1.0000   0.1306
 -11.500  -1.1911   0.02721   0.01964   0.0008   1.0000   0.1395
 -11.250  -1.1885   0.02672   0.01911   0.0053   1.0000   0.1496
 -11.000  -1.1887   0.02623   0.01867   0.0104   1.0000   0.1590
 -10.750  -1.1875   0.02584   0.01829   0.0154   1.0000   0.1690
 -10.500  -1.1833   0.02559   0.01794   0.0199   1.0000   0.1788
 -10.250  -1.1798   0.02530   0.01768   0.0245   1.0000   0.1873
 -10.000  -1.1713   0.02505   0.01736   0.0282   1.0000   0.1957
  -9.750  -1.1632   0.02485   0.01714   0.0319   1.0000   0.2036
  -9.500  -1.1528   0.02463   0.01685   0.0353   1.0000   0.2113
  -9.250  -1.1421   0.02442   0.01666   0.0385   1.0000   0.2179
  -9.000  -1.1311   0.02431   0.01640   0.0418   1.0000   0.2248
  -8.750  -1.1173   0.02403   0.01620   0.0444   1.0000   0.2310
  -8.500  -1.1048   0.02390   0.01602   0.0473   1.0000   0.2376
  -8.250  -1.0892   0.02382   0.01585   0.0496   0.9996   0.2441
  -8.000  -1.0625   0.02411   0.01620   0.0496   0.9967   0.2513
  -7.750  -1.0319   0.02490   0.01685   0.0490   0.9931   0.2590
  -7.500  -1.0092   0.02461   0.01665   0.0498   0.9891   0.2656
  -7.000  -0.9195   0.02557   0.01757   0.0429   0.9654   0.2831
  -6.750  -0.8761   0.02578   0.01774   0.0400   0.9524   0.2923
  -6.500  -0.8346   0.02589   0.01788   0.0374   0.9438   0.3018
  -6.250  -0.8030   0.02583   0.01781   0.0367   0.9356   0.3104
  -6.000  -0.7707   0.02559   0.01756   0.0360   0.9264   0.3189
  -5.750  -0.7301   0.02558   0.01758   0.0337   0.9207   0.3277
  -5.250  -0.6607   0.02503   0.01703   0.0312   0.9070   0.3427
  -5.000  -0.6325   0.02472   0.01669   0.0314   0.8987   0.3510
  -4.750  -0.5920   0.02437   0.01638   0.0291   0.8931   0.3600
  -4.500  -0.5499   0.02407   0.01608   0.0266   0.8883   0.3697
  -4.250  -0.5198   0.02352   0.01553   0.0264   0.8788   0.3781
  -4.000  -0.4717   0.02303   0.01511   0.0227   0.8754   0.3881
  -3.750  -0.4504   0.02251   0.01454   0.0244   0.8640   0.3970
  -3.500  -0.4027   0.02185   0.01400   0.0208   0.8601   0.4081
  -3.250  -0.3815   0.02130   0.01341   0.0226   0.8478   0.4171
  -3.000  -0.3322   0.02046   0.01272   0.0188   0.8433   0.4292
  -2.750  -0.3107   0.01982   0.01205   0.0207   0.8285   0.4392
  -2.500  -0.2834   0.01905   0.01143   0.0213   0.8126   0.4496
  -2.000  -0.2363   0.01764   0.01011   0.0242   0.7597   0.4722
  -1.750  -0.1744   0.01626   0.00872   0.0185   0.7249   0.4898
  -1.500  -0.0532   0.01453   0.00671   0.0005   0.6654   0.5198
  -1.250  -0.0022   0.01436   0.00633  -0.0042   0.6216   0.5442
  -1.000   0.0279   0.01429   0.00625  -0.0048   0.5961   0.5725
  -0.750   0.0580   0.01407   0.00620  -0.0054   0.5770   0.6231
   0.000   0.3568   0.01761   0.01028  -0.0483   0.5252   0.8991
   0.250   0.4165   0.01847   0.01095  -0.0545   0.5157   0.9103
   0.500   0.4561   0.01906   0.01152  -0.0567   0.5080   0.9226
   0.750   0.5139   0.01962   0.01200  -0.0627   0.5001   0.9305
   1.000   0.5672   0.02015   0.01239  -0.0681   0.4931   0.9387
   1.250   0.6198   0.02047   0.01272  -0.0732   0.4857   0.9467
   1.500   0.6694   0.02077   0.01297  -0.0778   0.4796   0.9547
   1.750   0.7348   0.02110   0.01316  -0.0860   0.4730   0.9604
   2.000   0.7731   0.02122   0.01333  -0.0884   0.4674   0.9689
   2.250   0.8234   0.02128   0.01339  -0.0934   0.4615   0.9764
   2.500   0.8790   0.02134   0.01338  -0.0997   0.4558   0.9833
   2.750   0.9366   0.02145   0.01346  -0.1065   0.4503   0.9900
   3.000   0.9910   0.02109   0.01318  -0.1126   0.4444   0.9986
   3.250   1.0216   0.02119   0.01327  -0.1137   0.4398   1.0000
   3.500   1.0506   0.02144   0.01349  -0.1145   0.4356   1.0000
   3.750   1.0863   0.02185   0.01387  -0.1168   0.4309   1.0000
   4.000   1.0978   0.02200   0.01411  -0.1138   0.4273   1.0000
   4.250   1.1142   0.02219   0.01437  -0.1119   0.4232   1.0000
   4.500   1.1325   0.02238   0.01457  -0.1103   0.4187   1.0000
   4.750   1.1676   0.02277   0.01483  -0.1124   0.4122   1.0000
   5.000   1.1625   0.02277   0.01496  -0.1058   0.4076   1.0000
   5.250   1.1659   0.02282   0.01508  -0.1011   0.4022   1.0000
   5.500   1.1782   0.02292   0.01517  -0.0982   0.3969   1.0000
   5.750   1.2044   0.02324   0.01542  -0.0984   0.3911   1.0000
   6.000   1.2017   0.02328   0.01560  -0.0924   0.3868   1.0000
   6.250   1.2070   0.02337   0.01576  -0.0881   0.3818   1.0000
   6.500   1.2163   0.02344   0.01582  -0.0846   0.3766   1.0000
   6.750   1.2367   0.02370   0.01603  -0.0836   0.3713   1.0000
   7.000   1.2331   0.02377   0.01626  -0.0775   0.3667   1.0000
   7.250   1.2342   0.02384   0.01639  -0.0724   0.3610   1.0000
   7.500   1.2414   0.02389   0.01642  -0.0686   0.3557   1.0000
   7.750   1.2485   0.02407   0.01665  -0.0648   0.3504   1.0000
   8.000   1.2478   0.02422   0.01692  -0.0595   0.3450   1.0000
   8.250   1.2517   0.02433   0.01708  -0.0552   0.3396   1.0000
   8.500   1.2616   0.02447   0.01717  -0.0520   0.3342   1.0000
   8.750   1.2581   0.02469   0.01757  -0.0464   0.3282   1.0000
   9.000   1.2590   0.02487   0.01782  -0.0416   0.3219   1.0000
   9.250   1.2638   0.02507   0.01799  -0.0376   0.3159   1.0000
   9.500   1.2623   0.02537   0.01845  -0.0326   0.3079   1.0000
   9.750   1.2630   0.02565   0.01872  -0.0280   0.3003   1.0000
  10.000   1.2638   0.02603   0.01924  -0.0236   0.2908   1.0000
  10.250   1.2625   0.02648   0.01967  -0.0189   0.2808   1.0000
  10.500   1.2611   0.02703   0.02028  -0.0143   0.2682   1.0000
  10.750   1.2573   0.02774   0.02100  -0.0095   0.2521   1.0000
  11.000   1.2497   0.02871   0.02193  -0.0044   0.2306   1.0000
  11.250   1.2361   0.03012   0.02321   0.0013   0.2033   1.0000
  11.500   1.2163   0.03206   0.02497   0.0074   0.1722   1.0000
  11.750   1.1954   0.03433   0.02710   0.0130   0.1485   1.0000
  12.000   1.1766   0.03672   0.02940   0.0179   0.1341   1.0000
  12.250   1.1575   0.03937   0.03202   0.0223   0.1233   1.0000
  12.500   1.1427   0.04198   0.03465   0.0258   0.1161   1.0000
  12.750   1.1233   0.04520   0.03786   0.0289   0.1108   1.0000
  13.000   1.1115   0.04811   0.04084   0.0311   0.1061   1.0000
