1.0,0.0
0.98652630217,0.00635778738439
0.97277812087,0.0125464812923
0.958755456101,0.0185660817236
0.944458307861,0.0244165886784
0.929886676152,0.0300980021566
0.915040560973,0.0356103221584
0.899919962325,0.0409535486836
0.884524880206,0.0461276817322
0.868855314618,0.0511327213044
0.852911265559,0.0559686674
0.836692733032,0.0606355200191
0.820199717034,0.0651332791616
0.803432217566,0.0694619448276
0.786390234629,0.0736215170171
0.769073768222,0.07761199573
0.751482818345,0.0814333809664
0.733617384998,0.0850856727263
0.715477468181,0.0885688710097
0.697063067895,0.0918829758165
0.678374184139,0.0950279871468
0.659654268464,0.0980156544227
0.641146772421,0.100857727066
0.62285169601,0.103554205078
0.604769039232,0.106105088457
0.586898802086,0.108510377205
0.569240984572,0.11077007132
0.55179558669,0.112884170803
0.534562608441,0.114852675653
0.517542049824,0.116675585872
0.500733910839,0.118352901458
0.484138191486,0.119884622413
0.467754891765,0.121270748735
0.451584011677,0.122511280425
0.435625551221,0.123606217482
0.419879510397,0.124555559908
0.404345889205,0.125359307701
0.389024687646,0.126017460862
0.373915905718,0.126530019391
0.359019543423,0.126896983288
0.344335600761,0.127118352553
0.329874113395,0.127176945242
0.31564511699,0.127055579414
0.301648611548,0.126754255067
0.287884597067,0.126272972202
0.274353073547,0.12561173082
0.261054040989,0.124770530919
0.247987499393,0.123749372499
0.235153448758,0.122548255562
0.222551889085,0.121167180107
0.210182820374,0.119606146133
0.198046242624,0.117865153642
0.186142155835,0.115944202632
0.174470560009,0.113843293104
0.163031455144,0.111562425058
0.15182484124,0.109101598494
0.140850718298,0.106460813412
0.130109086318,0.103640069812
0.119599945299,0.100639367693
0.109323295242,0.097458707057
0.0992791361467,0.0940980879024
0.0895994203724,0.0906492644179
0.0804161002788,0.0872039907919
0.071729175866,0.0837622670242
0.0635386471339,0.080324093115
0.0558445140825,0.0768894690642
0.0486467767119,0.0734583948717
0.041945435022,0.0700308705377
0.0357404890128,0.0666068960621
0.0300319386844,0.0631864714448
0.0248197840367,0.059769596686
0.0201040250697,0.0563562717856
0.0158846617835,0.0529464967436
0.012161694178,0.04954027156
0.0089351222532,0.0461375962348
0.00620494600917,0.042738470768
0.00397116544587,0.0393428951596
0.0022337805633,0.0359508694096
0.000992791361467,0.032562393518
0.000248197840367,0.0291774674848
0.0,0.02579609131
0.000225066971646,0.0224079075214
0.000900267886584,0.0190025586468
0.00202560274481,0.0155800446861
0.00360107154634,0.0121403656394
0.00562667429115,0.00868352150675
0.00810241097925,0.00520951228803
0.0110282816107,0.00171833798329
0.0144042861853,-0.00179000140748
0.0182304247033,-0.00531550588427
0.0225066971646,-0.00885817544709
0.0272331035692,-0.0124180100959
0.032409643917,-0.0159950098308
0.0380363182082,-0.0195891746517
0.0441131264426,-0.0232005045586
0.0506400686203,-0.0268289995516
0.0576171447414,-0.0304746596305
0.0650443548057,-0.0341374847955
0.0729216988133,-0.0378174750465
0.0812491767642,-0.0415146303836
0.0900267886584,-0.0452289508066
0.0991993294729,-0.0488320831529
0.108711594185,-0.0521956742597
0.118563582794,-0.055319724127
0.1287552953,-0.0582042327548
0.139286731704,-0.060849200143
0.150157892005,-0.0632546262917
0.161368776204,-0.0654205112009
0.1729193843,-0.0673468548706
0.184809716293,-0.0690336573008
0.197039772184,-0.0704809184914
0.209609551971,-0.0716886384426
0.222519055657,-0.0726568171542
0.235768283239,-0.0733854546263
0.249357234719,-0.0738745508589
0.263285910096,-0.0741241058519
0.277554309371,-0.0741341196055
0.292162432543,-0.0739045921195
0.307110279612,-0.073435523394
0.322397850578,-0.072726913429
0.338025145442,-0.0717787622244
0.353839902544,-0.0707024691035
0.369689860223,-0.0696094333892
0.385575018481,-0.0684996550816
0.401495377317,-0.0673731341807
0.417450936731,-0.0662298706866
0.433441696722,-0.065069864599
0.449467657292,-0.0638931159182
0.46552881844,-0.0626996246441
0.481625180166,-0.0614893907767
0.49775674247,-0.0602624143159
0.513923505352,-0.0590186952619
0.530125468812,-0.0577582336145
0.54636263285,-0.0564810293738
0.562634997466,-0.0551870825398
0.57894256266,-0.0538763931125
0.595285328432,-0.0525489610919
0.611663294782,-0.051204786478
0.62807646171,-0.0498438692708
0.644524829217,-0.0484662094702
0.661008397301,-0.0470718070764
0.677531986262,-0.0456214925527
0.6941004164,-0.0440760963627
0.710713687714,-0.0424356185064
0.727371800204,-0.0407000589837
0.74407475387,-0.0388694177947
0.760822548712,-0.0369436949394
0.77761518473,-0.0349228904177
0.794452661925,-0.0328070042297
0.811334980295,-0.0305960363754
0.828262139842,-0.0282899868547
0.845234140565,-0.0258888556678
0.862250982465,-0.0233926428144
0.87931266554,-0.0208013482948
0.896419189791,-0.0181149721088
0.913570555219,-0.0153335142565
0.930766761823,-0.0124569747379
0.948007809603,-0.0094853535529
0.965293698559,-0.0064186507016
0.982624428691,-0.00325686618396
1.0,0.0
