1.0,0.0
0.986673058304,0.00647827715102
0.973025319736,0.0127744297675
0.959056784298,0.0188884578495
0.944767451989,0.0248203613969
0.930157322809,0.0305701404098
0.915226396758,0.0361377948881
0.899974673836,0.041523324832
0.884402154044,0.0467267302413
0.86850883738,0.051748011116
0.852294723846,0.0565871674563
0.83575981344,0.061244199262
0.818904106164,0.0657191065331
0.801727602017,0.0700118892697
0.784230300999,0.0741225474718
0.76641220311,0.0780510811394
0.748273308351,0.0817974902724
0.72981361672,0.0853617748709
0.711033128219,0.0887439349349
0.691931842846,0.0919439704643
0.672509760603,0.0949618814592
0.653071850626,0.0978232993738
0.633923082055,0.100553855662
0.615063454887,0.103153550324
0.596492969125,0.10562238336
0.578211624767,0.10796035477
0.560219421814,0.110167464553
0.542516360265,0.112243712711
0.525102440121,0.114189099242
0.507977661381,0.116003624147
0.491142024046,0.117687287425
0.474595528116,0.119240089078
0.458338173591,0.120662029104
0.442369960469,0.121953107504
0.426690888753,0.123113324278
0.411300958441,0.124142679426
0.396200169534,0.125041172947
0.381388522031,0.125808804842
0.366866015934,0.126445575111
0.35263265124,0.126951483754
0.338688427951,0.127326530771
0.324982901802,0.127541743089
0.311465628527,0.127568147635
0.298136608126,0.127405744409
0.284995840599,0.127054533412
0.272043325946,0.126514514643
0.259279064167,0.125785688102
0.246703055262,0.124868053789
0.234315299231,0.123761611705
0.222115796075,0.122466361849
0.210104545792,0.120982304222
0.198281548384,0.119309438823
0.18664680385,0.117447765652
0.17520031219,0.115397284709
0.163942073404,0.113157995995
0.152872087492,0.110729899509
0.141990354454,0.108112995252
0.13129687429,0.105307283222
0.120791647001,0.102312763421
0.110474672585,0.0991294358487
0.100345951044,0.0957573005044
0.0905622208169,0.0922937466682
0.0812802203453,0.0888361636202
0.072499949629,0.0853845513603
0.0642214086679,0.0819389098885
0.056444597462,0.0784992392048
0.0491695160114,0.0750655393092
0.0423961643159,0.0716378102018
0.0361245423757,0.0682160518824
0.0303546501907,0.0648002643512
0.0250864877609,0.0613904476081
0.0203200550863,0.0579866016531
0.016055352167,0.0545887264862
0.0122923790028,0.0511968221074
0.00903113559393,0.0478108885167
0.00627162194023,0.0444309257141
0.00401383804174,0.0410569336997
0.00225778389848,0.0376889124734
0.00100345951044,0.0343268620351
0.000250864877609,0.030970782385
0.0,0.027620673523
0.000225284759945,0.0242618772703
0.000901139039781,0.0208797354478
0.00202756283951,0.0174742480558
0.00360455615912,0.014045415094
0.00563211899863,0.0105932365626
0.00811025135803,0.00711771246154
0.0110389532373,0.00361884279081
0.0144182246365,9.66275504328e-05
0.0182480655556,-0.00344893325961
0.0225284759945,-0.00701783963931
0.0272594559534,-0.0106100915887
0.0324410054321,-0.0142256891077
0.0380731244307,-0.0178646321964
0.0441558129493,-0.0215269208547
0.0506890709877,-0.0252125550827
0.057672898546,-0.0289215348804
0.0651072956242,-0.0326538602477
0.0729922622222,-0.0364095311846
0.0813277983402,-0.0401885476913
0.0901139039781,-0.0439909097676
0.0992934916823,-0.0476849101674
0.108809474,-0.0511388416448
0.11866185093,-0.0543527041997
0.128850622473,-0.0573264978321
0.139375788629,-0.060060222542
0.150237349397,-0.0625538783294
0.161435304779,-0.0648074651943
0.172969654774,-0.0668209831367
0.184840399381,-0.0685944321566
0.197047538602,-0.070127812254
0.209591072435,-0.0714211234289
0.222471000882,-0.0724743656813
0.235687323941,-0.0732875390113
0.249240041613,-0.0738606434187
0.263129153898,-0.0741936789036
0.277354660796,-0.0742866454661
0.291916562307,-0.074139543106
0.306814858431,-0.0737523718235
0.322049549168,-0.0731251316184
0.337620634517,-0.0722578224909
0.353383525824,-0.0712561495076
0.369193634433,-0.0702258177352
0.385050960344,-0.0691668271739
0.400955503557,-0.0680791778235
0.416907264071,-0.0669628696841
0.432906241887,-0.0658179027556
0.448952437005,-0.0646442770382
0.465045849425,-0.0634419925317
0.481186479147,-0.0622110492361
0.49737432617,-0.0609514471516
0.513609390496,-0.059663186278
0.529891672123,-0.0583462666154
0.546221171052,-0.0570006881638
0.562597887283,-0.0556264509231
0.579021820816,-0.0542235548934
0.59549297165,-0.0527920000747
0.612011339787,-0.051331786467
0.628576925225,-0.0498429140702
0.645189727965,-0.0483253828844
0.661849748007,-0.0467791929096
0.678544570895,-0.0451797515264
0.695261782174,-0.0435024661156
0.712001381844,-0.0417473366773
0.728763369904,-0.0399143632113
0.745547746355,-0.0380035457177
0.762354511196,-0.0360148841965
0.779183664429,-0.0339483786476
0.796035206052,-0.0318040290712
0.812909136065,-0.0295818354671
0.82980545447,-0.0272817978355
0.846724161265,-0.0249039161762
0.86366525645,-0.0224481904893
0.880628740027,-0.0199146207748
0.897614611994,-0.0173032070326
0.914622872351,-0.0146139492629
0.9316535211,-0.0118468474655
0.948706558239,-0.00900190164058
0.965781983768,-0.006079111788
0.982879797689,-0.00307847790781
1.0,0.0
