1.0,0.0
0.989386121499,0.00701116220754
0.978233529955,0.0137947591391
0.966542225369,0.0203507907946
0.95431220774,0.0266792571742
0.941543477068,0.0327801582777
0.928236033354,0.0386534941053
0.914389876597,0.0442992646568
0.900005006797,0.0497174699324
0.885081423955,0.054908109932
0.869619128069,0.0598711846555
0.853618119142,0.0646066941031
0.837078397171,0.0691146382747
0.819999962158,0.0733950171703
0.802382814102,0.0774478307898
0.784226953004,0.0812730791334
0.765532378863,0.084870762201
0.746299091679,0.0882408799926
0.726527091452,0.0913834325082
0.706216378183,0.0942984197478
0.685366951871,0.0969858417114
0.664439364953,0.0995194782843
0.643894169864,0.101973109352
0.623731366605,0.104346734914
0.603950955176,0.10664035497
0.584552935576,0.108853969521
0.565537307806,0.110987578567
0.546904071866,0.113041182107
0.528653227755,0.115014780142
0.510784775474,0.116908372671
0.493298715023,0.118721959695
0.476195046402,0.120455541214
0.45947376961,0.122109117227
0.443134884648,0.123682687735
0.427178391515,0.125176252737
0.411604290212,0.126589812233
0.396412580739,0.127923366225
0.381603263096,0.129176914711
0.367176337282,0.130350457691
0.353131803298,0.131443995166
0.339469661144,0.132457527135
0.326079538312,0.133305602005
0.312851062295,0.133902768179
0.299784233093,0.134249025657
0.286879050706,0.13434437444
0.274135515135,0.134188814529
0.261553626378,0.133782345921
0.249133384437,0.133124968619
0.236874789311,0.132216682621
0.224777841,0.131057487928
0.212842539504,0.12964738454
0.201068884823,0.127986372456
0.189456876957,0.126074451677
0.178006515906,0.123911622203
0.166717801671,0.121497884034
0.15559073425,0.118833237169
0.144625313645,0.115917681609
0.133821539854,0.112751217354
0.123179412879,0.109333844403
0.112698932719,0.105665562758
0.102380099374,0.101746372417
0.0923980396852,0.0977107100489
0.082927880493,0.0936930123232
0.0739696217978,0.0896932792394
0.0655232635994,0.0857115107977
0.0575888058979,0.0817477069979
0.0501662486933,0.0778018678401
0.0432555919856,0.0738739933243
0.0368568357747,0.0699640834504
0.0309699800607,0.0660721382186
0.0255950248435,0.0621981576287
0.0207319701233,0.0583421416808
0.0163808158999,0.0545040903749
0.0125415621733,0.0506840037109
0.00921420894367,0.046881881689
0.00639875621088,0.043097724309
0.00409520397497,0.039331531571
0.00230355223592,0.035583303475
0.00102380099374,0.031853040021
0.000255950248435,0.0281407412089
0.0,0.0244464070389
0.000197265982712,0.0207814711699
0.000789063930849,0.0171573672613
0.00177539384441,0.0135740953131
0.00315625572339,0.0100316553251
0.0049316495678,0.0065300472975
0.00710157537764,0.0030692712302
0.00966603315289,-0.000350672876776
0.0126250228936,-0.00372978502343
0.0159785445997,-0.00706806520976
0.0197265982712,-0.0103655134358
0.0238691839082,-0.0136221297014
0.0284063015105,-0.0168379140068
0.0333379510784,-0.0200128663518
0.0386641326116,-0.0231469867365
0.0443848461102,-0.0262402751609
0.0505000915743,-0.029292731625
0.0570098690038,-0.0323043561287
0.0639141783987,-0.0352751486722
0.0712130197591,-0.0382051092552
0.0789063930849,-0.041094237878
0.0870645099556,-0.043878728635
0.0957575819507,-0.0464947756207
0.10498560907,-0.0489423788351
0.114748591314,-0.0512215382782
0.125046528683,-0.0533322539501
0.135879421176,-0.0552745258507
0.147247268793,-0.05704835398
0.159150071535,-0.0586537383381
0.171587829401,-0.0600906789249
0.184560542392,-0.0613591757404
0.198068210507,-0.0624592287846
0.212110833747,-0.0633908380576
0.226688412111,-0.0641540035592
0.2418009456,-0.0647487252897
0.257448434213,-0.0651750032488
0.27363087795,-0.0654328374366
0.290348276812,-0.0655222278532
0.307600630798,-0.0654431744985
0.325387939909,-0.0651956773726
0.343710204144,-0.0647797364753
0.36225632705,-0.0642692290659
0.380715212174,-0.0637380324034
0.399086859515,-0.0631861464879
0.417371269073,-0.0626135713192
0.435568440848,-0.0620203068975
0.453678374841,-0.0614063532227
0.471701071051,-0.0607717102948
0.489636529478,-0.0601163781138
0.507484750123,-0.0594403566798
0.525245732985,-0.0587436459927
0.542919478064,-0.0580262460525
0.560505985361,-0.0572881568592
0.578005254875,-0.0565293784128
0.595417286606,-0.0557499107134
0.612742080555,-0.0549497537609
0.629979636721,-0.0541289075553
0.647129955104,-0.0532873720966
0.664193035704,-0.0524251473849
0.681168878522,-0.05154223342
0.698057483558,-0.0506386302021
0.714815076685,-0.0496437831744
0.731397883781,-0.0484871377801
0.747805904844,-0.0471686940192
0.764039139876,-0.0456884518918
0.780097588875,-0.0440464113978
0.795981251842,-0.0422425725373
0.811690128776,-0.0402769353101
0.827224219679,-0.0381494997164
0.842583524549,-0.0358602657562
0.857768043388,-0.0334092334294
0.872777776194,-0.030796402736
0.887612722968,-0.028021773676
0.902272883709,-0.0250853462495
0.916758258419,-0.0219871204564
0.931068847096,-0.0187270962968
0.945204649741,-0.0153052737705
0.959165666354,-0.0117216528778
0.972951896935,-0.0079762336184
0.986563341484,-0.00406901599248
1.0,0.0
