1.0,0.0
0.989198335227,0.00694419365318
0.977884445151,0.0136676023731
0.96605832977,0.0201702261596
0.953719989084,0.0264520650129
0.940869423094,0.0325131189328
0.9275066318,0.0383533879195
0.913631615202,0.0439728719728
0.899244373299,0.0493715710929
0.884344906092,0.0545494852796
0.868933213581,0.059506614533
0.853009295765,0.0642429588531
0.836573152645,0.0687585182399
0.819624784221,0.0730532926934
0.802164190493,0.0771272822136
0.78419137146,0.0809804868005
0.765706327123,0.084612906454
0.746709057481,0.0880245411743
0.727199562535,0.0912153909613
0.707177842285,0.0941854558149
0.686643896731,0.0969347357353
0.666036904358,0.0995330583719
0.645796043652,0.102050251374
0.625921314613,0.104486314743
0.606412717241,0.106841248477
0.587270251536,0.109115052577
0.568493917498,0.111307727042
0.550083715128,0.113419271874
0.532039644424,0.115449687071
0.514361705388,0.117398972634
0.497049898018,0.119267128563
0.480104222316,0.121054154858
0.46352467828,0.122760051519
0.447311265912,0.124384818545
0.431463985211,0.125928455937
0.415982836177,0.127390963696
0.400867818809,0.128772341819
0.386118933109,0.130072590309
0.371736179076,0.131291709165
0.35771955671,0.132429698386
0.344069066011,0.133486557973
0.330676583246,0.13437453896
0.31743398468,0.135005892378
0.304341270315,0.135380618229
0.291398440149,0.135498716512
0.278605494183,0.135360187227
0.265962432417,0.134965030374
0.253469254851,0.134313245954
0.241125961484,0.133404833966
0.228932552318,0.13223979441
0.216889027351,0.130818127286
0.204995386585,0.129139832595
0.193251630018,0.127204910336
0.181657757651,0.125013360509
0.170213769484,0.122565183114
0.158919665517,0.119860378152
0.147775445749,0.116898945622
0.136781110182,0.113680885524
0.125936658814,0.110206197858
0.115242091647,0.106474882624
0.104697408679,0.102486939823
0.0944894113327,0.0983788738397
0.0848049010299,0.0942871890596
0.0756438777705,0.0902118854829
0.0670063415545,0.0861529631096
0.0588922923819,0.0821104219397
0.0513017302527,0.0780842619731
0.0442346551668,0.0740744832099
0.0376910671244,0.0700810856501
0.0316709661254,0.0661040692937
0.0261743521697,0.0621434341406
0.0212012252575,0.0581991801909
0.0167515853886,0.0542713074446
0.0128254325632,0.0503598159017
0.0094227667811,0.0464647055621
0.00654358804243,0.042585976426
0.00418789634716,0.0387236284932
0.00235569169528,0.0348776617638
0.00104697408679,0.0310480762377
0.000261743521697,0.0272348719151
0.0,0.0234380487958
0.000198499424207,0.0196733485824
0.000793997696826,0.0159565129773
0.00178649481786,0.0122875419805
0.00317599078731,0.00866643559203
0.00496248560517,0.0050931938119
0.00714597927144,0.0015678166401
0.00972647178612,-0.00190969592338
0.0127039631492,-0.00533934387853
0.0160784533607,-0.00872112722536
0.0198499424207,-0.0120550459639
0.024018430329,-0.015341100094
0.0285839170858,-0.0185792896159
0.0335464026909,-0.0217696145294
0.0389058871445,-0.0249120748346
0.0446623704465,-0.0280066705315
0.0508158525969,-0.03105340162
0.0573663335957,-0.0340522681003
0.0643138134429,-0.0370032699722
0.0716582921386,-0.0399064072358
0.0793997696826,-0.042761679891
0.0876229920115,-0.0455097150171
0.0964127050614,-0.0480911396932
0.105768908832,-0.0505059539194
0.115691603325,-0.0527541576955
0.126180788538,-0.0548357510217
0.137236464472,-0.056750733898
0.148858631128,-0.0584991063242
0.161047288504,-0.0600808683005
0.173802436602,-0.0614960198267
0.187124075421,-0.0627445609031
0.201012204961,-0.0638264915294
0.215466825222,-0.0647418117058
0.230487936204,-0.0654905214321
0.246075537907,-0.0660726207085
0.262229630332,-0.066488109535
0.278950213477,-0.0667369879114
0.296237287344,-0.0668192558379
0.314090851931,-0.0667349133144
0.33251090724,-0.0664839603409
0.35149745327,-0.0660663969175
0.370667782397,-0.0655506362803
0.389639186996,-0.0650050916655
0.408411667068,-0.0644297630731
0.426985222613,-0.0638246505032
0.445359853631,-0.0631897539557
0.463535560121,-0.0625250734307
0.481512342084,-0.0618306089281
0.499290199519,-0.0611063604479
0.516869132427,-0.0603523279902
0.534249140808,-0.0595685115549
0.551430224661,-0.058754911142
0.568412383987,-0.0579115267516
0.585195618786,-0.0570383583836
0.601779929057,-0.056135406038
0.618165314802,-0.0552026697149
0.634351776018,-0.0542401494142
0.650339312708,-0.053247845136
0.66612792487,-0.0522257568802
0.681717612504,-0.0511738846468
0.697108375612,-0.0500922284359
0.712392340474,-0.048925277075
0.727661633374,-0.047617519392
0.742916254312,-0.0461689553868
0.758156203287,-0.0445795850593
0.7733814803,-0.0428494084097
0.78859208535,-0.0409784254378
0.803788018438,-0.0389666361437
0.818969279564,-0.0368140405275
0.834135868727,-0.034520638589
0.849287785927,-0.0320864303283
0.864425031165,-0.0295114157454
0.879547604441,-0.0267955948403
0.894655505755,-0.023938967613
0.909748735105,-0.0209415340635
0.924827292494,-0.0178032941917
0.93989117792,-0.0145242479978
0.954940391384,-0.0111043954817
0.969974932885,-0.00754373664332
0.984994802424,-0.00384227148276
1.0,0.0
