1.0,0.0
0.987845683551,0.00646603470485
0.975337278402,0.0127569743238
0.962474784553,0.0188728188569
0.949258202005,0.024813568304
0.935687530757,0.0305792226653
0.921762770809,0.0361697819406
0.907483922161,0.04158524613
0.892850984814,0.0468256152336
0.877863958767,0.0518908892512
0.86252284402,0.056781068183
0.846827640573,0.0614961520288
0.830778348427,0.0660361407887
0.814374967581,0.0704010344628
0.797617498035,0.0745908330509
0.780505939789,0.0786055365531
0.763040292844,0.0824451449695
0.745220557198,0.0861096582999
0.727046732853,0.0895990765444
0.708518819809,0.0929133997031
0.689636818064,0.0960526277758
0.670678079632,0.0990285801247
0.651919956523,0.101853076112
0.633362448737,0.104526115737
0.615005556276,0.107047699001
0.596849279137,0.109417825903
0.578893617323,0.111636496443
0.561138570832,0.113703710622
0.543584139664,0.115619468439
0.52623032382,0.117383769894
0.5090771233,0.118996614988
0.492124538103,0.120458003719
0.47537256823,0.121767936089
0.45882121368,0.122926412098
0.442470474454,0.123933431744
0.426320350552,0.124788995029
0.410370841973,0.125493101952
0.394621948718,0.126045752514
0.379073670786,0.126446946713
0.363726008178,0.126696684551
0.348578960893,0.126794966027
0.333660750305,0.126735059383
0.318999597787,0.126510232857
0.304595503338,0.126120486452
0.290448466958,0.125565820165
0.276558488648,0.124846233999
0.262925568408,0.123961727951
0.249549706236,0.122912302024
0.236430902135,0.121697956216
0.223569156102,0.120318690527
0.21096446814,0.118774504958
0.198616838246,0.117065399508
0.186526266423,0.115191374178
0.174692752668,0.113152428968
0.163116296983,0.110948563877
0.151796899368,0.108579778905
0.140734559822,0.106046074053
0.129929278346,0.103347449321
0.119381054939,0.100483904708
0.109089889601,0.0974554402147
0.0990557823331,0.0942620558408
0.0893978435556,0.0909841785825
0.0802351836898,0.0877022354358
0.0715678027356,0.0844162264005
0.0633957006932,0.0811261514768
0.0557188775623,0.0778320106646
0.0485373333432,0.0745338039639
0.0418510680357,0.0712315313747
0.0356600816399,0.0679251928971
0.0299643741557,0.0646147885309
0.0247639455833,0.0613003182763
0.0200587959224,0.0579817821333
0.0158489251733,0.0546591801017
0.0121343333358,0.0513325121817
0.00891502040997,0.0480017783732
0.00619098639582,0.0446669786762
0.00396223129332,0.0413281130907
0.00222875510249,0.0379851816168
0.000990557823331,0.0346381842543
0.000247639455833,0.0312871210034
0.0,0.027931991864
0.000249124883356,0.0245623650324
0.000996499533425,0.0211678087047
0.00224212395021,0.0177483228809
0.0039859981337,0.0143039075611
0.00622812208391,0.0108345627452
0.00896849580083,0.00734028843329
0.0122071192845,0.00382108462529
0.0159439925348,0.000276951321232
0.0201791155519,-0.00329211147888
0.0249124883356,-0.00688610377506
0.0301441108861,-0.0105050255673
0.0358739832033,-0.0141488768556
0.0421021052872,-0.0178176576399
0.0488284771378,-0.0215113679203
0.0560530987552,-0.0252300076968
0.0637759701392,-0.0289735769693
0.07199709129,-0.0327420757379
0.0807164622075,-0.0365355040026
0.0899340828917,-0.0403538617633
0.0996499533425,-0.04419714902
0.109716336944,-0.0479297130332
0.119985497081,-0.0514159010632
0.130457433752,-0.0546557131101
0.141132146958,-0.0576491491738
0.152009636698,-0.0603962092543
0.163089902974,-0.0628968933516
0.174372945784,-0.0651512014658
0.185858765129,-0.0671591335967
0.197547361009,-0.0689206897446
0.209438733424,-0.0704358699092
0.221532882373,-0.0717046740906
0.233829807857,-0.0727271022889
0.246329509876,-0.0735031545041
0.259031988429,-0.074032830736
0.271937243518,-0.0743161309848
0.285045275141,-0.0743530552503
0.298356083299,-0.0741436035328
0.311869667992,-0.073687775832
0.325586029219,-0.0729855721481
0.339505166981,-0.072036992481
0.353621322171,-0.0709548685888
0.36792873568,-0.0698520322298
0.382427407508,-0.0687284834038
0.397117337656,-0.0675842221109
0.411998526123,-0.0664192483512
0.42707097291,-0.0652335621245
0.442334678017,-0.0640271634309
0.457789641443,-0.0628000522704
0.473435863188,-0.061552228643
0.489273343253,-0.0602836925486
0.505302081638,-0.0589944439874
0.521522078342,-0.0576844829593
0.537933333365,-0.0563538094642
0.554535846708,-0.0550024235023
0.571329618371,-0.0536303250734
0.588314648353,-0.0522375141776
0.605490936654,-0.0508239908149
0.622858483275,-0.0493897549853
0.640417288216,-0.0479348066888
0.658167351476,-0.0464591459254
0.675975340896,-0.0449312819136
0.693707924317,-0.0433197238718
0.711365101738,-0.0416244718001
0.72894687316,-0.0398455256984
0.746453238583,-0.0379828855669
0.763884198006,-0.0360365514053
0.78123975143,-0.0340065232138
0.798519898855,-0.0318928009924
0.81572464028,-0.0296953847411
0.832853975706,-0.0274142744598
0.849907905133,-0.0250494701485
0.86688642856,-0.0226009718073
0.883789545988,-0.0200687794362
0.900617257416,-0.0174528930351
0.917369562845,-0.0147533126041
0.934046462275,-0.0119700381432
0.950647955705,-0.0091030696523
0.967174043136,-0.00615240713148
0.983624724568,-0.00311805058071
1.0,0.0
