1.0,0.0
0.986467843813,0.00628566754677
0.972664075716,0.0124084682083
0.958588695708,0.0183684019847
0.944241703788,0.0241654688758
0.929623099959,0.0297996688817
0.914732884218,0.0352710020024
0.899571056567,0.0405794682378
0.884137617005,0.0457250675881
0.868432565532,0.0507078000531
0.852455902148,0.0555276656329
0.836207626854,0.0601846643275
0.819687739648,0.0646787961369
0.802896240532,0.0690100610611
0.785833129506,0.0731784591
0.768498406568,0.0771839902537
0.75089207172,0.0810266545223
0.733014124961,0.0847064519055
0.714864566291,0.0882233824036
0.69644339571,0.0915774460165
0.677750613219,0.0947686427441
0.659033735199,0.0978034925885
0.640540278031,0.100688515552
0.622270241717,0.103423711634
0.604223626255,0.106009080834
0.586400431647,0.108444623154
0.568800657891,0.110730338592
0.551424304988,0.112866227149
0.534271372938,0.114852288825
0.517341861741,0.116688523619
0.500635771397,0.118374931532
0.484153101906,0.119911512564
0.467893853267,0.121298266715
0.451858025482,0.122535193985
0.436045618549,0.123622294373
0.42045663247,0.12455956788
0.405091067243,0.125347014506
0.389948922869,0.12598463425
0.375030199348,0.126472427113
0.360334896681,0.126810393095
0.345863014865,0.126998532196
0.331609021135,0.12702506218
0.317567382722,0.126878200813
0.303738099626,0.126557948093
0.290121171847,0.126064304021
0.276716599385,0.125397268597
0.26352438224,0.124556841821
0.250544520411,0.123543023694
0.2377770139,0.122355814214
0.225221862706,0.120995213382
0.212879066829,0.119461221198
0.200748626268,0.117753837662
0.188830541025,0.115873062775
0.177124811099,0.113818896535
0.165631436489,0.111591338943
0.154350417197,0.109190389999
0.143281753222,0.106616049703
0.132425444563,0.103868318055
0.121781491222,0.100947195056
0.111349893197,0.0978526807038
0.10113065049,0.094584775
0.091270412067,0.0912287329264
0.0819158268967,0.087869809465
0.0730668949789,0.084508004616
0.0647236163135,0.0811433183793
0.0568859909005,0.077775750755
0.04955401874,0.0744053017429
0.0427276998319,0.0710319713432
0.0364070341763,0.0676557595558
0.0305920217732,0.0642766663808
0.0252826626225,0.060894691818
0.0204789567242,0.0575098358676
0.0161809040784,0.0541220985295
0.012388504685,0.0507314798037
0.00910175854408,0.0473379796903
0.00632066565561,0.0439415981892
0.00404522601959,0.0405423353004
0.00227543963602,0.0371401910239
0.0010113065049,0.0337351653597
0.000252826626225,0.0303272583079
0.0,0.0269164698684
0.000238165887594,0.0234977915286
0.000952663550375,0.020066214776
0.00214349298834,0.0166217396105
0.0038106542015,0.0131643660322
0.00595414718984,0.00969409404103
0.00857397195338,0.00621092363703
0.0116701284921,0.00271485482018
0.015242616806,-0.000794112409522
0.0192914368951,-0.00431597805207
0.0238165887594,-0.00785074210746
0.0288180723988,-0.0113984045757
0.0342958878135,-0.0149589654568
0.0402500350033,-0.0185324247507
0.0466805139684,-0.0221187824575
0.0535873247086,-0.0257180385771
0.060970467224,-0.0293301931096
0.0688299415146,-0.0329552460549
0.0771657475804,-0.036593197413
0.0859778854214,-0.0402440471841
0.0952663550375,-0.0439077953679
0.104923726034,-0.0474639119409
0.114842568018,-0.0507918668794
0.125022880988,-0.0538916601834
0.135464664944,-0.0567632918528
0.146167919887,-0.0594067618878
0.157132645816,-0.0618220702882
0.168358842732,-0.064009217054
0.179846510634,-0.0659682021854
0.191595649523,-0.0676990256822
0.203606259398,-0.0692016875446
0.215878340259,-0.0704761877723
0.228411892107,-0.0715225263656
0.241206914942,-0.0723407033244
0.254263408763,-0.0729307186486
0.26758137357,-0.0732925723383
0.281160809364,-0.0734262643935
0.295001716144,-0.0733317948141
0.309104093911,-0.0730091636003
0.323467942664,-0.0724583707519
0.338093262404,-0.071679416269
0.352920330291,-0.0707690975613
0.367889423485,-0.0698242120386
0.383000541986,-0.068844759701
0.398253685795,-0.0678307405483
0.413648854912,-0.0667821545807
0.429186049335,-0.065699001798
0.444865269067,-0.0645812822004
0.460686514105,-0.0634289957878
0.476649784452,-0.0622421425601
0.492755080105,-0.0610207225175
0.509002401066,-0.0597647356599
0.525391747335,-0.0584741819873
0.541923118911,-0.0571490614997
0.558596515794,-0.0557893741971
0.575411937985,-0.0543951200795
0.592369385484,-0.0529662991469
0.609468858289,-0.0515029113993
0.626710356403,-0.0500049568367
0.644093879823,-0.0484724354592
0.661619428551,-0.0469053472666
0.679182113293,-0.0452829308784
0.696677044753,-0.0435844249138
0.714104222933,-0.041809829373
0.731463647831,-0.0399591442557
0.748755319449,-0.0380323695622
0.765979237785,-0.0360295052924
0.783135402841,-0.0339505514462
0.800223814616,-0.0317955080237
0.81724447311,-0.0295643750248
0.834197378323,-0.0272571524496
0.851082530255,-0.0248738402981
0.867899928906,-0.0224144385703
0.884649574276,-0.0198789472662
0.901331466365,-0.0172673663857
0.917945605173,-0.0145796959289
0.9344919907,-0.0118159358958
0.950970622947,-0.00897608628632
0.967381501912,-0.00606014710054
0.983724627597,-0.00306811833843
1.0,0.0
