1.0,0.0
0.986310858015,0.00621983067959
0.972384293352,0.0122801103399
0.958220306009,0.0181808389809
0.943818895988,0.0239220166027
0.929180063288,0.0295036432052
0.914303807909,0.0349257187884
0.899190129852,0.0401882433523
0.883839029115,0.0452912168969
0.8682505057,0.0502346394223
0.852424559606,0.0550185109284
0.836361190833,0.0596428314152
0.820060399381,0.0641076008827
0.803522185251,0.0684128193309
0.786746548441,0.0725584867599
0.769733488953,0.0765446031696
0.752483006786,0.08037116856
0.73499510194,0.0840381829311
0.717269774415,0.087545646283
0.699307024212,0.0908935586156
0.68110685133,0.0940819199289
0.662868709805,0.0971172801006
0.644792053676,0.100006189009
0.62687688294,0.102748646653
0.6091231976,0.105344653034
0.591530997654,0.10779420815
0.574100283103,0.110097312003
0.556831053946,0.112253964593
0.539723310184,0.114264165918
0.522777051816,0.11612791598
0.505992278844,0.117845214778
0.489368991265,0.119416062312
0.472907189082,0.120840458583
0.456606872293,0.12211840359
0.440468040899,0.123249897333
0.424490694899,0.124234939812
0.408674834294,0.125073531028
0.393020459083,0.12576567098
0.377527569268,0.126311359668
0.362196164846,0.126710597092
0.34702624582,0.126963383253
0.332069130795,0.127054235211
0.317376138381,0.12696767003
0.302947268577,0.126703687708
0.288782521384,0.126262288246
0.2748818968,0.125643471644
0.261245394827,0.124847237902
0.247873015463,0.12387358702
0.23476475871,0.122722518997
0.221920624567,0.121394033835
0.209340613034,0.119888131532
0.197024724111,0.118204812089
0.184972957799,0.116344075505
0.173185314096,0.114305921782
0.161661793004,0.112090350918
0.150402394522,0.109697362915
0.13940711865,0.107126957771
0.128675965388,0.104379135487
0.118208934736,0.101453896062
0.108006026695,0.0983512394981
0.0980672412634,0.0950711657935
0.0885056852402,0.0917023850522
0.0794344654233,0.0883336073778
0.0708535818128,0.0849648327701
0.0627630344086,0.0815960612292
0.0551628232107,0.0782272927552
0.0480529482191,0.0748585273479
0.0414334094338,0.0714897650074
0.0353042068548,0.0681210057337
0.0296653404822,0.0647522495268
0.0245168103158,0.0613834963868
0.0198586163558,0.0580147463135
0.0156907586021,0.054645999307
0.0120132370548,0.0512772553673
0.00882605171371,0.0479085144944
0.00612920257896,0.0445397766884
0.00392268965054,0.0411710419491
0.00220651292843,0.0378023102766
0.000980672412634,0.0344335816709
0.000245168103158,0.031064856132
0.0,0.0276961336599
0.000241396028793,0.0243167555496
0.000965584115171,0.0209160630963
0.00217256425914,0.0174940562998
0.00386233646069,0.0140507351603
0.00603490071982,0.0105860996776
0.00869025703654,0.00710014985181
0.0118284054108,0.00359288568293
0.0154493458427,6.43071709335e-05
0.0195530783322,-0.00348558568417
0.0241396028793,-0.00705679288237
0.0292089194839,-0.0106493144237
0.0347610281462,-0.0142631503081
0.040795928866,-0.0178983005356
0.0473136216434,-0.0215547651063
0.0543141064784,-0.02523254402
0.061797383371,-0.0289316372768
0.0697634523211,-0.0326520448768
0.0782123133289,-0.0363937668199
0.0871439663942,-0.040156803106
0.0965584115171,-0.0439411537353
0.106333471539,-0.0476158977954
0.116346969301,-0.051050114374
0.126598904803,-0.0542438034712
0.137089278045,-0.057196965087
0.147818089028,-0.0599095992213
0.158785337751,-0.0623817058742
0.169991024213,-0.0646132850456
0.181435148417,-0.0666043367356
0.19311771036,-0.0683548609441
0.205038710043,-0.0698648576711
0.217198147467,-0.0711343269168
0.229596022631,-0.0721632686809
0.242232335534,-0.0729516829637
0.255107086179,-0.073499569765
0.268220274563,-0.0738069290848
0.281571900687,-0.0738737609232
0.295161964552,-0.0737000652801
0.308990466157,-0.0732858421556
0.323057405502,-0.0726310915497
0.337362782587,-0.0717358134622
0.351874017278,-0.0707079487757
0.366558529441,-0.0696554383723
0.381416319077,-0.068578282252
0.396447386184,-0.0674764804149
0.411651730763,-0.066350032861
0.427029352814,-0.0651989395902
0.442580252337,-0.0640232006025
0.458304429332,-0.062822815898
0.474201883799,-0.0615977854766
0.490272615737,-0.0603481093384
0.506516625148,-0.0590737874833
0.522933912031,-0.0577748199114
0.539524476386,-0.0564512066227
0.556288318212,-0.055102947617
0.573225437511,-0.0537300428946
0.590335834282,-0.0523324924552
0.607619508524,-0.0509102962991
0.625076460239,-0.0494634544261
0.642706689425,-0.0479919668362
0.660510196083,-0.0464958335295
0.678354558718,-0.0449465605887
0.696107355832,-0.0433156540969
0.713768587427,-0.0416031140539
0.731338253502,-0.0398089404598
0.748816354057,-0.0379331333145
0.766202889092,-0.0359756926182
0.783497858607,-0.0339366183707
0.800701262603,-0.031815910572
0.817813101078,-0.0296135692222
0.834833374034,-0.0273295943213
0.85176208147,-0.0249639858693
0.868599223386,-0.0225167438661
0.885344799782,-0.0199878683118
0.901998810659,-0.0173773592064
0.918561256015,-0.0146852165498
0.935032135852,-0.0119114403421
0.951411450169,-0.00905603058329
0.967699198966,-0.00611898727332
0.983895382243,-0.00310031041223
1.0,0.0
