1.0,0.0
0.989071814218,0.00686966461752
0.977656785436,0.0135222761815
0.965754913656,0.019957834692
0.953366198877,0.026176340149
0.940490641099,0.0321777925525
0.927128240322,0.0379621919024
0.913278996546,0.0435295381989
0.898942909772,0.0488798314418
0.884119979998,0.0540130716312
0.868810207225,0.0589292587671
0.853013591454,0.0636283928495
0.836730132684,0.0681104738784
0.819959830914,0.0723755018537
0.802702686146,0.0764234767756
0.784958698379,0.0802543986439
0.766727867613,0.0838682674587
0.748010193848,0.0872650832201
0.728805677084,0.0904448459279
0.709114317322,0.0934075555821
0.68893611456,0.0961532121829
0.66867298548,0.0987403600611
0.648726846761,0.101227543548
0.629097698403,0.103614762643
0.609785540408,0.105902017346
0.590790372773,0.108089307658
0.5721121955,0.110176633578
0.553751008589,0.112163995106
0.535706812039,0.114051392243
0.517979605851,0.115838824988
0.500569390024,0.117526293342
0.483476164558,0.119113797304
0.466699929454,0.120601336874
0.450240684712,0.121988912053
0.434098430331,0.12327652284
0.418273166311,0.124464169236
0.402764892653,0.125551851239
0.387573609357,0.126539568852
0.372699316422,0.127427322072
0.358142013848,0.128215110901
0.343901701636,0.128902935339
0.329918075617,0.129433222841
0.31613083162,0.129748400867
0.302539969647,0.129848469414
0.289145489697,0.129733428484
0.27594739177,0.129403278077
0.262945675867,0.128858018192
0.250140341987,0.128097648829
0.23753139013,0.127122169989
0.225118820296,0.125931581671
0.212902632486,0.124525883876
0.200882826699,0.122905076603
0.189059402935,0.121069159853
0.177432361195,0.119018133625
0.166001701477,0.116751997919
0.154767423783,0.114270752736
0.143729528112,0.111574398075
0.132888014465,0.108662933937
0.122242882841,0.105536360321
0.111794133239,0.102194677228
0.101541765662,0.0986378846569
0.0916414435096,0.0949734197475
0.0822488301859,0.0913087196389
0.0733639256905,0.0876437843311
0.0649867300235,0.083978613824
0.0571172431847,0.0803132081176
0.0497554651742,0.0766475672121
0.0429013959921,0.0729816911072
0.0365550356382,0.0693155798032
0.0307163841127,0.0656492332999
0.0253854414154,0.0619826515973
0.0205622075465,0.0583158346955
0.0162466825059,0.0546487825945
0.0124388662936,0.0509814952942
0.00913875890955,0.0473139727947
0.00634636035385,0.0436462150959
0.00406167062647,0.0399782221979
0.00228468972739,0.0363099941006
0.00101541765662,0.0326415308041
0.000253854414154,0.0289728323084
0.0,0.0253038986134
0.000219136638149,0.0216502515855
0.000876546552596,0.0180274130911
0.00197222974334,0.0144353831302
0.00350618621039,0.0108741617028
0.00547841595373,0.00734374880883
0.00788891897337,0.00384414444836
0.0107376952693,0.000375348621365
0.0140247448415,-0.00306263867215
0.0177500676901,-0.00646981743218
0.0219136638149,-0.00984618765873
0.026515533216,-0.0131917493518
0.0315556758935,-0.0165065025114
0.0370340918472,-0.0197904471375
0.0429507810772,-0.0230435832301
0.0493057435835,-0.0262659107893
0.0560989793662,-0.029457429815
0.0633304884251,-0.0326181403072
0.0710002707603,-0.0357480422659
0.0791083263718,-0.0388471356911
0.0876546552596,-0.0419154205829
0.0966390167419,-0.0448758014802
0.106061170137,-0.0476511829222
0.115921115444,-0.0502415649089
0.126218852665,-0.0526469474403
0.136954381798,-0.0548673305164
0.148127702843,-0.0569027141371
0.159738815801,-0.0587530983025
0.171787720672,-0.0604184830126
0.184274417455,-0.0618988682673
0.197198906152,-0.0631942540668
0.21056118676,-0.0643046404109
0.224361259282,-0.0652300272997
0.238599123716,-0.0659704147331
0.253274780062,-0.0665258027112
0.268388228322,-0.066896191234
0.283939468494,-0.0670815803015
0.299928500578,-0.0670819699137
0.316355324576,-0.0668973600705
0.333219940486,-0.066527750772
0.350522348308,-0.0659731420182
0.368026799508,-0.0653150951571
0.385497545551,-0.0646351715368
0.402934586437,-0.0639333711572
0.420337922165,-0.0632096940184
0.437707552736,-0.0624641401204
0.45504347815,-0.0616967094631
0.472345698406,-0.0609074020466
0.489614213505,-0.0600962178708
0.506849023447,-0.0592631569358
0.524050128231,-0.0584082192416
0.541217527859,-0.0575314047881
0.558351222328,-0.0566327135754
0.575451211641,-0.0557121456035
0.592517495796,-0.0547697008723
0.609550074794,-0.0538053793819
0.626548948634,-0.0528191811322
0.643514117317,-0.0518111061233
0.660445580843,-0.0507811543552
0.677343339212,-0.0497293258279
0.694207392423,-0.0486556205413
0.710976714543,-0.047503570007
0.727590279638,-0.0462167057366
0.744048087707,-0.0447950277302
0.760350138751,-0.0432385359877
0.776496432769,-0.0415472305091
0.792486969762,-0.0397211112944
0.80832174973,-0.0377601783436
0.824000772672,-0.0356644316568
0.839524038589,-0.0334338712339
0.85489154748,-0.0310684970748
0.870103299346,-0.0285683091797
0.885159294187,-0.0259333075485
0.900059532003,-0.0231634921813
0.914804012793,-0.0202588630779
0.929392736557,-0.0172194202385
0.943825703297,-0.0140451636629
0.958102913011,-0.0107360933513
0.972224365699,-0.00729220930364
0.986190061362,-0.00371351151986
1.0,0.0
