1.0,0.0
0.989886316834,0.00700182814704
0.979241818054,0.013778669504
0.968066503662,0.020330524071
0.956360373656,0.0266573918479
0.944123428038,0.0327592728348
0.931355666806,0.0386361670316
0.918057089962,0.0442880744384
0.904227697504,0.0497149950552
0.889867489433,0.0549169288819
0.87497646575,0.0598938759186
0.859554626453,0.0646458361652
0.843601971543,0.0691728096218
0.82711850102,0.0734747962883
0.810104214884,0.0775517961648
0.792559113135,0.0814038092513
0.774483195773,0.0850308355477
0.755876462798,0.0884328750541
0.73673891421,0.0916099277705
0.717070550009,0.0945619936968
0.696871370194,0.097289072833
0.676562950353,0.0998565654708
0.65656686607,0.102329871902
0.636883117347,0.104708992125
0.617511704181,0.106993926142
0.598452626575,0.109184673952
0.579705884527,0.111281235555
0.561271478038,0.11328361095
0.543149407108,0.115191800139
0.525339671737,0.117005803121
0.507842271924,0.118725619896
0.49065720767,0.120351250463
0.473784478975,0.121882694824
0.457224085839,0.123319952978
0.440976028261,0.124663024925
0.425040306242,0.125911910664
0.409416919782,0.127066610197
0.39410586888,0.128127123523
0.379107153538,0.129093450642
0.364420773754,0.129965591553
0.350046729528,0.130743546258
0.335924465037,0.131361022882
0.321993424456,0.131751729552
0.308253607784,0.131915666268
0.294705015022,0.13185283303
0.281347646169,0.131563229838
0.268181501226,0.131046856691
0.255206580193,0.13030371359
0.242422883069,0.129333800536
0.229830409855,0.128137117527
0.217429160551,0.126713664563
0.205219135156,0.125063441646
0.193200333671,0.123186448775
0.181372756095,0.121082685949
0.169736402429,0.118752153169
0.158291272673,0.116194850435
0.147037366826,0.113410777747
0.135974684889,0.110399935105
0.125103226861,0.107162322509
0.114422992743,0.103697939958
0.103933982535,0.100006787454
0.0938004192378,0.0962023290699
0.0841865258533,0.0923980288827
0.0750923023815,0.0885938868919
0.0665177488224,0.0847899030973
0.0584628651759,0.0809860774992
0.0509276514421,0.0771824100974
0.043912107621,0.0733789008919
0.0374162337126,0.0695755498828
0.0314400297168,0.06577235707
0.0259834956337,0.0619693224536
0.0210466314633,0.0581664460336
0.0166294372056,0.0543637278098
0.0127319128605,0.0505611677825
0.00935405842815,0.0467587659515
0.00649587390844,0.0429565223168
0.0041573593014,0.0391544368785
0.00233851460704,0.0353525096366
0.00103933982535,0.0315507405909
0.000259834956337,0.0277491297417
0.0,0.0239476770888
0.0001954517492,0.0201681767616
0.000781806996801,0.0164324228896
0.0017590657428,0.0127404154727
0.00312722798721,0.0090921545109
0.00488629373001,0.00548764000425
0.00703626297121,0.00192687195274
0.00957713571082,-0.00159014964365
0.0125089119488,-0.0050634247849
0.0158315916852,-0.00849295347102
0.01954517492,-0.011878735702
0.0236496616532,-0.0152207714779
0.0281450518848,-0.0185190607986
0.0330313456149,-0.0217736036642
0.0383085428433,-0.0249844000747
0.0439766435701,-0.02815145003
0.0500356477953,-0.0312747535302
0.0564855555189,-0.0343543105753
0.0633263667409,-0.0373901211652
0.0705580814613,-0.0403821853001
0.0781806996801,-0.0433305029797
0.0862632970259,-0.0461673555808
0.0948749491273,-0.0488250244798
0.104015655984,-0.0513035096767
0.113685417597,-0.0536028111715
0.123884233965,-0.0557229289641
0.134612105088,-0.0576638630547
0.145869030968,-0.0594256134432
0.157655011602,-0.0610081801296
0.169970046993,-0.0624115631139
0.182814137139,-0.0636357623961
0.19618728204,-0.0646807779762
0.210089481697,-0.0655466098542
0.22452073611,-0.0662332580302
0.239481045278,-0.066740722504
0.254970409202,-0.0670690032757
0.270988827881,-0.0672181003453
0.287536301316,-0.0671880137129
0.304612829507,-0.0669787433783
0.322218412453,-0.0665902893416
0.340353050154,-0.0660226516029
0.358703830445,-0.0653508000229
0.376957841157,-0.0646497044628
0.395115082292,-0.0639193649223
0.413175553849,-0.0631597814016
0.431139255828,-0.0623709539007
0.449006188228,-0.0615528824195
0.466776351052,-0.0607055669581
0.484449744297,-0.0598290075164
0.502026367964,-0.0589232040944
0.519506222053,-0.0579881566922
0.536889306565,-0.0570238653098
0.554175621498,-0.0560303299471
0.571365166854,-0.0550075506041
0.588457942631,-0.0539555272809
0.605453948831,-0.0528742599774
0.622353185453,-0.0517637486937
0.639155652497,-0.0506239934298
0.655861349963,-0.0494549941855
0.672470277851,-0.0482567509611
0.688982436162,-0.0470292637563
0.705400564917,-0.0457316868619
0.721727404138,-0.0443231745681
0.737962953827,-0.042803726875
0.754107213983,-0.0411733437826
0.770160184607,-0.0394320252909
0.786121865697,-0.0375797713999
0.801992257254,-0.0356165821096
0.817771359278,-0.0335424574201
0.833459171769,-0.0313573973312
0.849055694728,-0.029061401843
0.864560928153,-0.0266544709556
0.879974872046,-0.0241366046688
0.895297526405,-0.0215078029827
0.910528891232,-0.0187680658974
0.925668966526,-0.0159173934127
0.940717752286,-0.0129557855288
0.955675248514,-0.00988324224553
0.970541455209,-0.00669976356298
0.985316372371,-0.00340534948114
1.0,0.0
