1.0,0.0
0.989903617982,0.00699918445846
0.979265328531,0.0137731049505
0.968085131648,0.0203217614761
0.956363027331,0.0266451540353
0.944099015581,0.0327432826281
0.931293096398,0.0386161472544
0.917945269783,0.0442637479144
0.904055535734,0.0496860846079
0.889623894252,0.054883157335
0.874650345338,0.0598549660956
0.85913488899,0.0646015108899
0.843077525209,0.0691227917177
0.826478253995,0.0734188085791
0.809337075349,0.0774895614741
0.791653989269,0.0813350504027
0.773428995757,0.0849552753648
0.754662094811,0.0883502363606
0.735353286432,0.0915199333899
0.715502570621,0.0944643664528
0.695109947376,0.0971835355492
0.67460225335,0.099743234822
0.654406325195,0.102209258414
0.63452216291,0.104581606325
0.614949766495,0.106860278555
0.595689135951,0.109045275104
0.576740271277,0.111136595973
0.558103172474,0.11313424116
0.539777839541,0.115038210667
0.521764272478,0.116848504492
0.504062471286,0.118565122637
0.486672435965,0.120188065101
0.469594166514,0.121717331884
0.452827662933,0.123152922986
0.436372925222,0.124494838407
0.420229953383,0.125743078147
0.404398747413,0.126897642206
0.388879307314,0.127958530585
0.373671633085,0.128925743282
0.358775724727,0.129799280299
0.344191582239,0.130579141635
0.329874142942,0.131198931563
0.315778344156,0.131592254356
0.30190418588,0.131759110015
0.288251668116,0.13169949854
0.274820790862,0.13141341993
0.261611554119,0.130900874186
0.248623957887,0.130161861307
0.235858002166,0.129196381293
0.223313686955,0.128004434146
0.210991012256,0.126586019863
0.198889978067,0.124941138446
0.187010584389,0.123069789895
0.175352831222,0.120971974209
0.163916718566,0.118647691389
0.152702246421,0.116096941434
0.141709414786,0.113319724345
0.130938223662,0.110316040121
0.12038867305,0.107085888763
0.110060762948,0.10362927027
0.0999544933566,0.0999461846426
0.0902089302544,0.0961489630745
0.0809631396189,0.0923499367591
0.0722171214502,0.0885491056965
0.0639708757482,0.0847464698867
0.0562244025131,0.0809420293296
0.0489777017447,0.0771357840252
0.0422307734432,0.0733277339737
0.0359836176084,0.0695178791749
0.0302362342404,0.0657062196288
0.0249886233392,0.0618927553355
0.0202407849047,0.058077486295
0.0159927189371,0.0542604125072
0.0122444254362,0.0504415339722
0.0089959044021,0.04662085069
0.00624715583479,0.0427983626605
0.00399817973427,0.0389740698838
0.00224897610052,0.0351479723598
0.000999544933566,0.0313200700886
0.000249886233392,0.0274903630702
0.0,0.0236588513045
0.000211356685266,0.0198487832582
0.000845426741065,0.0160834073978
0.0019022101674,0.0123627237234
0.00338170696426,0.00868673223492
0.00528391713165,0.00505543293242
0.00760884066958,0.00146882581588
0.010356477578,-0.0020730891147
0.013526827857,-0.00557031185932
0.0171198915066,-0.00902284241799
0.0211356685266,-0.0124306807907
0.0255741589172,-0.0157938269774
0.0304353626783,-0.0191122809782
0.03571927981,-0.0223860427931
0.0414259103122,-0.0256151124219
0.0475552541849,-0.0287994898649
0.0541073114281,-0.0319391751218
0.0610820820419,-0.0350341681928
0.0684795660262,-0.0380844690779
0.0762997633811,-0.041090077777
0.0845426741065,-0.0440509942901
0.0932068422249,-0.0469022728339
0.102290811759,-0.0495789676248
0.111794582709,-0.052081078663
0.121718155074,-0.0544086059483
0.132061528855,-0.0565615494809
0.142824704052,-0.0585399092606
0.154007680664,-0.0603436852876
0.165610458692,-0.0619728775617
0.177633038135,-0.0634274860831
0.190075418995,-0.0647075108516
0.202937601269,-0.0658129518674
0.21621958496,-0.0667438091304
0.229921370066,-0.0675000826405
0.244042956587,-0.0680817723979
0.258584344525,-0.0684888784024
0.273545533878,-0.0687214006542
0.288926524646,-0.0687793391531
0.304727316831,-0.0686626938993
0.32094791043,-0.0683714648927
0.337588305446,-0.0679056521332
0.354436356193,-0.0673367270894
0.371279916989,-0.0667361612294
0.388118987833,-0.0661039545535
0.404953568725,-0.0654401070614
0.421783659666,-0.0647446187533
0.438609260655,-0.0640174896292
0.455430371692,-0.063258719689
0.472246992777,-0.0624683089327
0.489059123911,-0.0616462573604
0.505866765093,-0.0607925649721
0.522669916323,-0.0599072317677
0.539468577601,-0.0589902577472
0.556262748928,-0.0580416429107
0.573052430303,-0.0570613872581
0.589837621726,-0.0560494907895
0.606618323198,-0.0550059535048
0.623394534718,-0.053930775404
0.640166256286,-0.0528239564872
0.656933487902,-0.0516854967544
0.673696229567,-0.0505153962055
0.690434460848,-0.0492624828059
0.707128161311,-0.0478755845209
0.723777330958,-0.0463547013506
0.740381969789,-0.044699833295
0.756942077802,-0.0429109803541
0.773457654999,-0.0409881425278
0.789928701379,-0.0389313198162
0.806355216943,-0.0367405122193
0.82273720169,-0.034415719737
0.83907465562,-0.0319569423694
0.855367578733,-0.0293641801165
0.871615971029,-0.0266374329782
0.887819832509,-0.0237767009546
0.903979163172,-0.0207819840456
0.920093963019,-0.0176532822514
0.936164232048,-0.0143905955718
0.952189970261,-0.0109939240068
0.968171177658,-0.00746326755655
0.984107854237,-0.00379862622094
1.0,0.0
