1.0,0.0
0.989810696845,0.00695843734804
0.979069514172,0.013695591914
0.967776451981,0.0202114636979
0.955931510272,0.0265060526996
0.943534689046,0.0325793589193
0.930585988302,0.0384313823569
0.917085408041,0.0440621230125
0.903032948261,0.0494715808859
0.888428608964,0.0546597559772
0.873272390149,0.0596266482865
0.857564291817,0.0643722578137
0.841304313966,0.0688965845587
0.824492456598,0.0731996285217
0.807128719713,0.0772813897026
0.789213103309,0.0811418681015
0.770745607388,0.0847810637182
0.751726231949,0.0881989765528
0.732154976992,0.0913956066054
0.712031842518,0.0943709538758
0.691356828526,0.0971250183642
0.670579878369,0.0997183827199
0.6501509354,0.102211629592
0.63006999962,0.104604758981
0.610337071029,0.106897770886
0.590952149626,0.109090665308
0.571915235411,0.111183442247
0.553226328384,0.113176101702
0.534885428546,0.115068643674
0.516892535897,0.116861068162
0.499247650435,0.118553375167
0.481950772163,0.120145564689
0.465001901078,0.121637636727
0.448401037182,0.123029591282
0.432148180474,0.124321428353
0.416243330955,0.125513147941
0.400686488624,0.126604750046
0.385477653482,0.127596234667
0.370616825528,0.128487601805
0.356104004762,0.129278851459
0.341939191185,0.12996998363
0.328045612587,0.130502287325
0.31434649676,0.130817051552
0.300841843704,0.13091427631
0.287531653419,0.1307939616
0.274415925904,0.130456107421
0.261494661161,0.129900713774
0.248767859187,0.129127780659
0.236235519985,0.128137308075
0.223897643554,0.126929296023
0.211754229893,0.125503744503
0.199805279003,0.123860653514
0.188050790884,0.122000023057
0.176490765535,0.119921853131
0.165125202957,0.117626143737
0.15395410315,0.115112894875
0.142977466114,0.112382106544
0.132195291849,0.109433778745
0.121607580354,0.106267911478
0.11121433163,0.102884504742
0.101015545677,0.0992835585374
0.0911665299737,0.0955718111653
0.0818225919986,0.0918560009262
0.0729837317518,0.0881361278199
0.0646499492334,0.0844121918465
0.0568212444435,0.080684193006
0.0494976173819,0.0769521312984
0.0426790680486,0.0732160067237
0.0363655964438,0.0694758192818
0.0305572025674,0.0657315689729
0.0252538864193,0.0619832557968
0.0204556479996,0.0582308797537
0.0161624873084,0.0544744408434
0.0123744043455,0.050713939066
0.00909139911095,0.0469493744215
0.00631347160483,0.0431807469098
0.00404062182709,0.0394080565311
0.00227284977774,0.0356313032852
0.00101015545677,0.0318504871723
0.000252538864193,0.0280656081922
0.0,0.024276666345
0.000194411754141,0.0205067786578
0.000777647016564,0.0167790621578
0.00174970578727,0.013093516845
0.00311058806625,0.00945014271928
0.00486029385352,0.00584893978076
0.00699882314907,0.0022899080294
0.00952617595291,-0.0012269525348
0.012442352265,-0.00470164191183
0.0157473520854,-0.00813416010171
0.0194411754141,-0.0115245071044
0.0235238222511,-0.01487268292
0.0279952925963,-0.0181786875484
0.0328555864498,-0.0214425209896
0.0381047038116,-0.0246641832436
0.0437426446817,-0.0278436743105
0.0497694090601,-0.0309809941903
0.0561849969467,-0.0340761428829
0.0629894083417,-0.0371291203883
0.0701826432449,-0.0401399267065
0.0777647016564,-0.0431085618376
0.0857998188002,-0.0459667970509
0.0943522299004,-0.0486464036157
0.103421934957,-0.051147381532
0.11300893397,-0.0534697307998
0.123113226939,-0.0556134514192
0.133734813865,-0.05757854339
0.144873694747,-0.0593650067124
0.156529869586,-0.0609728413863
0.168703338381,-0.0624020474118
0.181394101132,-0.0636526247887
0.19460215784,-0.0647245735172
0.208327508504,-0.0656178935972
0.222570153125,-0.0663325850287
0.237330091702,-0.0668686478118
0.252607324235,-0.0672260819463
0.268401850725,-0.0674048874324
0.284713671171,-0.06740506427
0.301542785574,-0.0672266124591
0.318889193933,-0.0668695319998
0.336752896248,-0.0663338228919
0.354846788443,-0.0656944098483
0.372883766442,-0.0650262175816
0.390863830244,-0.0643292460917
0.408786979849,-0.0636034953787
0.426653215258,-0.0628489654426
0.44446253647,-0.0620656562834
0.462214943486,-0.0612535679011
0.479910436305,-0.0604127002956
0.497549014928,-0.0595430534671
0.515130679354,-0.0586446274154
0.532655429583,-0.0577174221406
0.550123265616,-0.0567614376427
0.567534187452,-0.0557766739217
0.584888195092,-0.0547631309775
0.602185288535,-0.0537208088103
0.619425467782,-0.0526497074199
0.636608732832,-0.0515498268064
0.653735083685,-0.0504211669698
0.670804520342,-0.0492637279101
0.687817042802,-0.0480775096272
0.704732362289,-0.0468167383535
0.721510190025,-0.045435640321
0.738150526012,-0.0439342155299
0.754653370248,-0.0423124639801
0.771018722734,-0.0405703856715
0.78724658347,-0.0387079806043
0.803336952455,-0.0367252487784
0.819289829691,-0.0346221901938
0.835105215176,-0.0323988048504
0.850783108911,-0.0300550927484
0.866323510896,-0.0275910538877
0.88172642113,-0.0250066882683
0.896991839615,-0.0223019958902
0.912119766349,-0.0194769767534
0.927110201333,-0.0165316308579
0.941963144567,-0.0134659582037
0.95667859605,-0.0102799587908
0.971256555784,-0.00697363261925
0.985697023767,-0.00354697968898
1.0,0.0
