1.0,0.0
0.989428569241,0.00699265817484
0.978364626051,0.0137602616994
0.96680817043,0.0203028105737
0.954759202378,0.0266203047977
0.942217721895,0.0327127443714
0.929183728982,0.0385801292948
0.915657223638,0.0442224595679
0.901638205862,0.0496397351908
0.887126675656,0.0548319561633
0.87212263302,0.0597991224856
0.856626077952,0.0645412341576
0.840637010454,0.0690582911794
0.824155430524,0.0733502935508
0.807181338164,0.077417241272
0.789714733374,0.0812591343428
0.771755616152,0.0848759727634
0.753303986499,0.0882677565337
0.734359844416,0.0914344856537
0.714923189902,0.0943761601235
0.694994022957,0.0970927799429
0.67495484338,0.0996514389566
0.655188150971,0.102119231009
0.63569394573,0.1044961561
0.616472227656,0.10678221423
0.59752299675,0.108977405399
0.578846253011,0.111081729606
0.560441996441,0.113095186853
0.542310227037,0.115017777138
0.524450944802,0.116849500461
0.506864149734,0.118590356824
0.489549841834,0.120240346225
0.472508021101,0.121799468665
0.455738687536,0.123267724144
0.439241841139,0.124645112661
0.423017481909,0.125931634217
0.407065609847,0.127127288812
0.391386224953,0.128232076446
0.375979327226,0.129245997119
0.360844916667,0.13016905083
0.345982993275,0.13100123758
0.331377047719,0.131672122541
0.317010570665,0.132111270884
0.302883562113,0.132318682609
0.288996022064,0.132294357717
0.275347950517,0.132038296208
0.261939347472,0.131550498081
0.24877021293,0.130830963336
0.235840546891,0.129879691974
0.223150349353,0.128696683994
0.210699620318,0.127281939397
0.198488359786,0.125635458182
0.186516567755,0.12375724035
0.174784244228,0.1216472859
0.163291389202,0.119305594833
0.152038002679,0.116732167148
0.141024084658,0.113927002846
0.13024963514,0.110890101926
0.119714654124,0.107621464388
0.109419141611,0.104121090233
0.0993630975995,0.100388979461
0.0896751955835,0.0965433793941
0.0804841090556,0.0927025373564
0.0717898380156,0.0888664533479
0.0635923824637,0.0850351273684
0.0558917423997,0.0812085594181
0.0486879178237,0.0773867494968
0.0419809087358,0.0735696976046
0.0357707151358,0.0697574037415
0.0300573370238,0.0659498679076
0.0248407743999,0.0621470901027
0.0201210272639,0.0583490703269
0.0158980956159,0.0545558085802
0.0121719794559,0.0507673048626
0.00894267878395,0.0469835591741
0.00621019359997,0.0432045715147
0.00397452390398,0.0394303418844
0.00223566969599,0.0356608702832
0.000993630975995,0.031896156711
0.000248407743999,0.028136201168
0.0,0.0243810036541
0.000193482831311,0.0206455092492
0.000773931325244,0.0169446630333
0.0017413454818,0.0132784650065
0.00309572530098,0.00964691516863
0.00483707078277,0.00605001351978
0.00696538192719,0.00248776005995
0.00948065873424,-0.00103984521087
0.0123829012039,-0.00453280229268
0.0156721093362,-0.00799111118549
0.0193482831311,-0.0114147718893
0.0234114225886,-0.0148037844041
0.0278615277088,-0.0181581487298
0.0326985984916,-0.0214778648666
0.0379226349369,-0.0247629328144
0.043533637045,-0.0280133525731
0.0495316048156,-0.0312291241429
0.0559165382489,-0.0344102475236
0.0626884373447,-0.0375567227153
0.0698473021033,-0.040668549718
0.0773931325244,-0.0437457285318
0.0853808639353,-0.046713164837
0.0938654316633,-0.0494957643142
0.102846835708,-0.0520935269635
0.11232507607,-0.0545064527848
0.122300152749,-0.0567345417781
0.132772065745,-0.0587777939435
0.143740815058,-0.0606362092808
0.155206400688,-0.0623097877902
0.167168822635,-0.0637985294717
0.179628080899,-0.0651024343251
0.19258417548,-0.0662215023506
0.206037106378,-0.0671557335481
0.219986873593,-0.0679051279177
0.234433477125,-0.0684696854593
0.249376916974,-0.0688494061729
0.26481719314,-0.0690442900585
0.280754305623,-0.0690543371161
0.297188254423,-0.0688795473458
0.31411903954,-0.0685199207475
0.331546660974,-0.0679754573213
0.349215690342,-0.0673244207239
0.36687069926,-0.0666450746125
0.384511687729,-0.0659374189869
0.402138655748,-0.0652014538472
0.419751603318,-0.0644371791934
0.437350530438,-0.0636445950254
0.454935437108,-0.0628237013433
0.472506323329,-0.0619744981471
0.490063189101,-0.0610969854367
0.507606034423,-0.0601911632122
0.525134859295,-0.0592570314736
0.542649663718,-0.0582945902209
0.560150447692,-0.057303839454
0.577637211216,-0.056284779173
0.59510995429,-0.0552374093778
0.612568676915,-0.0541617300686
0.63001337909,-0.0530577412452
0.647444060816,-0.0519254429077
0.664860722092,-0.050764835056
0.682263362919,-0.0495759176902
0.699583553583,-0.0483090593793
0.716752864373,-0.0469146286922
0.733771295288,-0.0453926256289
0.750638846328,-0.0437430501895
0.767355517494,-0.0419659023739
0.783921308784,-0.0400611821821
0.8003362202,-0.0380288896142
0.816600251741,-0.0358690246701
0.832713403407,-0.0335815873498
0.848675675199,-0.0311665776534
0.864487067115,-0.0286239955808
0.880147579157,-0.025953841132
0.895657211324,-0.0231561143071
0.911015963617,-0.020230815106
0.926223836034,-0.0171779435288
0.941280828577,-0.0139974995754
0.956186941245,-0.0106894832458
0.970942174038,-0.00725389454001
0.985546526956,-0.00369073345809
1.0,0.0
