1.0,0.0
0.99006318427,0.00686522554095
0.979581307588,0.0135165268274
0.968554369953,0.0199539038594
0.956982371365,0.026177356637
0.944865311825,0.03218688516
0.932203191332,0.0379824894286
0.918996009887,0.0435641694427
0.905243767489,0.0489319252024
0.890946464138,0.0540857567075
0.876104099835,0.0590256639582
0.860716674579,0.0637516469545
0.84478418837,0.0682637056962
0.828306641209,0.0725618401835
0.811284033095,0.0766460504163
0.793716364029,0.0805163363947
0.77560363401,0.0841726981185
0.756945843038,0.0876151355879
0.737742991114,0.0908436488029
0.717995078237,0.0938582377633
0.697702104408,0.0966589024693
0.677287148616,0.0993032466141
0.657173289851,0.101848873891
0.637360528114,0.1042957843
0.617848863404,0.106643977841
0.598638295722,0.108893454515
0.579728825068,0.11104421432
0.56112045144,0.113096257258
0.542813174841,0.115049583328
0.524806995268,0.11690419253
0.507101912724,0.118660084864
0.489697927206,0.120317260331
0.472595038717,0.121875718929
0.455793247254,0.12333546066
0.43929255282,0.124696485522
0.423092955412,0.125958793517
0.407194455032,0.127122384644
0.39159705168,0.128187258904
0.376300745355,0.129153416295
0.361305536058,0.130020856818
0.346611423788,0.130789580474
0.332179979393,0.131397434606
0.31797277372,0.131782266557
0.303989806769,0.131944076328
0.290231078541,0.131882863918
0.276696589035,0.131598629329
0.263386338251,0.131091372559
0.250300326189,0.130361093608
0.23743855285,0.129407792478
0.224801018233,0.128231469167
0.212387722338,0.126832123675
0.200198665166,0.125209756004
0.188233846715,0.123364366152
0.176493266987,0.121295954119
0.164976925981,0.119004519907
0.153684823697,0.116490063514
0.142616960136,0.11375258494
0.131773335297,0.110792084187
0.12115394918,0.107608561253
0.110758801785,0.104202016139
0.100587893113,0.100572448844
0.0907805735344,0.0968296061144
0.0814761934215,0.0930832346947
0.0726747527741,0.0893333345849
0.0643762515923,0.0855799057851
0.056580689876,0.0818229482953
0.0492880676253,0.0780624621155
0.0424983848402,0.0742984472457
0.0362116415207,0.0705309036859
0.0304278376667,0.066759831436
0.0251469732782,0.0629852304962
0.0203690483554,0.0592071008663
0.0160940628981,0.0554254425464
0.0123220169063,0.0516402555365
0.00905291038017,0.0478515398366
0.00628674331956,0.0440592954466
0.00402351572452,0.0402635223666
0.00226322759504,0.0364642205967
0.00100587893113,0.0326613901367
0.000251469732782,0.0288550309867
0.0,0.0250451431467
0.000199146174058,0.0212540100371
0.000796584696234,0.0175039150786
0.00179231556653,0.013794858271
0.00318633878494,0.0101268396145
0.00497865435146,0.00649985910888
0.00716926226611,0.0029139167543
0.00975816252887,-0.000630987449291
0.0127453551397,-0.00413485350189
0.0161308400987,-0.0075976814035
0.0199146174058,-0.0110194711541
0.0240966870611,-0.0144002227538
0.0286770490644,-0.0177399362024
0.0336557034159,-0.0210386115
0.0390326501155,-0.0242962486467
0.0448078891632,-0.0275128476424
0.050981420559,-0.0306884084871
0.0575532443029,-0.0338229311807
0.064523360395,-0.0369164157234
0.0718917688351,-0.0399688621151
0.0796584696234,-0.0429802703559
0.0878824348318,-0.045876296875
0.0966226365323,-0.0485825981018
0.105879074725,-0.0510991740364
0.11565174941,-0.0534260246787
0.125940660586,-0.0555631500287
0.136745808255,-0.0575105500865
0.148067192416,-0.059268224852
0.159904813069,-0.0608361743253
0.172258670215,-0.0622143985063
0.185128763852,-0.063402897395
0.198515093981,-0.0644016709915
0.212417660603,-0.0652107192957
0.226836463716,-0.0658300423077
0.241771503322,-0.0662596400274
0.25722277942,-0.0664995124548
0.27319029201,-0.06654965959
0.289674041092,-0.0664100814329
0.306674026666,-0.0660807779836
0.324190248732,-0.065561749242
0.342222707291,-0.0648529952081
0.360478229446,-0.0640467506179
0.378663642303,-0.0632352502072
0.396778945861,-0.0624184939762
0.414824140122,-0.0615964819247
0.432799225083,-0.0607692140528
0.450704200747,-0.0599366903605
0.468539067112,-0.0590989108478
0.486303824179,-0.0582558755147
0.503998471948,-0.0574075843611
0.521623010418,-0.0565540373871
0.53917743959,-0.0556952345927
0.556661759464,-0.0548311759779
0.574075970039,-0.0539618615426
0.591420071316,-0.053087291287
0.608694063294,-0.0522074652109
0.625897945975,-0.0513223833144
0.643031719357,-0.0504320455975
0.66009538344,-0.0495364520601
0.677088938225,-0.0486356027024
0.694012383712,-0.0477294975242
0.710821324049,-0.0467468773464
0.727471363383,-0.0456164829898
0.743962501715,-0.0443383144545
0.760294739045,-0.0429123717404
0.776468075372,-0.0413386548475
0.792482510697,-0.0396171637758
0.80833804502,-0.0377478985253
0.82403467834,-0.035730859096
0.839572410658,-0.033566045488
0.854951241973,-0.0312534577012
0.870171172286,-0.0287930957356
0.885232201597,-0.0261849595912
0.900134329906,-0.023429049268
0.914877557212,-0.0205253647661
0.929461883516,-0.0174739060854
0.943887308817,-0.0142746732259
0.958153833117,-0.0109276661876
0.972261456413,-0.00743288497049
0.986210178708,-0.00379032957464
1.0,0.0
