1.0,0.0
0.990549574248,0.00699618925005
0.980512733011,0.0137652609689
0.969889476289,0.0203072151566
0.958679804081,0.0266220518132
0.946883716387,0.0327097709385
0.934501213208,0.0385703725327
0.921532294544,0.0442038565957
0.907976960394,0.0496102231275
0.893835210759,0.0547894721282
0.879107045639,0.0597416035976
0.863792465033,0.0644666175359
0.847891468941,0.0689645139431
0.831404057364,0.073235292819
0.814330230302,0.0772789541638
0.796669987754,0.0810954979774
0.778423329721,0.0846849242598
0.759590256202,0.088047233011
0.740170767198,0.0911824242311
0.720164862708,0.09409049792
0.699572542733,0.0967714540777
0.67885403426,0.0992945145167
0.658469564277,0.101728901049
0.638419132783,0.104074613676
0.618702739778,0.106331652396
0.599320385263,0.10850001721
0.580272069238,0.110579708118
0.561557791702,0.112570725119
0.543177552656,0.114473068215
0.525131352099,0.116286737404
0.507419190032,0.118011732687
0.490041066454,0.119648054063
0.472996981366,0.121195701533
0.456286934767,0.122654675097
0.439910926658,0.124024974755
0.423868957038,0.125306600507
0.408161025908,0.126499552352
0.392787133267,0.127603830291
0.377747279116,0.128619434324
0.363041463454,0.12954636445
0.348669686282,0.13038462067
0.334561769669,0.131063847809
0.320647535685,0.131513690691
0.30692698433,0.131734149316
0.293400115603,0.131725223685
0.280066929506,0.131486913797
0.266927426037,0.131019219652
0.253981605197,0.130322141251
0.241229466986,0.129395678593
0.228671011404,0.128239831678
0.216306238451,0.126854600506
0.204135148126,0.125239985078
0.192157740431,0.123395985393
0.180374015364,0.121322601452
0.168783972926,0.119019833253
0.157387613117,0.116487680798
0.146184935937,0.113726144087
0.135175941385,0.110735223118
0.124360629463,0.107514917893
0.113739000169,0.104065228411
0.103311053504,0.100386154673
0.0932382257876,0.0965939314493
0.0836819533384,0.0928047935128
0.0746422361568,0.0890187408633
0.0661190742427,0.0852357735007
0.0581124675961,0.081455891425
0.0506224162171,0.0776790946363
0.0436489201055,0.0739053831345
0.0371919792615,0.0701347569196
0.031251593685,0.0663672159917
0.0258277633761,0.0626027603507
0.0209204883346,0.0588413899966
0.0165297685607,0.0550831049295
0.0126556040543,0.0513279051493
0.00929799481538,0.047575790656
0.00645694084401,0.0438267614497
0.00413244214017,0.0400808175303
0.00232449870385,0.0363379588978
0.00103311053504,0.0325981855523
0.000258277633761,0.0288614974937
0.0,0.025127894722
0.000222848878134,0.0214134122971
0.000891395512536,0.0177340852786
0.00200563990321,0.0140899136665
0.00356558205014,0.0104808974609
0.00557122195335,0.00690703666171
0.00802255961282,0.00336833126899
0.0109195950286,-0.000135218717278
0.0142623282006,-0.0036036132971
0.0180507591288,-0.00703685247047
0.0222848878134,-0.0104349362374
0.0269647142542,-0.0137978645979
0.0320902384513,-0.0171256375519
0.0376614604046,-0.0204182550994
0.0436783801143,-0.0236757172406
0.0501409975801,-0.0268980239752
0.0570493128023,-0.0300851753035
0.0644033257807,-0.0332371712252
0.0722030365154,-0.0363540117406
0.0804484450064,-0.0394356968494
0.0891395512536,-0.0424822265518
0.0982605777206,-0.0454186604279
0.107795746871,-0.0481700580576
0.117745058705,-0.050736419441
0.128108513222,-0.0531177445781
0.138886110422,-0.0553140334689
0.150077850306,-0.0573252861134
0.161683732874,-0.0591515025115
0.173703758124,-0.0607926826634
0.186137926058,-0.0622488265689
0.198986236675,-0.0635199342281
0.212248689976,-0.064606005641
0.22592528596,-0.0655070408076
0.240016024628,-0.0662230397279
0.254520905978,-0.0667540024019
0.269439930013,-0.0670999288295
0.28477309673,-0.0672608190109
0.300520406131,-0.0672366729459
0.316681858215,-0.0670274906346
0.333257452983,-0.066633272077
0.350247190434,-0.0660540172731
0.367441831632,-0.0653730610758
0.384632137642,-0.0646737383382
0.401818108463,-0.0639560490602
0.418999744095,-0.0632199932418
0.436177044539,-0.0624655708831
0.453350009794,-0.0616927819839
0.470518639861,-0.0609016265444
0.487682934739,-0.0600921045646
0.504842894428,-0.0592642160443
0.521998518929,-0.0584179609837
0.53914980824,-0.0575533393827
0.556296762364,-0.0566703512414
0.573439381298,-0.0557689965596
0.590577665044,-0.0548492753375
0.607711613602,-0.0539111875751
0.624841226971,-0.0529547332722
0.641966505151,-0.051979912429
0.659087448142,-0.0509867250454
0.676204055945,-0.0499751711215
0.693316328559,-0.0489452506571
0.710337637507,-0.0478357389827
0.727181354309,-0.0465854114284
0.743847478967,-0.0451942679943
0.760336011481,-0.0436623086804
0.776646951849,-0.0419895334866
0.792780300072,-0.040175942413
0.808736056151,-0.0382215354596
0.824514220085,-0.0361263126263
0.840114791874,-0.0338902739132
0.855537771519,-0.0315134193202
0.870783159019,-0.0289957488475
0.885850954373,-0.0263372624949
0.900741157583,-0.0235379602624
0.915453768649,-0.0205978421501
0.929988787569,-0.017516908158
0.944346214345,-0.0142951582861
0.958526048976,-0.0109325925343
0.972528291462,-0.00742921090271
0.986352941803,-0.00378501339127
1.0,0.0
