1.0,0.0
0.989618223778,0.00695421713861
0.97871979327,0.0136875230334
0.967304708477,0.0201999176842
0.955372969398,0.0264914010912
0.942924576033,0.0325619732543
0.929959528383,0.0384116341736
0.916477826447,0.0440403838489
0.902479470225,0.0494482222804
0.887964459718,0.054635149468
0.872932794925,0.0596011654118
0.857384475847,0.0643462701116
0.841319502483,0.0688704635676
0.824737874833,0.0731737457798
0.807639592897,0.077256116748
0.790024656676,0.0811175764724
0.77189306617,0.0847581249529
0.753244821377,0.0881777621895
0.734079922299,0.0913764881823
0.714398368936,0.0943543029311
0.694200161286,0.0971112064361
0.673898161154,0.0997097990825
0.653905230339,0.102212681256
0.634221368843,0.104619852956
0.614846576664,0.106931314182
0.595780853805,0.109147064935
0.577024200263,0.111267105215
0.55857661604,0.113291435022
0.540438101135,0.115220054355
0.522608655548,0.117052963215
0.50508827928,0.118790161602
0.487876972329,0.120431649516
0.470974734698,0.121977426956
0.454381566384,0.123427493923
0.438097467389,0.124781850417
0.422122437711,0.126040496437
0.406456477353,0.127203431984
0.391099586312,0.128270657058
0.37605176459,0.129242171658
0.361313012186,0.130117975785
0.3468833291,0.130898069439
0.332709894578,0.131516324487
0.318739887865,0.131906612794
0.304973308962,0.132068934361
0.291410157868,0.132003289187
0.278050434583,0.131709677274
0.264894139107,0.131188098621
0.251941271441,0.130438553227
0.239191831583,0.129461041093
0.226645819535,0.12825556222
0.214303235297,0.126822116606
0.202164078867,0.125160704252
0.190228350247,0.123271325158
0.178496049436,0.121153979323
0.166967176434,0.118808666749
0.155641731241,0.116235387434
0.144519713858,0.11343414138
0.133601124284,0.110404928585
0.122885962519,0.10714774905
0.112374228564,0.103662602775
0.102065922417,0.0999494897601
0.0921144949815,0.0961243575851
0.0826733971579,0.0923031538303
0.0737426289464,0.0884858784959
0.065322190347,0.0846725315819
0.0574120813597,0.0808631130881
0.0500123019844,0.0770576230146
0.0431228522213,0.0732560613615
0.0367437320702,0.0694584281286
0.0308749415312,0.0656647233161
0.0255164806043,0.0618749469239
0.0206683492895,0.058089098952
0.0163305475868,0.0543071794004
0.0125030754961,0.0505291882691
0.00918593301755,0.0467551255582
0.00637912015107,0.0429849912675
0.00408263689669,0.0392187853972
0.00229648325439,0.0354565079471
0.00102065922417,0.0316981589174
0.000255164806043,0.027943738308
0.0,0.0241932461189
0.00021146639333,0.020465867198
0.00084586557332,0.016780786393
0.00190319753997,0.013138003704
0.00338346229328,0.00953751913103
0.00528665983325,0.00597933267401
0.00761279015988,0.00246344433296
0.0103618532732,-0.0010101458921
0.0135338491731,-0.00444143800119
0.0171287778597,-0.00783043199429
0.021146639333,-0.0111771278714
0.0255874335929,-0.0144815256326
0.0304511606395,-0.0177436252777
0.0357378204728,-0.0209634268069
0.0414474130927,-0.0241409302201
0.0475799384993,-0.0272761355173
0.0541353966925,-0.0303690426986
0.0611137876724,-0.0334196517638
0.0685151114389,-0.0364279627131
0.0763393679921,-0.0393939755464
0.084586557332,-0.0423176902637
0.0932853302621,-0.045133253297
0.102464337586,-0.047774811078
0.112123579304,-0.0502423636067
0.122263055415,-0.0525359108833
0.132882765921,-0.0546554529076
0.14398271082,-0.0566009896796
0.155562890113,-0.0583725211995
0.1676233038,-0.0599700474671
0.18016395188,-0.0613935684825
0.193184834355,-0.0626430842457
0.206685951223,-0.0637185947566
0.220667302485,-0.0646201000153
0.235128888141,-0.0653476000218
0.250070708191,-0.0659010947761
0.265492762634,-0.0662805842781
0.281395051472,-0.0664860685279
0.297777574703,-0.0665175475254
0.314640332328,-0.0663750212708
0.331983324347,-0.0660584897639
0.349806550759,-0.0655679530048
0.367842030105,-0.0649762569125
0.385821780925,-0.0643562474062
0.403745803217,-0.0637079244858
0.421614096983,-0.0630312881513
0.439426662223,-0.0623263384028
0.457183498935,-0.0615930752402
0.474884607121,-0.0608314986635
0.49252998678,-0.0600416086728
0.510119637912,-0.059223405268
0.527653560517,-0.0583768884491
0.545131754596,-0.0575020582162
0.562554220148,-0.0565989145692
0.579920957173,-0.0556674575081
0.597231965671,-0.0547076870329
0.614487245643,-0.0537196031437
0.631686797088,-0.0527032058404
0.648830620006,-0.0516584951231
0.665918714398,-0.0505854709917
0.682951080263,-0.0494841334462
0.699927717601,-0.0483544824867
0.716779232727,-0.0471469789972
0.733436231959,-0.0458120838619
0.749898715295,-0.0443497970809
0.766166682735,-0.0427601186541
0.78224013428,-0.0410430485815
0.79811906993,-0.0391985868632
0.813803489684,-0.0372267334991
0.829293393543,-0.0351274884892
0.844588781506,-0.0329008518335
0.859689653573,-0.0305468235321
0.874596009746,-0.0280654035848
0.889307850022,-0.0254565919919
0.903825174404,-0.0227203887531
0.91814798289,-0.0198567938685
0.93227627548,-0.0168658073382
0.946210052175,-0.0137474291621
0.959949312974,-0.0105016593403
0.973494057878,-0.00712849787261
0.986844286887,-0.00362794475919
1.0,0.0
