1.0,0.0
0.98963163503,0.00701475689263
0.978763880041,0.0138055314894
0.967396735034,0.0203723237904
0.95553020001,0.0267151337956
0.943164274966,0.032833961505
0.930298959905,0.0387288069186
0.916934254826,0.0443996700363
0.903070159728,0.0498465508582
0.888706674612,0.0550694493844
0.873843799478,0.0600683656147
0.858481534326,0.0648432995492
0.842619879155,0.0693942511878
0.826258833967,0.0737212205307
0.80939839876,0.0778242075778
0.792038573535,0.081703212329
0.774179358292,0.0853582347844
0.75582075303,0.0887892749441
0.736962757751,0.0919963328079
0.717605372453,0.0949794083759
0.697748597137,0.097738501648
0.677778891532,0.100336948576
0.658082715368,0.102838085111
0.638660068646,0.105241911254
0.619510951364,0.107548427004
0.600635363523,0.109757632361
0.582033305122,0.111869527326
0.563704776163,0.113884111898
0.545649776645,0.115801386078
0.527868306567,0.117621349865
0.510360365931,0.119344003259
0.493125954735,0.12096934626
0.47616507298,0.122497378869
0.459477720667,0.123928101086
0.443063897794,0.125261512909
0.426923604362,0.12649761434
0.41105684037,0.127636405379
0.39546360582,0.128677886024
0.380143900711,0.129622056277
0.365097725042,0.130468916138
0.350325078815,0.131218465606
0.335800136515,0.131808792723
0.321497072632,0.132177985532
0.307415887165,0.132326044033
0.293556580114,0.132252968226
0.279919151479,0.131958758111
0.26650360126,0.131443413687
0.253309929457,0.130706934955
0.240338136069,0.129749321915
0.227588221098,0.128570574567
0.215060184543,0.12717069291
0.202754026404,0.125549676946
0.190669746681,0.123707526673
0.178807345374,0.121644242092
0.167166822482,0.119359823203
0.155748178007,0.116854270005
0.144551411948,0.1141275825
0.133576524305,0.111179760686
0.122823515078,0.108010804564
0.112292384267,0.104620714134
0.101983131872,0.101009489396
0.0920397765141,0.0972872880269
0.082606336816,0.0935642677059
0.0736828127772,0.0898404284326
0.0652692043978,0.086115770207
0.0573655116778,0.0823902930291
0.0499717346171,0.0786639968988
0.0430878732157,0.0749368818162
0.0367139274738,0.0712089477813
0.0308498973911,0.067480194794
0.0254957829679,0.0637506228544
0.020651584204,0.0600202319625
0.0163173010994,0.0562890221183
0.0124929336543,0.0525569933217
0.00917848186844,0.0488241455729
0.00637394574197,0.0450904788717
0.00407932527486,0.0413559932181
0.00229462046711,0.0376206886123
0.00101983131872,0.0338845650541
0.000254957829679,0.0301476225436
0.0,0.0264098610807
0.000215687289955,0.0226888742627
0.000862749159819,0.0190022556865
0.00194118560959,0.0153500053521
0.00345099663928,0.0117321232596
0.00539218224887,0.00814860940895
0.00776474243837,0.00459946380016
0.0105686772078,0.00108468643322
0.0138039865571,-0.00239572269187
0.0174706704863,-0.0058417635751
0.0215687289955,-0.00925343621648
0.0260981620845,-0.012630740616
0.0310589697535,-0.0159736767737
0.0364511520024,-0.0192822446895
0.0422747088311,-0.0225564443635
0.0485296402398,-0.0257962757956
0.0552159462284,-0.0290017389858
0.062333626797,-0.0321728339342
0.0698826819454,-0.0353095606407
0.0778631116737,-0.0384119191054
0.0862749159819,-0.0414799093283
0.0951294994163,-0.0444351208633
0.104438266523,-0.0471991432645
0.114201217302,-0.0497719765319
0.124418351754,-0.0521536206655
0.135089669878,-0.0543440756653
0.146215171675,-0.0563433415314
0.157794857144,-0.0581514182636
0.169828726285,-0.059768305862
0.182316779099,-0.0611940043266
0.195259015585,-0.0624285136574
0.208655435744,-0.0634718338545
0.222506039575,-0.0643239649177
0.236810827079,-0.0649849068471
0.251569798255,-0.0654546596428
0.266782953103,-0.0657332233046
0.282450291624,-0.0658205978326
0.298571813817,-0.0657167832269
0.315147519683,-0.0654217794873
0.332177409221,-0.064935586614
0.349661482432,-0.0642582046068
0.367340568167,-0.0634837277912
0.384955495279,-0.0627062504923
0.402506263767,-0.0619257727102
0.419992873632,-0.0611422944449
0.437415324874,-0.0603558156964
0.454773617492,-0.0595663364646
0.472067751487,-0.0587738567497
0.489297726858,-0.0579783765515
0.506463543606,-0.0571798958701
0.523565201731,-0.0563784147055
0.540602701232,-0.0555739330576
0.55757604211,-0.0547664509266
0.574485224365,-0.0539559683123
0.591330247996,-0.0531424852149
0.608111113003,-0.0523260016342
0.624827819388,-0.0515065175703
0.641480367149,-0.0506840330231
0.658068756286,-0.0498585479928
0.674592986801,-0.0490300624792
0.691053058691,-0.0481985764825
0.707432018995,-0.0472867431148
0.723712914747,-0.0462172154885
0.739895745948,-0.0449899936037
0.755980512597,-0.0436050774603
0.771967214695,-0.0420624670584
0.787855852242,-0.0403621623978
0.803646425237,-0.0385041634787
0.819338933681,-0.036488470301
0.834933377573,-0.0343150828647
0.850429756914,-0.0319840011699
0.865828071704,-0.0294952252165
0.881128321942,-0.0268487550045
0.896330507629,-0.024044590534
0.911434628765,-0.0210827318048
0.926440685349,-0.0179631788171
0.941348677382,-0.0146859315709
0.956158604864,-0.011250990066
0.970870467794,-0.00765835430257
0.985484266173,-0.00390802428057
1.0,0.0
