1.0,0.0
0.98904554412,0.0069531230569
0.977603848548,0.013682664062
0.965674913282,0.0201886230153
0.953258738324,0.0264709999167
0.940355323673,0.0325297947664
0.926964669328,0.0383650075642
0.913086775292,0.0439766383102
0.898721641562,0.0493646870044
0.883869268139,0.0545291536468
0.868529655024,0.0594700382373
0.852702802216,0.0641873407761
0.836388709715,0.068681061263
0.819587377521,0.0729511996982
0.802298805634,0.0769977560815
0.784522994055,0.0808207304129
0.766259942782,0.0844201226926
0.747509651817,0.0877959329205
0.728272121159,0.0909481610965
0.708547350808,0.0938768072208
0.688335340765,0.0965818712932
0.668033389337,0.0991269975126
0.648038794833,0.101575830078
0.628351557254,0.103928368989
0.6089716766,0.106184614246
0.58989915287,0.108344565849
0.571133986065,0.110408223797
0.552676176184,0.112375588092
0.534525723227,0.114246658732
0.516682627195,0.116021435718
0.499146888088,0.11769991905
0.481918505905,0.119282108728
0.464997480647,0.120768004752
0.448383812313,0.122157607121
0.432077500903,0.123450915837
0.416078546418,0.124647930898
0.400386948858,0.125748652305
0.385002708222,0.126753080058
0.36992582451,0.127661214157
0.355156297723,0.128473054601
0.340694127861,0.129188601392
0.326496337228,0.12974857516
0.312519948131,0.13009369654
0.298764960569,0.13022396553
0.285231374543,0.130139382131
0.271919190052,0.129839946343
0.258828407096,0.129325658166
0.245959025676,0.128596517599
0.233311045791,0.127652524643
0.220884467441,0.126493679298
0.208679290627,0.125119981563
0.196695515348,0.12353143144
0.184933141604,0.121728028927
0.173392169396,0.119709774025
0.162072598723,0.117476666733
0.150974429586,0.115028707053
0.140097661984,0.112365894983
0.129442295917,0.109488230524
0.119008331386,0.106395713676
0.10879576839,0.103088344438
0.0988046069292,0.0995661228112
0.0891711577536,0.0959312049778
0.0800317316126,0.0922857471205
0.0713863285063,0.0886297492391
0.0632349484347,0.0849632113337
0.0555775913977,0.0812861334043
0.0484142573953,0.0775985154509
0.0417449464276,0.0739003574734
0.0355696584945,0.070191659472
0.0298883935961,0.0664724214466
0.0247011517323,0.0627426433972
0.0200079329032,0.0590023253238
0.0158087371087,0.0552514672264
0.0121035643488,0.051490069105
0.00889241462363,0.0477181309595
0.00617528793307,0.0439356527901
0.00395218427717,0.0401426345967
0.00222310365591,0.0363390763792
0.000988046069292,0.0325249781378
0.000247011517323,0.0287003398724
0.0,0.0248651615829
0.000198817380484,0.0210464173841
0.000795269521935,0.0172710813903
0.00178935642435,0.0135391536017
0.00318107808774,0.00985063401828
0.0049704345121,0.00620552263996
0.00715742569742,0.00260381946679
0.00974205164371,-0.000954475501253
0.012724312351,-0.00446936226415
0.0161042078192,-0.00794084082191
0.0198817380484,-0.0113689111745
0.0240569030385,-0.014753573322
0.0286297027897,-0.0180948272644
0.0336001373018,-0.0213926730016
0.0389682065748,-0.0246471105336
0.0447339106089,-0.0278581398606
0.0508972494039,-0.0310257609823
0.0574582229598,-0.034149973899
0.0644168312768,-0.0372307786105
0.0717730743547,-0.0402681751169
0.0795269521935,-0.0432621634181
0.0877276436256,-0.0461426351873
0.0964243274831,-0.0488394820975
0.105617003766,-0.0513527041487
0.115305672475,-0.053682301341
0.125490333608,-0.0558282736743
0.136170987168,-0.0577906211486
0.147347633152,-0.0595693437639
0.159020271563,-0.0611644415202
0.171188902398,-0.0625759144176
0.183853525659,-0.063803762456
0.197014141346,-0.0648479856355
0.210670749458,-0.0657085839559
0.224823349995,-0.0663855574174
0.239471942958,-0.0668789060199
0.254616528347,-0.0671886297634
0.27025710616,-0.067314728648
0.2863936764,-0.0672572026736
0.303026239064,-0.0670160518402
0.320154794154,-0.0665912761478
0.33777934167,-0.0659828755965
0.355624955278,-0.0652716008058
0.373416708644,-0.0645382023956
0.391154601768,-0.0637826803658
0.408838634651,-0.0630050347164
0.426468807292,-0.0622052654474
0.444045119692,-0.0613833725588
0.46156757185,-0.0605393560506
0.479036163767,-0.0596732159229
0.496450895442,-0.0587849521755
0.513811766876,-0.0578745648085
0.531118778068,-0.056942053822
0.548371929019,-0.0559874192158
0.565571219728,-0.0550106609901
0.582716650195,-0.0540117791448
0.599808220421,-0.0529907736799
0.616845930406,-0.0519476445953
0.633829780149,-0.0508823918912
0.65075976965,-0.0497950155675
0.66763589891,-0.0486855156243
0.684458167928,-0.0475538920614
0.701202594461,-0.0463494562272
0.717845196264,-0.0450215194699
0.734385973338,-0.0435700817897
0.750824925683,-0.0419951431863
0.767162053298,-0.04029670366
0.783397356184,-0.0384747632106
0.79953083434,-0.0365293218382
0.815562487767,-0.0344603795427
0.831492316465,-0.0322679363242
0.847320320433,-0.0299519921826
0.863046499672,-0.027512547118
0.878670854182,-0.0249496011304
0.894193383962,-0.0222631542197
0.909614089013,-0.019453206386
0.924932969334,-0.0165197576293
0.940150024926,-0.0134628079495
0.955265255789,-0.0102823573467
0.970278661922,-0.00697840582084
0.985190243326,-0.00355095337194
1.0,0.0
