1.0,0.0
0.990169339896,0.00685043153791
0.97972475064,0.0134867926855
0.968666232235,0.0199090834428
0.956993784678,0.0261173038099
0.94470740797,0.0321114537866
0.931807102112,0.037891533373
0.918292867103,0.0434575425692
0.904164702943,0.048809481375
0.889422609633,0.0539473497906
0.874066587171,0.0588711478158
0.858096635559,0.0635808754508
0.841512754796,0.0680765326955
0.824314944883,0.0723581195498
0.806503205818,0.0764256360139
0.788077537603,0.0802790820877
0.769037940237,0.0839184577712
0.74938441372,0.0873437630644
0.729116958053,0.0905549979673
0.708235573234,0.0935521624799
0.686740259265,0.0963352566023
0.6651623645,0.0989617461487
0.644033237294,0.101489096934
0.623352877647,0.103917308957
0.603121285558,0.10624638222
0.583338461028,0.10847631672
0.564004404058,0.11060711246
0.545119114646,0.112638769438
0.526682592792,0.114571287654
0.508694838498,0.116404667109
0.491155851763,0.118138907803
0.474065632586,0.119774009735
0.457424180968,0.121309972906
0.44123149691,0.122746797315
0.42548758041,0.124084482963
0.410192431468,0.125323029849
0.395346050086,0.126462437975
0.380948436263,0.127502707338
0.366999589998,0.12844383794
0.353499511292,0.129285829781
0.340448200145,0.130028682861
0.327676722304,0.130612942334
0.315016143515,0.130979153359
0.302466463778,0.131127315933
0.290027683093,0.131057430058
0.27769980146,0.130769495733
0.26548281888,0.130263512958
0.253376735352,0.129539481734
0.241381550876,0.12859740206
0.229497265452,0.127437273936
0.21772387908,0.126059097363
0.206061391761,0.12446287234
0.194509803494,0.122648598867
0.183069114279,0.120616276945
0.171739324116,0.118365906573
0.160520433005,0.115897487751
0.149412440947,0.11321102048
0.138415347941,0.110306504758
0.127529153987,0.107183940588
0.116753859085,0.103843327967
0.106089463235,0.100284666897
0.0957457405699,0.0966122597796
0.0859324652206,0.0929304090182
0.0766496371875,0.0892391146126
0.0678972564706,0.0855383765627
0.0596753230699,0.0818281948686
0.0519838369853,0.0781085695302
0.0448227982169,0.0743795005477
0.0381922067647,0.0706409879208
0.0320920626287,0.0668930316498
0.0265223658088,0.0631356317344
0.0214831163052,0.0593687881749
0.0169743141176,0.0555925009711
0.0129959592463,0.0518067701231
0.00954805169118,0.0480115956308
0.00663059145221,0.0442069774943
0.00424357852941,0.0403929157136
0.00238701292279,0.0365694102886
0.00106089463235,0.0327364612194
0.000265223658088,0.028894068506
0.0,0.0250422321483
0.000204807421863,0.021206205573
0.000819229687451,0.0174112422067
0.00184326679676,0.0136573420494
0.0032769187498,0.00994450510116
0.00512018554657,0.00627273136189
0.00737306718706,0.00264202083164
0.0100355636713,-0.000947626489613
0.0131076749992,-0.00449621060185
0.0165894011709,-0.00800373150508
0.0204807421863,-0.0114701891993
0.0247816980454,-0.0148955836845
0.0294922687482,-0.0182799149607
0.0346124542948,-0.0216231830279
0.0401422546851,-0.0249253878861
0.0460816699191,-0.0281865295353
0.0524306999968,-0.0314066079755
0.0591893449183,-0.0345856232066
0.0663576046835,-0.0377235752288
0.0739354792924,-0.0408204640419
0.0819229687451,-0.0438762896461
0.0903456071464,-0.0468184647894
0.0992289286013,-0.0495744022202
0.10857293311,-0.0521441019383
0.118377620672,-0.0545275639438
0.128642991288,-0.0567247882368
0.139369044957,-0.0587357748172
0.15055578168,-0.0605605236849
0.162203201457,-0.0621990348401
0.174311304288,-0.0636513082827
0.186880090172,-0.0649173440127
0.199909559109,-0.06599714203
0.2133997111,-0.0668907023348
0.227350546145,-0.067598024927
0.241762064244,-0.0681191098066
0.256634265396,-0.0684539569736
0.271967149601,-0.068602566428
0.287760716861,-0.0685649381699
0.304014967174,-0.0683410721991
0.32072990054,-0.0679309685157
0.337905516961,-0.0673346271197
0.355300699619,-0.0666340246364
0.372674331699,-0.0659111376908
0.390026413201,-0.0651659662831
0.407356944126,-0.0643985104132
0.424665924473,-0.0636087700811
0.441953354242,-0.0627967452868
0.459219233433,-0.0619624360304
0.476463562046,-0.0611058423117
0.493686340081,-0.0602269641309
0.510887567538,-0.0593258014879
0.528067244418,-0.0584023543827
0.54522537072,-0.0574566228153
0.562361946443,-0.0564886067858
0.579476971589,-0.055498306294
0.596570446157,-0.0544857213401
0.613642370148,-0.053450851924
0.63069274356,-0.0523936980457
0.647721566395,-0.0513142597053
0.664728838651,-0.0502125369026
0.68171456033,-0.0490885296378
0.698636473,-0.0478874162925
0.715452318229,-0.0465543752487
0.732162096017,-0.0450894065063
0.748765806365,-0.0434925100653
0.765263449272,-0.0417636859257
0.781655024738,-0.0399029340875
0.797940532764,-0.0379102545507
0.814119973349,-0.0357856473153
0.830193346493,-0.0335291123813
0.846160652197,-0.0311406497487
0.86202189046,-0.0286202594175
0.877777061283,-0.0259679413877
0.893426164665,-0.0231836956593
0.908969200606,-0.0202675222324
0.924406169107,-0.0172194211068
0.939737070167,-0.0140393922826
0.954961903786,-0.0107274357599
0.970080669965,-0.00728355153851
0.985093368703,-0.00370773961855
1.0,0.0
