1.0,0.0
0.988408849404,0.00687098018875
0.976395013789,0.0135237033998
0.963958493156,0.0199581696331
0.951099287503,0.0261743788887
0.937817396832,0.0321723311666
0.924112821142,0.0379520264668
0.909985560434,0.0435134647893
0.895435614706,0.0488566461341
0.88046298396,0.0539815705011
0.865067668195,0.0588882378905
0.849249667412,0.0635766483021
0.83300898161,0.0680468017361
0.816345610788,0.0722986981923
0.799259554949,0.0763323376708
0.78175081409,0.0801477201716
0.763819388213,0.0837448456947
0.745465277317,0.08712371424
0.726688481402,0.0902843258077
0.707489000468,0.0932266803976
0.687866834516,0.0959507780099
0.668175611967,0.0985181503684
0.648768961245,0.100990329197
0.629646882349,0.103367314496
0.61080937528,0.105649106266
0.592256440036,0.107835704506
0.573988076619,0.109927109216
0.556004285029,0.111923320396
0.538305065264,0.113824338047
0.520890417326,0.115630162168
0.503760341214,0.117340792759
0.486914836929,0.118956229821
0.470353904469,0.120476473353
0.454077543836,0.121901523355
0.43808575503,0.123231379828
0.42237853805,0.124466042771
0.406955892896,0.125605512184
0.391817819568,0.126649788068
0.376964318066,0.127598870422
0.362395388391,0.128452759246
0.348111030543,0.129211454541
0.334064147516,0.129813505433
0.320207642309,0.130197461052
0.30654151492,0.130363321396
0.29306576535,0.130311086465
0.279780393599,0.130040756261
0.266685399667,0.129552330782
0.253780783554,0.128845810029
0.241066545259,0.127921194002
0.228542684784,0.126778482701
0.216209202127,0.125417676125
0.204066097289,0.123838774275
0.19211337027,0.122041777151
0.180351021069,0.120026684753
0.168779049687,0.11779349708
0.157397456125,0.115342214133
0.146206240381,0.112672835912
0.135205402456,0.109785362417
0.124394942349,0.106679793647
0.113774860062,0.103356129603
0.103345155593,0.099814370285
0.0932690029227,0.0961605763631
0.0837095760303,0.0925008085078
0.0746668749159,0.0888350667192
0.0661408995795,0.0851633509973
0.058131650021,0.0814856613421
0.0506391262406,0.0778019977535
0.043663328238,0.0741123602316
0.0372042560135,0.0704167487764
0.0312619095669,0.0667151633878
0.0258362888982,0.0630076040659
0.0209273940076,0.0592940708107
0.0165352248949,0.0555745636222
0.0126597815601,0.0518490825003
0.00930106400337,0.0481176274451
0.00645907222456,0.0443801984565
0.00413380622372,0.0406367955347
0.00232526600084,0.0368874186795
0.00103345155593,0.0331320678909
0.000258362888982,0.0293707431691
0.0,0.0256034445139
0.000211098847839,0.0218519624611
0.000844395391355,0.0181380875464
0.00189988963055,0.0144618197698
0.00337758156542,0.0108231591313
0.00527747119597,0.00722210563096
0.00759955852219,0.0036586592687
0.0103438435441,0.000132820044549
0.0135103262617,-0.00335541204149
0.0170990066749,-0.00680603698943
0.0211098847839,-0.0102190547993
0.0255429605885,-0.013594465471
0.0303982340888,-0.0169322690046
0.0356757052847,-0.0202324654001
0.0413753741764,-0.0234950546575
0.0474972407637,-0.0267200367768
0.0540413050467,-0.0299074117579
0.0610075670254,-0.033057179601
0.0683960266997,-0.036169340306
0.0762066840698,-0.0392438938728
0.0844395391355,-0.0422808403016
0.0931170785511,-0.0452058351769
0.102261788971,-0.0479445340836
0.111873670395,-0.0504969370217
0.121952722823,-0.0528630439911
0.132498946255,-0.0550428549918
0.143512340691,-0.0570363700239
0.154992906132,-0.0588435890873
0.166940642576,-0.0604645121821
0.179355550025,-0.0618991393082
0.192237628478,-0.0631474704656
0.205586877935,-0.0642095056544
0.219403298396,-0.0650852448745
0.233686889861,-0.065774688126
0.24843765233,-0.0662778354088
0.263655585804,-0.066594686723
0.279340690282,-0.0667252420685
0.295492965763,-0.0666695014454
0.312112412249,-0.0664274648535
0.329199029739,-0.0659991322931
0.346752818234,-0.065384503764
0.36451851465,-0.0646684441616
0.382240855905,-0.0639358183814
0.399919842001,-0.0631866264233
0.417555472936,-0.0624208682874
0.43514774871,-0.0616385439737
0.452696669324,-0.0608396534821
0.470202234778,-0.0600241968127
0.487664445072,-0.0591921739655
0.505083300205,-0.0583435849404
0.522458800177,-0.0574784297375
0.53979094499,-0.0565967083567
0.557079734642,-0.0556984207981
0.574325169133,-0.0547835670616
0.591527248465,-0.0538521471474
0.608685972635,-0.0529041610552
0.625801341646,-0.0519396087853
0.642873355496,-0.0509584903375
0.659902014186,-0.0499608057118
0.676887317715,-0.0489465549083
0.693829266084,-0.047915737927
0.710668950168,-0.0468088035155
0.727347460843,-0.0455662004213
0.743864798108,-0.0441879286445
0.760220961965,-0.0426739881852
0.776415952411,-0.0410243790432
0.792449769449,-0.0392391012186
0.808322413077,-0.0373181547114
0.824033883296,-0.0352615395215
0.839584180106,-0.0330692556491
0.854973303507,-0.0307413030941
0.870201253498,-0.0282776818564
0.88526803008,-0.0256783919361
0.900173633252,-0.0229434333333
0.914918063016,-0.0200728060478
0.92950131937,-0.0170665100797
0.943923402314,-0.013924545429
0.95818431185,-0.0106469120956
0.972284047976,-0.0072336100797
0.986222610692,-0.00368463938115
1.0,0.0
