  
       XFOIL         Version 6.99
  
 Calculated polar for: G74A4                                           
  
 1 1 Reynolds number fixed          Mach number fixed         
  
 xtrf =   1.000 (top)        1.000 (bottom)  
 Mach =   0.000     Re =     0.200 e 6     Ncrit =   9.000
  
   alpha    CL        CD       CDp       CM     Top_Xtr  Bot_Xtr
  ------ -------- --------- --------- -------- -------- --------
 -13.000  -1.2161   0.03207   0.02463  -0.0233   1.0000   0.1206
 -12.750  -1.2157   0.03141   0.02383  -0.0188   1.0000   0.1253
 -12.500  -1.2143   0.03084   0.02333  -0.0145   1.0000   0.1293
 -12.250  -1.2147   0.03039   0.02277  -0.0096   1.0000   0.1346
 -12.000  -1.2126   0.02987   0.02224  -0.0051   1.0000   0.1392
 -11.750  -1.2118   0.02955   0.02190  -0.0003   1.0000   0.1438
 -11.500  -1.2127   0.02926   0.02143   0.0051   1.0000   0.1486
 -11.250  -1.2078   0.02885   0.02110   0.0092   1.0000   0.1530
 -11.000  -1.2066   0.02864   0.02086   0.0142   1.0000   0.1574
 -10.750  -1.2060   0.02845   0.02048   0.0195   1.0000   0.1619
 -10.500  -1.1944   0.02799   0.02008   0.0224   1.0000   0.1664
 -10.250  -1.1863   0.02779   0.01987   0.0261   1.0000   0.1708
 -10.000  -1.1784   0.02757   0.01952   0.0300   1.0000   0.1752
  -9.750  -1.1660   0.02718   0.01910   0.0328   1.0000   0.1797
  -9.500  -1.1529   0.02691   0.01886   0.0356   1.0000   0.1836
  -9.250  -1.1412   0.02669   0.01859   0.0387   1.0000   0.1879
  -9.000  -1.1310   0.02651   0.01825   0.0421   1.0000   0.1919
  -8.750  -1.1129   0.02606   0.01786   0.0438   1.0000   0.1963
  -8.500  -1.0980   0.02583   0.01765   0.0462   1.0000   0.2001
  -8.250  -1.0811   0.02574   0.01751   0.0482   0.9995   0.2046
  -8.000  -1.0575   0.02601   0.01761   0.0490   0.9968   0.2089
  -7.750  -1.0173   0.02639   0.01813   0.0463   0.9931   0.2148
  -7.500  -0.9862   0.02642   0.01815   0.0455   0.9863   0.2200
  -7.250  -0.9188   0.02697   0.01860   0.0377   0.9669   0.2279
  -7.000  -0.8729   0.02694   0.01867   0.0341   0.9561   0.2352
  -6.750  -0.8320   0.02716   0.01878   0.0317   0.9484   0.2431
  -6.500  -0.7962   0.02648   0.01819   0.0301   0.9394   0.2488
  -6.250  -0.7533   0.02630   0.01804   0.0272   0.9329   0.2556
  -6.000  -0.7184   0.02596   0.01761   0.0260   0.9247   0.2617
  -5.750  -0.6748   0.02537   0.01715   0.0230   0.9174   0.2693
  -5.500  -0.6307   0.02495   0.01673   0.0200   0.9103   0.2777
  -5.250  -0.5923   0.02430   0.01613   0.0182   0.9020   0.2859
  -5.000  -0.5465   0.02377   0.01565   0.0150   0.8957   0.2960
  -4.500  -0.4651   0.02231   0.01429   0.0108   0.8795   0.3187
  -4.250  -0.4367   0.02143   0.01352   0.0112   0.8663   0.3287
  -4.000  -0.4097   0.02062   0.01270   0.0121   0.8509   0.3411
  -3.250  -0.1974   0.01584   0.00745  -0.0103   0.6396   0.4045
  -3.000  -0.1630   0.01587   0.00721  -0.0117   0.5866   0.4220
  -2.750  -0.1388   0.01587   0.00712  -0.0110   0.5612   0.4392
  -2.500  -0.1146   0.01582   0.00703  -0.0104   0.5452   0.4581
  -2.250  -0.0897   0.01574   0.00694  -0.0098   0.5331   0.4812
  -2.000  -0.0669   0.01558   0.00689  -0.0088   0.5231   0.5077
  -1.750  -0.0447   0.01537   0.00681  -0.0077   0.5147   0.5443
  -1.500  -0.0177   0.01502   0.00675  -0.0076   0.5074   0.6087
  -0.500   0.3146   0.01917   0.01145  -0.0502   0.4725   0.8882
  -0.250   0.3590   0.01991   0.01202  -0.0532   0.4669   0.9013
   0.000   0.4232   0.02061   0.01267  -0.0603   0.4616   0.9070
   0.250   0.4591   0.02113   0.01318  -0.0618   0.4570   0.9187
   0.500   0.5222   0.02160   0.01356  -0.0689   0.4511   0.9237
   0.750   0.5662   0.02219   0.01404  -0.0722   0.4469   0.9345
   1.000   0.6350   0.02253   0.01431  -0.0809   0.4418   0.9381
   1.250   0.6822   0.02278   0.01458  -0.0849   0.4377   0.9459
   1.500   0.7261   0.02298   0.01477  -0.0885   0.4335   0.9531
   1.750   0.7790   0.02313   0.01486  -0.0939   0.4289   0.9600
   2.000   0.8312   0.02355   0.01517  -0.0995   0.4246   0.9666
   2.250   0.8892   0.02366   0.01530  -0.1062   0.4206   0.9721
   2.500   0.9300   0.02370   0.01540  -0.1093   0.4168   0.9811
   2.750   0.9794   0.02352   0.01524  -0.1142   0.4122   0.9885
   3.000   1.0399   0.02331   0.01499  -0.1216   0.4078   0.9968
   3.250   1.0901   0.02343   0.01505  -0.1270   0.4043   1.0000
   3.500   1.1236   0.02394   0.01555  -0.1289   0.4011   1.0000
   3.750   1.1360   0.02409   0.01580  -0.1262   0.3986   1.0000
   4.000   1.1491   0.02426   0.01607  -0.1236   0.3954   1.0000
   4.250   1.1659   0.02449   0.01635  -0.1217   0.3923   1.0000
   4.500   1.1842   0.02471   0.01659  -0.1202   0.3891   1.0000
   4.750   1.2072   0.02499   0.01688  -0.1197   0.3864   1.0000
   5.000   1.2359   0.02540   0.01726  -0.1205   0.3836   1.0000
   5.250   1.2667   0.02605   0.01793  -0.1218   0.3806   1.0000
   5.500   1.2716   0.02619   0.01820  -0.1173   0.3777   1.0000
   5.750   1.2767   0.02630   0.01842  -0.1130   0.3738   1.0000
   6.000   1.2857   0.02642   0.01860  -0.1094   0.3700   1.0000
   6.250   1.2996   0.02646   0.01862  -0.1069   0.3661   1.0000
   6.500   1.3311   0.02685   0.01887  -0.1083   0.3610   1.0000
   6.750   1.3244   0.02683   0.01902  -0.1014   0.3578   1.0000
   7.000   1.3219   0.02690   0.01921  -0.0955   0.3544   1.0000
   7.250   1.3233   0.02693   0.01931  -0.0903   0.3508   1.0000
   7.500   1.3307   0.02688   0.01926  -0.0865   0.3471   1.0000
   7.750   1.3505   0.02695   0.01925  -0.0852   0.3434   1.0000
   8.000   1.3583   0.02721   0.01959  -0.0816   0.3400   1.0000
   8.250   1.3518   0.02732   0.01986  -0.0750   0.3368   1.0000
   8.500   1.3500   0.02739   0.02003  -0.0694   0.3331   1.0000
   8.750   1.3546   0.02739   0.02007  -0.0651   0.3294   1.0000
   9.000   1.3633   0.02726   0.01989  -0.0616   0.3256   1.0000
   9.250   1.3712   0.02742   0.02008  -0.0581   0.3220   1.0000
   9.500   1.3629   0.02761   0.02045  -0.0515   0.3181   1.0000
   9.750   1.3595   0.02765   0.02057  -0.0458   0.3135   1.0000
  10.000   1.3627   0.02765   0.02058  -0.0414   0.3095   1.0000
  10.250   1.3702   0.02763   0.02050  -0.0379   0.3052   1.0000
  10.500   1.3618   0.02798   0.02106  -0.0316   0.3006   1.0000
  10.750   1.3607   0.02822   0.02139  -0.0267   0.2958   1.0000
  11.000   1.3616   0.02833   0.02151  -0.0222   0.2910   1.0000
  11.250   1.3626   0.02865   0.02189  -0.0179   0.2861   1.0000
  11.500   1.3578   0.02911   0.02249  -0.0127   0.2795   1.0000
  11.750   1.3577   0.02943   0.02282  -0.0084   0.2737   1.0000
  12.000   1.3542   0.03004   0.02355  -0.0038   0.2661   1.0000
  12.250   1.3505   0.03063   0.02417   0.0008   0.2577   1.0000
  12.500   1.3460   0.03146   0.02510   0.0052   0.2475   1.0000
  12.750   1.3384   0.03247   0.02614   0.0098   0.2350   1.0000
  13.000   1.3268   0.03386   0.02753   0.0147   0.2183   1.0000
