1.0,0.0
0.989597039158,0.00697264239823
0.978689018515,0.0137230262514
0.967275938071,0.0202511515594
0.955357797827,0.0265570183223
0.942934597783,0.0326406265401
0.930006337938,0.0385019762127
0.916573018293,0.0441410673403
0.902634638847,0.0495578999228
0.888191199601,0.0547524739601
0.873242700555,0.0597247894524
0.857789141707,0.0644748463995
0.84183052306,0.0690026448016
0.825366844612,0.0733081846585
0.808398106363,0.0773914659703
0.790924308314,0.081252488737
0.772945450465,0.0848912529586
0.754461532815,0.0883077586351
0.735472555364,0.0915020057665
0.715978518114,0.0944739943527
0.695979421062,0.0972237243939
0.675877154409,0.0998152346506
0.656073608353,0.102312563883
0.636568782894,0.104715712092
0.617362678032,0.107024679277
0.598455293768,0.109239465438
0.5798466301,0.111360070576
0.561536687029,0.113386494689
0.543525464555,0.115318737779
0.525812962679,0.117156799844
0.508399181399,0.118900680886
0.491284120717,0.120550380904
0.474467780631,0.122105899898
0.457950161143,0.123567237868
0.441731262252,0.124934394814
0.425811083958,0.126207370737
0.41018962626,0.127386165635
0.39486688916,0.12847077951
0.379842872657,0.129461212361
0.365117576751,0.130357464188
0.350691001442,0.131159534991
0.336510818243,0.131800020471
0.322524698666,0.132211516331
0.308732642711,0.132394022569
0.295134650378,0.132347539187
0.281730721667,0.132072066183
0.268520856579,0.131567603559
0.255505055113,0.130834151313
0.242683317268,0.129871709446
0.230055643047,0.128680277959
0.217622032447,0.12725985685
0.205382485469,0.12561044612
0.193337002114,0.123732045769
0.181485582381,0.121624655797
0.16982822627,0.119288276204
0.158364933781,0.116722906991
0.147095704914,0.113928548156
0.136020539669,0.1109051997
0.125139438047,0.107652861622
0.114452400047,0.104171533924
0.103959425669,0.100461216605
0.0938233816663,0.0966366430051
0.0842071347919,0.0928125464639
0.0751106850458,0.0889889269817
0.0665340324282,0.0851657845583
0.0584771769388,0.081343119194
0.0509401185778,0.0775209308886
0.0439228573452,0.0736992196421
0.0374253932408,0.0698779854546
0.0314477262649,0.0660572283261
0.0259898564172,0.0622369482565
0.021051783698,0.0584171452458
0.016633508107,0.0545978192941
0.0127350296445,0.0507789704013
0.00935634831021,0.0469605985675
0.00649746410431,0.0431427037927
0.00415837702676,0.0393252860768
0.00233908707755,0.0355083454198
0.00103959425669,0.0316918818218
0.000259898564172,0.0278758952828
0.0,0.0240603858027
0.000205207738274,0.0202661526067
0.000820830953094,0.01651399492
0.00184686964446,0.0128039127426
0.00328332381238,0.00913590607444
0.00513019345684,0.00550997491558
0.00738747857785,0.001926119266
0.0100551791754,-0.0016156608743
0.0131332952495,-0.00511536550531
0.0166218268002,-0.00857299462705
0.0205207738274,-0.0119885482395
0.0248301363311,-0.0153620263427
0.0295499143114,-0.0186934289366
0.0346801077682,-0.0219827560212
0.0402207167016,-0.0252300075965
0.0461717411116,-0.0284351836626
0.052533180998,-0.0315982842193
0.0593050363611,-0.0347193092668
0.0664873072006,-0.037798258805
0.0740799935168,-0.040835132834
0.0820830953094,-0.0438299313536
0.0905107017371,-0.0467145439452
0.0993769019584,-0.0494208601899
0.108681695973,-0.0519488800877
0.118425083781,-0.0542986036387
0.128607065383,-0.0564700308428
0.139227640779,-0.0584631617
0.150286809968,-0.0602779962103
0.16178457295,-0.0619145343738
0.173720929726,-0.0633727761904
0.186095880296,-0.0646527216601
0.198909424659,-0.065754370783
0.212161562815,-0.066677723559
0.225852294765,-0.0674227799881
0.239981620509,-0.0679895400704
0.254549540046,-0.0683780038058
0.269556053377,-0.0685881711943
0.285001160501,-0.0686200422359
0.300884861419,-0.0684736169307
0.31720715613,-0.0681488952786
0.333968044635,-0.0676458772796
0.350944573766,-0.0670411481157
0.367913790357,-0.0664112929687
0.384875694408,-0.0657563118387
0.401830285917,-0.0650762047256
0.418777564887,-0.0643709716295
0.435717531316,-0.0636406125504
0.452650185204,-0.0628851274881
0.469575526552,-0.0621045164429
0.486493555359,-0.0612987794146
0.503404271626,-0.0604679164032
0.520307675352,-0.0596119274089
0.537203766538,-0.0587308124314
0.554092545183,-0.0578245714709
0.570974011288,-0.0568932045274
0.587848164852,-0.0559367116008
0.604715005876,-0.0549550926912
0.621574534359,-0.0539483477985
0.638426750302,-0.0529164769228
0.655271653704,-0.051859480064
0.672109244566,-0.0507773572222
0.688921209317,-0.0496104622875
0.705689234385,-0.04829914915
0.722413319772,-0.0468434178097
0.739093465476,-0.0452432682667
0.755729671499,-0.0434987005208
0.772321937839,-0.0416097145722
0.788870264498,-0.0395763104208
0.805374651475,-0.0373984880667
0.821835098769,-0.0350762475097
0.838251606382,-0.03260958875
0.854624174313,-0.0299985117875
0.870952802561,-0.0272430166222
0.887237491128,-0.0243431032542
0.903478240013,-0.0212987716833
0.919675049216,-0.0181100219097
0.935827918737,-0.0147768539333
0.951936848575,-0.0112992677542
0.968001838732,-0.00767726337222
0.984022889207,-0.0039108407875
1.0,0.0
