1.0,0.0
0.988696339025,0.00699419947755
0.976958492272,0.0137602898302
0.964786459742,0.0202982710578
0.952180241434,0.0266081431605
0.939139837347,0.0326899061383
0.925665247484,0.0385435599912
0.911756471842,0.0441691047191
0.897413510423,0.049566540322
0.882636363225,0.0547358668
0.86742503025,0.0596770841531
0.851779511497,0.0643901923812
0.835699806967,0.0688751914844
0.819185916659,0.0731320814626
0.802237840572,0.0771608623159
0.784855578708,0.0809615340442
0.767039131067,0.0845340966476
0.748788497647,0.0878785501261
0.73010367845,0.0909948944796
0.710984673475,0.0938831297081
0.691431482722,0.0965432558118
0.671785966948,0.0990421093637
0.652389986912,0.101446526937
0.633243542611,0.103756508533
0.614346634048,0.10597205415
0.595699261221,0.108093163788
0.577301424131,0.110119837448
0.559153122777,0.11205207513
0.54125435716,0.113889876834
0.52360512728,0.115633242559
0.506205433136,0.117282172305
0.489055274729,0.118836666074
0.472154652059,0.120296723864
0.455503565125,0.121662345676
0.439102013928,0.122933531509
0.422949998468,0.124110281364
0.407047518744,0.12519259524
0.391394574757,0.126180473139
0.375991166507,0.127073915059
0.360837293993,0.127872921
0.345932957216,0.128577490963
0.331275205944,0.129127245167
0.316861089948,0.12946180383
0.302690609227,0.129581166952
0.288763763781,0.129485334533
0.275080553611,0.129174306573
0.261640978715,0.128648083073
0.248445039094,0.127906664032
0.235492734749,0.12695004945
0.222784065679,0.125778239327
0.210319031883,0.124391233664
0.198097633363,0.122789032459
0.186119870118,0.120971635714
0.174385742149,0.118939043429
0.162895249454,0.116691255602
0.151648392034,0.114228272234
0.14064516989,0.111550093326
0.129885583021,0.108656718877
0.119369631427,0.105548148887
0.109097315108,0.102224383357
0.0990686340636,0.0986854222855
0.0894094422424,0.0950378767119
0.0802455935915,0.0913883576749
0.071577088111,0.0877368651743
0.0634039258007,0.0840833992103
0.0557261066608,0.0804279597827
0.0485436306912,0.0767705468916
0.0418564978919,0.073111160537
0.0356647082629,0.0694498007189
0.0299682618042,0.0657864674372
0.0247671585159,0.0621211606921
0.0200613983979,0.0584538804834
0.0158509814502,0.0547846268112
0.0121359076728,0.0511133996755
0.00891617706573,0.0474401990763
0.00619178962898,0.0437650250136
0.00396274536255,0.0400878774874
0.00222904426643,0.0364087564976
0.000990686340636,0.0327276620443
0.000247671585159,0.0290445941275
0.0,0.0253595527473
0.000223241803527,0.0216910212054
0.000892967214107,0.0180574828039
0.00200917623174,0.0144589375429
0.00357186885643,0.0108953854223
0.00558104508817,0.00736682644201
0.00803670492696,0.00387326060216
0.0109388483728,0.000414687902721
0.0142874754257,-0.00300889165632
0.0180825860857,-0.00639747807496
0.0223241803527,-0.00975107135319
0.0270122582267,-0.013069671491
0.0321468197079,-0.0163532784885
0.037727864796,-0.0196018923455
0.0437553934913,-0.0228155130621
0.0502294057935,-0.0259941406383
0.0571499017029,-0.0291377750742
0.0645168812192,-0.0322464163696
0.0723303443427,-0.0353200645246
0.0805902910732,-0.0383587195392
0.0892967214107,-0.0413623814135
0.0984406747619,-0.0442587738543
0.108013190533,-0.0469756205687
0.118014268725,-0.0495129215568
0.128443909337,-0.0518706768185
0.13930211237,-0.0540488863538
0.150588877822,-0.0560475501627
0.162304205695,-0.0578666682453
0.174448095988,-0.0595062406014
0.187020548702,-0.0609662672312
0.200021563836,-0.0622467481346
0.21345114139,-0.0633476833116
0.227309281364,-0.0642690727623
0.241595983759,-0.0650109164865
0.256311248573,-0.0655732144844
0.271455075809,-0.0659559667559
0.287027465464,-0.066159173301
0.30302841754,-0.0661828341198
0.319457932036,-0.0660269492121
0.336316008952,-0.0656915185781
0.353602648289,-0.0651765422177
0.371080774497,-0.0645590481584
0.388513312027,-0.0639160644276
0.40590026088,-0.0632475910254
0.423241621055,-0.0625536279517
0.440537392553,-0.0618341752066
0.457787575373,-0.06108923279
0.474992169516,-0.0603188007019
0.492151174981,-0.0595228789424
0.509264591768,-0.0587014675115
0.526332419878,-0.0578545664091
0.54335465931,-0.0569821756352
0.560331310065,-0.0560842951899
0.577262372142,-0.0551609250732
0.594147845542,-0.054212065285
0.610987730264,-0.0532377158253
0.627782026308,-0.0522378766942
0.644530733675,-0.0512125478916
0.661233852365,-0.0501617294176
0.677891382377,-0.0490854212721
0.694503323711,-0.0479836234552
0.711026755047,-0.0468048488765
0.727418755066,-0.0454976104459
0.743679323766,-0.0440619081632
0.759808461148,-0.0424977420285
0.775806167212,-0.0408051120418
0.791672441958,-0.0389840182031
0.807407285386,-0.0370344605123
0.823010697496,-0.0349564389696
0.838482678287,-0.0327499535749
0.853823227761,-0.0304150043281
0.869032345916,-0.0279515912293
0.884110032753,-0.0253597142786
0.899056288273,-0.0226393734758
0.913871112474,-0.019790568821
0.928554505357,-0.0168133003142
0.943106466922,-0.0137075679554
0.957526997168,-0.0104733717445
0.971816096097,-0.0071107116817
0.985973763708,-0.00361958776686
1.0,0.0
