1.0,0.0
0.98986524791,0.00681915775338
0.979198694771,0.0134270568945
0.968000340581,0.0198236974235
0.956270185341,0.0260090793403
0.944008229051,0.0319832026448
0.93121447171,0.0377460673371
0.91788891332,0.0432976734173
0.904031553879,0.0486380208852
0.889642393388,0.0537671097409
0.874721431847,0.0586849399844
0.859268669256,0.0633915116157
0.843284105615,0.0678868246348
0.826767740924,0.0721708790417
0.809719575182,0.0762436748363
0.792139608391,0.0801052120188
0.774027840549,0.083755490589
0.755384271657,0.0871945105471
0.736208901715,0.0904222718929
0.716501730722,0.0934387746266
0.69626275868,0.096244018748
0.675911451903,0.0988925542264
0.655867276708,0.101438931031
0.636130233095,0.103883149162
0.616700321064,0.106225208619
0.597577540614,0.108465109403
0.578761891746,0.110602851512
0.56025337446,0.112638434948
0.542051988755,0.11457185971
0.524157734632,0.116403125799
0.506570612091,0.118132233213
0.489290621132,0.119759181954
0.472317761754,0.121283972021
0.455652033959,0.122706603414
0.439293437744,0.124027076134
0.423241973112,0.12524539018
0.407497640061,0.126361545552
0.392060438592,0.12737554225
0.376930368705,0.128287380275
0.3621074304,0.129097059625
0.347591623676,0.129804580302
0.333333477248,0.130351381881
0.319283519832,0.130678903938
0.305441751426,0.130787146472
0.291808172031,0.130676109483
0.278382781646,0.130345792972
0.265165580273,0.129796196938
0.25215656791,0.129027321382
0.239355744558,0.128039166304
0.226763110216,0.126831731703
0.214378664886,0.125405017579
0.202202408566,0.123759023933
0.190234341257,0.121893750765
0.178474462959,0.119809198074
0.166922773672,0.117505365861
0.155579273395,0.114982254125
0.144443962129,0.112239862867
0.133516839874,0.109278192086
0.12279790663,0.106097241782
0.112287162396,0.102697011957
0.101984607173,0.0990775026083
0.0920411079741,0.0953478975287
0.0826075318105,0.091617380509
0.0736838786828,0.0878859515492
0.065270148591,0.0841536106493
0.0573663415351,0.0804203578092
0.049972457515,0.076686193029
0.0430884965308,0.0729511163088
0.0367144585824,0.0692151276484
0.03085034367,0.0654782270478
0.0254961517934,0.0617404145072
0.0206518829526,0.0580016900264
0.0163175371478,0.0542620536056
0.0124931143787,0.0505215052446
0.00917861464561,0.0467800449435
0.00637403794834,0.0430376727023
0.00407938428694,0.0392943885209
0.0022946536614,0.0355501923995
0.00101984607173,0.0318050843379
0.000254961517934,0.0280590643362
0.0,0.0243121323944
0.000207714597539,0.0205823298265
0.000830858390155,0.0168876979466
0.00186943137785,0.0132282367547
0.00332343356062,0.00960394625079
0.00519286493847,0.00601482643485
0.00747772551139,0.00246087730689
0.0101780152794,-0.00105790113309
0.0132937342425,-0.00454150888508
0.0168248824006,-0.0079899459491
0.0207714597539,-0.0114032123251
0.0251334663022,-0.0147813080132
0.0299109020456,-0.0181242330132
0.035103766984,-0.0214319873253
0.0407120611176,-0.0247045709494
0.0467357844462,-0.0279419838855
0.0531749369699,-0.0311442261337
0.0600295186887,-0.0343112976938
0.0672995296025,-0.037443198566
0.0749849697115,-0.0405399287501
0.0830858390155,-0.0436014882463
0.091610963489,-0.0465534960978
0.100569169107,-0.0493215713478
0.109960455868,-0.0519057139963
0.119784823774,-0.0543059240432
0.130042272824,-0.0565222014887
0.140732803018,-0.0585545463327
0.151856414356,-0.0604029585752
0.163413106838,-0.0620674382163
0.175402880464,-0.0635479852558
0.187825735234,-0.0648445996938
0.200681671148,-0.0659572815303
0.213970688207,-0.0668860307654
0.227692786409,-0.0676308473989
0.241847965756,-0.068191731431
0.256436226246,-0.0685686828616
0.271457567881,-0.0687617016906
0.286911990659,-0.0687707879182
0.302799494582,-0.0685959415443
0.319120079649,-0.0682371625689
0.33587374586,-0.067694450992
0.352839058199,-0.0670482993968
0.36979458165,-0.0663792003666
0.386740316213,-0.0656871539013
0.403676261888,-0.0649721600009
0.420602418676,-0.0642342186654
0.437518786576,-0.0634733298949
0.454425365588,-0.0626894936893
0.471322155712,-0.0618827100486
0.488209156948,-0.0610529789729
0.505086369297,-0.0602003004621
0.521953792758,-0.0593246745162
0.53881142733,-0.0584261011353
0.555659273015,-0.0575045803192
0.572497329813,-0.0565601120681
0.589325597722,-0.055592696382
0.606144076743,-0.0546023332608
0.622952766877,-0.0535890227045
0.639751668123,-0.0525527647131
0.656540780481,-0.0514935592867
0.673320103951,-0.0504114064251
0.690072511266,-0.049246432659
0.706780875159,-0.0479387645186
0.723445195629,-0.046488402004
0.740065472677,-0.0448953451152
0.756641706303,-0.0431595938522
0.773173896506,-0.0412811482149
0.789662043287,-0.0392600082034
0.806106146645,-0.0370961738177
0.822506206581,-0.0347896450578
0.838862223095,-0.0323404219236
0.855174196186,-0.0297485044153
0.871442125855,-0.0270138925327
0.887666012102,-0.0241365862759
0.903845854926,-0.0211165856448
0.919981654327,-0.0179538906396
0.936073410307,-0.0146485012601
0.952121122864,-0.0112004175064
0.968124791998,-0.0076096393785
0.98408441771,-0.00387616687636
1.0,0.0
