1.0,0.0
0.989144558909,0.00700135956291
0.977758914223,0.0137757166932
0.96584306594,0.0203230713908
0.953397014061,0.0266434236557
0.940420758586,0.032736773488
0.926914299515,0.0386031208876
0.912877636848,0.0442424658545
0.898310770584,0.0496548083888
0.883213700725,0.0548401484904
0.867586427269,0.0597984861594
0.851428950218,0.0645298213957
0.83474126957,0.0690341541994
0.817523385326,0.0733114845704
0.799775297486,0.0773618125087
0.78149700605,0.0811851380143
0.762688511018,0.0847814610874
0.743349812389,0.0881507817277
0.723480910165,0.0912930999354
0.703081804344,0.0942084157104
0.682152494927,0.0968967290528
0.661156375387,0.0994313193934
0.640556839196,0.101885466163
0.620353886353,0.104259169362
0.600547516859,0.10655242899
0.581137730714,0.108765245047
0.562124527918,0.110897617534
0.543507908471,0.11294954645
0.525287872373,0.114921031794
0.507464419623,0.116812073568
0.490037550222,0.118622671771
0.47300726417,0.120352826404
0.456373561467,0.122002537465
0.440136442113,0.123571804956
0.424295906108,0.125060628875
0.408851953452,0.126469009224
0.393804584144,0.127796946002
0.379153798185,0.12904443921
0.364899595575,0.130211488846
0.351041976314,0.131298094912
0.337580940402,0.132304257406
0.324393572897,0.133146638049
0.31135695886,0.133741898559
0.298471098289,0.134090038937
0.285735991185,0.134191059181
0.273151637548,0.134044959293
0.260718037378,0.133651739272
0.248435190675,0.133011399118
0.236303097438,0.132123938831
0.224321757668,0.130989358411
0.212491171365,0.129607657858
0.200811338529,0.127978837173
0.18928225916,0.126102896355
0.177903933258,0.123979835404
0.166676360822,0.12160965432
0.155599541853,0.118992353103
0.144673476351,0.116127931754
0.133898164316,0.113016390271
0.123273605748,0.109657728656
0.112799800646,0.106051946908
0.102476749012,0.102199045027
0.0924852659832,0.0982297821824
0.0830061666996,0.0942749175418
0.0740394511611,0.0903344511055
0.0655851193676,0.0864083828736
0.0576431713192,0.0824967128461
0.0502136070158,0.078599441023
0.0432964264575,0.0747165674043
0.0368916296443,0.0708480919899
0.0309992165761,0.0669940147799
0.025619187253,0.0631543357744
0.0207515416749,0.0593290549732
0.0163962798419,0.0555181723764
0.012553401754,0.051721687984
0.00922290741107,0.0479396017959
0.00640479681324,0.0441719138123
0.00409906996047,0.040418624033
0.00230572685277,0.0366797324581
0.00102476749012,0.0329552390876
0.00025619187253,0.0292451439215
0.0,0.0255494469598
0.000203401213645,0.0218817441011
0.000813604854579,0.018255631244
0.0018306109228,0.0146711083886
0.00325441941832,0.0111281755348
0.00508503034112,0.00762683268271
0.00732244369121,0.00416707983224
0.00996665946859,0.000748916983413
0.0130176776733,-0.00262765586377
0.0164754983052,-0.0059626387093
0.0203401213645,-0.00925603155318
0.024611546851,-0.0125078343954
0.0292897747648,-0.015718047236
0.034374805106,-0.018886670075
0.0398666378744,-0.0220137029123
0.0457652730701,-0.0250991457479
0.052070710693,-0.0281429985819
0.0587829507433,-0.0311452614143
0.0659019932209,-0.034105934245
0.0734278381257,-0.037025017074
0.0813604854579,-0.0399025099014
0.0897659068135,-0.0426764203808
0.0987100737889,-0.0452847561655
0.108192986384,-0.0477275172557
0.118214644599,-0.0500047036514
0.128775048434,-0.0521163153525
0.139874197888,-0.054062352359
0.151512092962,-0.055842814671
0.163688733656,-0.0574577022885
0.176404119969,-0.0589070152113
0.189658251903,-0.0601907534397
0.203451129456,-0.0613089169735
0.217782752628,-0.0622615058127
0.232653121421,-0.0630485199573
0.248062235833,-0.0636699594075
0.264010095865,-0.064125824163
0.280496701517,-0.064416114224
0.297522052788,-0.0645408295905
0.315086149679,-0.0644999702624
0.33318899219,-0.0642935362398
0.351830580321,-0.0639215275225
0.370679637812,-0.0634531825285
0.389404888405,-0.0629577396753
0.408006332101,-0.0624351989629
0.426483968898,-0.0618855603914
0.444837798797,-0.0613088239608
0.463067821798,-0.060704989671
0.481174037901,-0.060074057522
0.499156447105,-0.0594160275139
0.517015049412,-0.0587308996467
0.534749844821,-0.0580186739203
0.552360833331,-0.0572793503347
0.569848014943,-0.05651292889
0.587211389658,-0.0557194095861
0.604450957474,-0.0548987924231
0.621566718392,-0.054051077401
0.638558672412,-0.0531762645197
0.655426819534,-0.0522743537792
0.672171159758,-0.0513453451796
0.688791693083,-0.0503892387209
0.705288419511,-0.049406034403
0.721638280292,-0.0483356037319
0.737818216677,-0.0471178182135
0.753828228667,-0.0457526778478
0.769668316262,-0.0442401826349
0.785338479461,-0.0425803325748
0.800838718265,-0.0407731276673
0.816169032673,-0.0388185679126
0.831329422686,-0.0367166533106
0.846319888303,-0.0344673838614
0.861140429526,-0.0320707595649
0.875791046352,-0.0295267804211
0.890271738784,-0.02683544643
0.90458250682,-0.0239967575917
0.91872335046,-0.0210107139061
0.932694269705,-0.0178773153733
0.946495264555,-0.0145965619931
0.960126335009,-0.0111684537658
0.973587481068,-0.00759299069111
0.986878702732,-0.00387017276919
1.0,0.0
