1.0,0.0
0.988793655784,0.00690179870626
0.977079414466,0.0135846403013
0.964857276044,0.0200485247852
0.95212724052,0.0262934521578
0.938889307894,0.0323194224192
0.925143478164,0.0381264355694
0.910889751333,0.0437144916084
0.896128127398,0.0490835905362
0.880858606361,0.0542337323527
0.865081188221,0.0591649170581
0.848795872978,0.0638771446522
0.832002660633,0.0683704151352
0.814701551185,0.0726447285069
0.796892544634,0.0767000847674
0.778575640981,0.0805364839167
0.759750840224,0.0841539259548
0.740418142366,0.0875524108817
0.720577547404,0.0907319386973
0.70022905534,0.0936925094018
0.679372666173,0.096434122995
0.658459255798,0.0990252318907
0.637939700109,0.101534288503
0.617813999105,0.10396129283
0.598082152787,0.106306244874
0.578744161155,0.108569144634
0.559800024208,0.110749992111
0.541249741947,0.112848787303
0.523093314372,0.114865530211
0.505330741483,0.116800220836
0.48796202328,0.118652859176
0.470987159762,0.120423445233
0.45440615093,0.122111979006
0.438218996783,0.123718460495
0.422425697323,0.1252428897
0.407026252548,0.126685266621
0.392020662459,0.128045591258
0.377408927055,0.129323863612
0.363191046338,0.130520083681
0.349367020306,0.131634251467
0.33593684896,0.132666366968
0.322779930545,0.133531060158
0.309775663309,0.134142961009
0.29692404725,0.13450206952
0.284225082369,0.134608385692
0.271678768666,0.134461909524
0.259285106141,0.134062641017
0.247044094794,0.13341058017
0.234955734625,0.132505726985
0.223020025633,0.131348081459
0.211236967819,0.129937643595
0.199606561183,0.12827441339
0.188128805725,0.126358390847
0.176803701445,0.124189575964
0.165631248343,0.121767968742
0.154611446418,0.11909356918
0.143744295672,0.116166377279
0.133029796103,0.112986393038
0.122467947712,0.109553616458
0.112058750499,0.105868047539
0.101802204464,0.10192968628
0.0918764895283,0.0978745460546
0.0824597856155,0.0938386402347
0.0735520927249,0.0898219688205
0.0651534108567,0.085824531812
0.0572637400107,0.0818463292092
0.0498830801871,0.0778873610121
0.0430114313858,0.0739476272207
0.0366487936069,0.070027127835
0.0307951668502,0.0661258628551
0.0254505511159,0.0622438322808
0.0206149464039,0.0583810361122
0.0162883527142,0.0545374743494
0.0124707700468,0.0507131469922
0.00916219840172,0.0469080540408
0.00636263777897,0.0431221954951
0.00407208817854,0.039355571355
0.00229054960043,0.0356081816207
0.00101802204464,0.0318800262921
0.000254505511159,0.0281711053692
0.0,0.0244814188519
0.000207921668141,0.0208220940686
0.000831686672564,0.0172042583473
0.00187129501327,0.0136279116879
0.00332674669026,0.0100930540906
0.00519804170352,0.00659968555532
0.00748518005307,0.00314780608203
0.0101881617389,-0.000262584329244
0.013306986761,-0.0036314856785
0.0168416551194,-0.00695889796575
0.0207921668141,-0.010244821191
0.0251585218451,-0.0134892553542
0.0299407202123,-0.0166922004554
0.0351387619158,-0.0198536564946
0.0407526469556,-0.0229736234718
0.0467823753317,-0.026052101387
0.0532279470441,-0.0290890902401
0.0600893620927,-0.0320845900313
0.0673666204777,-0.0350386007604
0.0750597221989,-0.0379511224275
0.0831686672564,-0.0408221550326
0.0917394154708,-0.043589224289
0.100817926663,-0.0461898559101
0.110404200832,-0.0486240498957
0.120498237979,-0.0508918062459
0.131100038103,-0.0529931249608
0.142209601205,-0.0549280060403
0.153826927284,-0.0566964494844
0.165952016341,-0.0582984552931
0.178584868375,-0.0597340234664
0.191725483387,-0.0610031540044
0.205373861376,-0.0621058469069
0.219530002343,-0.0630421021741
0.234193906287,-0.0638119198059
0.249365573209,-0.0644152998023
0.265045003108,-0.0648522421633
0.281232195985,-0.0651227468889
0.297927151839,-0.0652268139792
0.31512987067,-0.065164443434
0.33284035248,-0.0649356352535
0.351058597266,-0.0645403894376
0.369485079545,-0.0640482646628
0.387820273831,-0.0635288196054
0.406064180123,-0.0629820542655
0.424216798422,-0.0624079686431
0.442278128729,-0.0618065627382
0.460248171042,-0.0611778365508
0.478126925362,-0.0605217900809
0.495914391689,-0.0598384233284
0.513610570022,-0.0591277362935
0.531215460363,-0.058389728976
0.54872906271,-0.057624401376
0.566151377065,-0.0568317534935
0.583482403426,-0.0560117853285
0.600722141794,-0.055164496881
0.617870592169,-0.054289888151
0.634927754551,-0.0533879591384
0.65189362894,-0.0524587098434
0.668768215335,-0.0515021402658
0.685551513738,-0.0505182504057
0.702243524147,-0.0495070402631
0.718801963429,-0.0484096458928
0.735184548448,-0.0471672033496
0.751391279206,-0.0457797126334
0.767422155702,-0.0442471737443
0.783277177935,-0.0425695866822
0.798956345907,-0.0407469514473
0.814459659617,-0.0387792680394
0.829787119065,-0.0366665364585
0.84493872425,-0.0344087567048
0.859914475174,-0.0320059287781
0.874714371836,-0.0294580526785
0.889338414235,-0.0267651284059
0.903786602373,-0.0239271559604
0.918058936248,-0.020944135342
0.932155415862,-0.0178160665507
0.946076041214,-0.0145429495864
0.959820812303,-0.0111247844492
0.973389729131,-0.00756157113907
0.986782791696,-0.003853309656
1.0,0.0
