1.0,0.0
0.98918675638,0.00705839626152
0.977840599337,0.0138820569123
0.965961528873,0.0204709819523
0.953549544987,0.0268251713816
0.940604647679,0.0329446252001
0.927126836949,0.0388293434079
0.913116112797,0.0444793260049
0.898572475223,0.0498945729912
0.883495924227,0.0550750843667
0.86788645981,0.0600208601315
0.85174408197,0.0647319002855
0.835068790708,0.0692082048287
0.817860586025,0.0734497737613
0.800119467919,0.077456607083
0.781845436392,0.081228704794
0.763038491443,0.0847660668943
0.743698633072,0.0880686933838
0.723825861278,0.0911365842626
0.703420176063,0.0939697395306
0.682481577426,0.0965681591878
0.661464393782,0.0990151985538
0.640822953545,0.101394212948
0.620557256715,0.10370520237
0.600667303292,0.10594816682
0.581153093277,0.108123106298
0.562014626669,0.110230020804
0.543251903468,0.112268910339
0.524864923675,0.114239774901
0.506853687289,0.116142614491
0.48921819431,0.11797742911
0.471958444738,0.119744218756
0.455074438574,0.121442983431
0.438566175816,0.123073723134
0.422433656466,0.124636437864
0.406676880524,0.126131127623
0.391295847988,0.12755779241
0.37629055886,0.128916432225
0.361661013139,0.130207047068
0.347407210826,0.131429636939
0.33352915192,0.132584201838
0.319935435297,0.13357246724
0.306534659835,0.134296158619
0.293326825533,0.134755275976
0.280311932392,0.134949819311
0.267489980411,0.134879788623
0.254860969591,0.134545183913
0.242424899931,0.133946005181
0.230181771431,0.133082252426
0.218131584092,0.131953925648
0.206274337913,0.130561024848
0.194610032894,0.128903550026
0.183138669036,0.126981501182
0.171860246339,0.124794878315
0.160774764801,0.122343681425
0.149882224425,0.119627910513
0.139182625208,0.116647565579
0.128675967152,0.113402646623
0.118362250256,0.109893153644
0.108241474521,0.106119086642
0.0983136399463,0.102080445618
0.0887280600516,0.0979238755522
0.0796340483565,0.0937960214239
0.0710316048612,0.0896968832333
0.0629207295657,0.0856264609806
0.0553014224698,0.0815847546656
0.0481736835737,0.0775717642885
0.0415375128773,0.0735874898492
0.0353929103807,0.0696319313477
0.0297398760838,0.065705088784
0.0245784099866,0.061806962158
0.0199085120891,0.0579375514699
0.0157301823914,0.0540968567196
0.0120434208934,0.0502848779071
0.00884822759517,0.0465016150324
0.00614460249665,0.0427470680955
0.00393254559785,0.0390212370964
0.00221205689879,0.0353241220351
0.000983136399463,0.0316557229116
0.000245784099866,0.028016039726
0.0,0.0244050724781
0.000207327587427,0.0208259223743
0.000829310349709,0.0172816906209
0.00186594828684,0.0137723772178
0.00331724139883,0.0102979821652
0.00518318968568,0.00685850546294
0.00746379314738,0.00345394711106
0.0101590517839,8.43071095531e-05
0.0132689655953,-0.00325041454157
0.0167935345816,-0.00655021784231
0.0207327587427,-0.00981510279267
0.0250866380787,-0.0130450693926
0.0298551725895,-0.0162401176422
0.0350383622752,-0.0194002475415
0.0406362071357,-0.0225254590903
0.0466487071711,-0.0256157522887
0.0530758623814,-0.0286711271368
0.0599176727664,-0.0316915836345
0.0671741383264,-0.0346771217818
0.0748452590612,-0.0376277415788
0.0829310349709,-0.0405434430253
0.0914820173805,-0.0433589735228
0.100548757615,-0.0460090804726
0.110131255675,-0.0484937638748
0.120229511559,-0.0508130237292
0.130843525269,-0.052966860036
0.141973296804,-0.0549552727951
0.153618826164,-0.0567782620065
0.165780113348,-0.0584358276701
0.178457158358,-0.0599279697862
0.191649961193,-0.0612546883545
0.205358521853,-0.0624159833751
0.219582840338,-0.0634118548481
0.234322916648,-0.0642423027733
0.249578750783,-0.0649073271509
0.265350342743,-0.0654069279808
0.281637692528,-0.065741105263
0.298440800138,-0.0659098589975
0.315759665573,-0.0659131891843
0.333594288833,-0.0657510958234
0.351944669918,-0.0654235789148
0.370489364737,-0.0650002614377
0.3889069292,-0.0645507663711
0.407197363307,-0.064075093715
0.425360667057,-0.0635732434694
0.44339684045,-0.0630452156344
0.461305883487,-0.0624910102099
0.479087796168,-0.0619106271959
0.496742578492,-0.0613040665924
0.514270230459,-0.0606713283995
0.53167075207,-0.0600124126171
0.548944143325,-0.0593273192452
0.566090404223,-0.0586160482838
0.583109534765,-0.057878599733
0.60000153495,-0.0571149735926
0.616766404778,-0.0563251698628
0.63340414425,-0.0555091885436
0.649914753366,-0.0546670296348
0.666298232125,-0.0537986931366
0.682554580528,-0.0529041790489
0.698683798574,-0.0519834873718
0.714699459302,-0.050966437205
0.730615135751,-0.0497828476486
0.74643082792,-0.0484327187025
0.762146535809,-0.0469160503668
0.777762259418,-0.0452328426414
0.793277998748,-0.0433830955263
0.808693753798,-0.0413668090215
0.824009524569,-0.0391839831271
0.839225311059,-0.036834617843
0.854341113271,-0.0343187131693
0.869356931202,-0.0316362691059
0.884272764854,-0.0287872856528
0.899088614226,-0.02577176281
0.913804479318,-0.0225897005776
0.928420360131,-0.0192410989555
0.942936256664,-0.0157259579437
0.957352168918,-0.0120442775423
0.971668096891,-0.0081960577512
0.985884040586,-0.00418129857044
1.0,0.0
