1.0,0.0
0.980303220944,0.00539531279841
0.96083724023,0.0107086675446
0.941602057857,0.0159400642386
0.922597673827,0.0210895028803
0.903824088139,0.0261569834698
0.885281300793,0.0311425060071
0.866969311789,0.0360460704922
0.848888121127,0.0408676769251
0.831037728807,0.0456073253057
0.813418134829,0.0502650156341
0.796029339193,0.0548407479103
0.778871341899,0.0593345221343
0.761944142947,0.063746338306
0.745247742338,0.0680761964255
0.72878214007,0.0723240964928
0.712547336144,0.0764900385079
0.69654333056,0.0805740224708
0.680770123318,0.0845760483814
0.665227714419,0.0884961162398
0.649916103861,0.092334226046
0.63473502507,0.0960286952799
0.619584211469,0.0995178414214
0.604463663059,0.10280166447
0.589373379839,0.105880164427
0.57431336181,0.108753341291
0.559283608972,0.111421195063
0.544284121324,0.113883725743
0.529314898867,0.11614093333
0.5143759416,0.118192817825
0.499467249524,0.120039379227
0.484588822639,0.121680617537
0.469740660944,0.123116532754
0.454922764439,0.124347124879
0.440135133126,0.125372393912
0.425377767003,0.126192339852
0.41065066607,0.1268069627
0.395953830328,0.127216262456
0.381287259777,0.127420239119
0.366650954417,0.12741889269
0.352044914246,0.127212223168
0.337561109563,0.126846095685
0.323291510662,0.126366375371
0.309236117543,0.125773062225
0.295394930207,0.125066156249
0.281767948654,0.124245657442
0.268355172883,0.123311565804
0.255156602894,0.122263881335
0.242172238688,0.121102604035
0.229402080264,0.119827733905
0.216846127623,0.118439270943
0.204504380765,0.11693721515
0.192376839689,0.115321566527
0.180463504395,0.113592325072
0.168764374884,0.111749490787
0.157279451155,0.109793063671
0.146008733209,0.107723043723
0.134952221045,0.105539430945
0.124109914664,0.103242225336
0.113481814066,0.100831426896
0.103067919249,0.0983070356252
0.0930187971226,0.0956925305375
0.083485014592,0.0930113906471
0.0744665716577,0.0902636159541
0.0659634683196,0.0874492064584
0.0579757045778,0.08456816216
0.0505032804322,0.081620483059
0.0435461958829,0.0786061691554
0.0371044509298,0.0755252204491
0.0311780455729,0.0723776369401
0.0257669798124,0.0691634186285
0.020871253648,0.0658825655143
0.0164908670799,0.0625350775974
0.0126258201081,0.0591209548778
0.00927611273245,0.0556401973556
0.00644174495309,0.0520928050308
0.00412271676998,0.0484787779033
0.00231902818311,0.0447981159731
0.00103067919249,0.0410508192403
0.000257669798124,0.0372368877048
0.0,0.0333563213667
0.000253868994303,0.0294499332257
0.00101547597721,0.0255585362816
0.00228482094873,0.0216821305344
0.00406190390885,0.0178207159841
0.00634672485758,0.0139742926307
0.00913928379491,0.0101428604742
0.0124395807208,0.00632641951464
0.0162476156354,0.00252496975193
0.0205633885385,-0.00126148881388
0.0253868994303,-0.00503295618279
0.0307181483107,-0.00878943235481
0.0365571351796,-0.0125309173299
0.0429038600372,-0.0162574111081
0.0497583228834,-0.0199689136895
0.0571205237182,-0.0236654250739
0.0649904625416,-0.0273469452614
0.0733681393536,-0.0310134742521
0.0822535541542,-0.0346650120458
0.0916467069434,-0.0383015586426
0.101547597721,-0.0419231140426
0.111813784658,-0.0454348743976
0.122302825923,-0.0487420358598
0.133014721517,-0.0518445984291
0.143949471441,-0.0547425621056
0.155107075693,-0.0574359268891
0.166487534273,-0.0599246927798
0.178090847183,-0.0622088597776
0.189917014422,-0.0642884278825
0.201966035989,-0.0661633970946
0.214237911885,-0.0678337674138
0.226732642111,-0.0692995388401
0.239450226665,-0.0705607113735
0.252390665548,-0.071617285014
0.265553958759,-0.0724692597617
0.2789401063,-0.0731166356165
0.292549108169,-0.0735594125784
0.306380964368,-0.0737975906475
0.320435674895,-0.0738311698237
0.334713239751,-0.073660150107
0.349213658936,-0.0732845314974
0.363844394706,-0.0727608355776
0.378512909318,-0.0721455839304
0.393219202771,-0.0714387765558
0.407963275065,-0.0706404134536
0.422745126201,-0.069750494624
0.437564756179,-0.0687690200669
0.452422164998,-0.0676959897824
0.467317352659,-0.0665314037704
0.482250319161,-0.0652752620309
0.497221064504,-0.063927564564
0.512229588689,-0.0624883113696
0.527275891716,-0.0609575024477
0.542359973584,-0.0593351377984
0.557481834294,-0.0576212174216
0.572641473845,-0.0558157413174
0.587838892237,-0.0539187094857
0.603074089472,-0.0519301219265
0.618347065547,-0.0498499786398
0.633657820464,-0.0476782796257
0.649006354223,-0.0454150248841
0.664482890358,-0.0431079063469
0.680177652403,-0.0408046159457
0.69609064036,-0.0385051536807
0.712221854228,-0.0362095195518
0.728571294006,-0.0339177135589
0.745138959696,-0.0316297357022
0.761924851297,-0.0293455859816
0.778928968808,-0.0270652643972
0.79615131223,-0.0247887709488
0.813591881564,-0.0225161056365
0.831250676808,-0.0202472684604
0.849127697963,-0.0179822594203
0.86722294503,-0.0157210785164
0.885536418007,-0.0134637257486
0.904068116895,-0.0112102011169
0.922818041694,-0.00896050462129
0.941786192404,-0.0067146362618
0.960972569025,-0.00447259603842
0.980377171557,-0.00223438395116
1.0,0.0
