1.0,0.0
0.978391297088,0.00536236047534
0.957146426535,0.0106468346218
0.93626538834,0.0158534224394
0.915748182504,0.0209821239281
0.895594809027,0.0260329390879
0.875805267909,0.0310058679189
0.856379559149,0.035900910421
0.837317682747,0.0407180665942
0.818619638705,0.0454573364385
0.800285427021,0.050118719954
0.782315047695,0.0547022171405
0.764708500729,0.0592078279982
0.747465786121,0.0636355525271
0.730586903871,0.067985390727
0.714071853981,0.0722573425981
0.697920636448,0.0764514081403
0.682133251275,0.0805675873536
0.66670969846,0.084605880238
0.651649978004,0.0885662867936
0.636954089907,0.0924488070203
0.622428299296,0.0961881055208
0.607878871302,0.0997188468979
0.593305805924,0.103041031151
0.578709103161,0.106154658282
0.564088763014,0.109059728288
0.549444785483,0.111756241172
0.534777170568,0.114244196931
0.520085918269,0.116523595568
0.505371028586,0.118594437081
0.490632501518,0.12045672147
0.475870337067,0.122110448736
0.461084535231,0.123555618879
0.446275096011,0.124792231898
0.431442019407,0.125820287793
0.416585305419,0.126639786565
0.401704954046,0.127250728214
0.38680096529,0.127653112739
0.371873339149,0.127846940141
0.356922075625,0.127832210419
0.341947174716,0.127608923574
0.327095023131,0.127222391799
0.31251200758,0.126717927286
0.298198128063,0.126095530035
0.284153384578,0.125355200047
0.270377777127,0.124496937321
0.256871305709,0.123520741858
0.243633970324,0.122426613657
0.230665770973,0.121214552719
0.217966707655,0.119884559043
0.20553678037,0.11843663263
0.193375989119,0.116870773479
0.181484333901,0.115186981591
0.169861814716,0.113385256965
0.158508431564,0.111465599602
0.147424184446,0.109428009501
0.136609073361,0.107272486663
0.126063098309,0.104999031087
0.11578625929,0.102607642773
0.105778556305,0.100098321722
0.0960399893531,0.097471067934
0.0866760903912,0.094758593801
0.077792391376,0.0919936117163
0.0693888923076,0.08917612168
0.061465593186,0.086306123692
0.0540224940111,0.0833836177523
0.047059594783,0.080408603861
0.0405768955017,0.077381082018
0.0345743961671,0.0743010522233
0.0290520967793,0.071168514477
0.0240099973383,0.0679834687791
0.019448097844,0.0647459151294
0.0153663982965,0.0614558535281
0.0117648986958,0.0581132839752
0.00864359904178,0.0547182064706
0.00600249933457,0.0512706210143
0.00384159957412,0.0477705276064
0.00216089976044,0.0442179262468
0.000960399893531,0.0406128169355
0.000240099973383,0.0369551996726
0.0,0.033245074458
0.000252505345617,0.0295101247975
0.00101002138247,0.0257780341966
0.00227254811056,0.0220488026555
0.00404008552988,0.0183224301741
0.00631263364044,0.0145989167524
0.00909019244223,0.0108782623905
0.0123727619353,0.0071604670882
0.0161603421195,0.00344553084566
0.020452932995,-0.000266546337172
0.0252505345617,-0.00397576446029
0.0305531468197,-0.00768212352369
0.0363607697689,-0.0113856235274
0.0426734034094,-0.0150862644713
0.049491047741,-0.0187840463556
0.0568137027639,-0.0224789691801
0.0646413684781,-0.026171032945
0.0729740448835,-0.0298602376501
0.0818117319801,-0.0335465832955
0.0911544297679,-0.0372300698811
0.101002138247,-0.0409106974071
0.111213003165,-0.044485997905
0.121645170268,-0.0478535034062
0.132298639558,-0.051013213911
0.143173411034,-0.0539651294192
0.154269484696,-0.0567092499308
0.165586860544,-0.0592455754459
0.177125538578,-0.0615741059644
0.188885518798,-0.0636948414864
0.200866801204,-0.0656077820119
0.213069385796,-0.0673129275408
0.225493272574,-0.0688102780731
0.238138461538,-0.0700998336089
0.251004952688,-0.0711815941482
0.264092746024,-0.0720555596909
0.277401841546,-0.072721730237
0.290932239254,-0.0731801057866
0.304683939149,-0.0734306863397
0.318656941229,-0.0734734718962
0.332851245495,-0.0733084624561
0.347266851947,-0.0729356580195
0.361832266959,-0.07241304425
0.376475996903,-0.0717986068113
0.391198041779,-0.0710923457033
0.405998401587,-0.070294260926
0.420877076328,-0.0694043524795
0.435834066001,-0.0684226203638
0.450869370606,-0.0673490645787
0.465982990144,-0.0661836851245
0.481174924613,-0.064926482001
0.496445174016,-0.0635774552082
0.51179373835,-0.0621366047462
0.527220617617,-0.0606039306149
0.542725811816,-0.0589794328143
0.558309320947,-0.0572631113446
0.573971145011,-0.0554549662055
0.589711284007,-0.0535549973972
0.605529737935,-0.0515632049197
0.621426506795,-0.0494795887729
0.637401590588,-0.0473041489568
0.653454989313,-0.0450368854715
0.669609280222,-0.0427267767039
0.685887040564,-0.0404228010409
0.702288270342,-0.0381249584826
0.718812969553,-0.0358332490289
0.735461138198,-0.0335476726798
0.752232776278,-0.0312682294354
0.769127883793,-0.0289949192956
0.786146460741,-0.0267277422604
0.803288507124,-0.0244666983299
0.820554022941,-0.022211787504
0.837943008193,-0.0199630097827
0.855455462879,-0.0177203651661
0.873091386999,-0.0154838536541
0.890850780553,-0.0132534752468
0.908733643542,-0.0110292299441
0.926739975965,-0.00881111774597
0.944869777822,-0.00659913865253
0.963123049114,-0.00439329266372
0.98149978984,-0.00219357977954
1.0,0.0
