1.0,0.0
0.979436926768,0.00553947607484
0.959184651556,0.010986947099
0.939243174364,0.0163424130724
0.91961249519,0.0216058739952
0.900292614037,0.0267773298672
0.881283530902,0.0318567806885
0.862585245787,0.0368442264592
0.844197758692,0.0417396671791
0.826121069616,0.0465431028484
0.80835517856,0.0512545334669
0.790900085523,0.0558739590348
0.773755790505,0.0604013795519
0.756922293507,0.0648367950184
0.740399594528,0.0691802054341
0.724187693569,0.0734316107992
0.708286590629,0.0775910111136
0.692696285709,0.0816584063772
0.677416778808,0.0856337965902
0.662448069927,0.0895171817524
0.647790159065,0.093308561864
0.633266821741,0.0969530564324
0.618701833473,0.100395784965
0.604095194261,0.103636747462
0.589446904106,0.106675943924
0.574756963007,0.109513374349
0.560025370965,0.11214903874
0.545252127979,0.114582937094
0.530437234049,0.116815069413
0.515580689175,0.118845435696
0.500682493358,0.120674035944
0.485742646596,0.122300870155
0.470761148892,0.123725938332
0.455738000243,0.124949240472
0.440673200651,0.125970776577
0.425566750115,0.126790546646
0.410418648636,0.12740855068
0.395228896212,0.127824788678
0.379997492845,0.12803926064
0.364724438535,0.128051966567
0.34940973328,0.127862906458
0.33421252279,0.127514447787
0.31929195277,0.127048958029
0.304648023222,0.126466437183
0.290280734146,0.12576688525
0.27619008554,0.124950302229
0.262376077406,0.124016688121
0.248838709743,0.122966042925
0.235577982551,0.121798366642
0.222593895831,0.120513659271
0.209886449581,0.119111920813
0.197455643803,0.117593151267
0.185301478497,0.115957350634
0.173423953661,0.114204518913
0.161823069297,0.112334656104
0.150498825404,0.110347762208
0.139451221983,0.108243837225
0.128680259032,0.106022881153
0.118185936553,0.103684893995
0.107968254546,0.101229875749
0.0980272130091,0.0986578264151
0.0884695597407,0.0959957794036
0.0794020425373,0.0932707681239
0.070824661399,0.0904827925762
0.0627374163258,0.0876318527602
0.0551403073176,0.0847179486762
0.0480333343744,0.081741080324
0.0414164974963,0.0787012477036
0.0352897966833,0.0755984508152
0.0296532319352,0.0724326896585
0.0245068032523,0.0692039642338
0.0198505106343,0.0659122745409
0.0156843540814,0.0625576205798
0.0120083335936,0.0591400023506
0.00882244917082,0.0556594198533
0.00612670081307,0.0521158730878
0.00392108852036,0.0485093620542
0.0022056122927,0.0448398867525
0.000980272130091,0.0411074471826
0.000245068032523,0.0373120433446
0.0,0.0334536752384
0.000258509746174,0.0295694010719
0.0010340389847,0.025696279053
0.00232658771557,0.0218343091816
0.00413615593878,0.0179834914579
0.00646274365435,0.0141438258816
0.00930635086226,0.0103153124529
0.0126669775625,0.0064979511718
0.0165446237551,0.00269174203823
0.0209392894401,-0.00110331494778
0.0258509746174,-0.00488721978623
0.031279679287,-0.00865997247713
0.037225403449,-0.0124215730205
0.0436881471034,-0.0161720214163
0.0506679102501,-0.0199113176645
0.0581646928891,-0.0236394617652
0.0661784950205,-0.0273564537183
0.0747093166443,-0.0310622935238
0.0837571577604,-0.0347569811818
0.0933220183688,-0.0384405166923
0.10340389847,-0.0421129000552
0.113854437504,-0.0456731927043
0.124525274915,-0.0490204560734
0.135416410701,-0.0521546901626
0.146527844862,-0.0550758949717
0.1578595774,-0.0577840705009
0.169411608313,-0.0602792167502
0.181183937601,-0.0625613337194
0.193176565266,-0.0646304214086
0.205389491305,-0.0664864798179
0.217822715721,-0.0681295089472
0.230476238512,-0.0695595087965
0.243350059679,-0.0707764793659
0.256444179221,-0.0717804206552
0.269758597139,-0.0725713326646
0.283293313433,-0.073149215394
0.297048328102,-0.0735140688434
0.311023641147,-0.0736658930128
0.325219252568,-0.0736046879023
0.339635162364,-0.0733304535117
0.354271370536,-0.0728431898412
0.369027941691,-0.0722115441683
0.383804940438,-0.0715041637704
0.398602366777,-0.0707210486477
0.413420220707,-0.0698621988002
0.428258502229,-0.0689276142277
0.443117211342,-0.0679172949303
0.457996348048,-0.0668312409081
0.472895912344,-0.065669452161
0.487815904233,-0.064431928689
0.502756323713,-0.0631186704921
0.517717170784,-0.0617296775704
0.532698445447,-0.0602649499237
0.547700147702,-0.0587244875522
0.562722277549,-0.0571082904558
0.577764834987,-0.0554163586345
0.592827820016,-0.0536486920884
0.607911232638,-0.0518052908173
0.623015072851,-0.0498861548214
0.638139340655,-0.0478912841006
0.653284036051,-0.0458206786549
0.668547989694,-0.0437030777905
0.684030032236,-0.0415672208137
0.69973016368,-0.0394131077244
0.715648384023,-0.0372407385227
0.731784693268,-0.0350501132085
0.748139091413,-0.0328412317818
0.764711578458,-0.0306140942427
0.781502154404,-0.0283687005911
0.798510819251,-0.0261050508271
0.815737572998,-0.0238231449505
0.833182415646,-0.0215229829616
0.850845347194,-0.0192045648601
0.868726367643,-0.0168678906462
0.886825476992,-0.0145129603199
0.905142675242,-0.012139773881
0.923677962393,-0.00974833132976
0.942431338444,-0.00733863266601
0.961402803395,-0.0049106778898
0.980592357247,-0.00246446700113
1.0,0.0
