1.0,0.0
0.990022353492,0.00676334281776
0.979461532834,0.0133192466726
0.968317538028,0.0196677115645
0.956590369072,0.0258087374934
0.944280025967,0.0317423244594
0.931386508713,0.0374684724625
0.917909817309,0.0429871815026
0.903849951757,0.0482984515798
0.889206912055,0.053402282694
0.873980698204,0.0582986748453
0.858171310203,0.0629876280336
0.841778748054,0.0674691422591
0.824803011755,0.0717432175215
0.807244101307,0.0758098538211
0.78910201671,0.0796690511576
0.770376757963,0.0833208095313
0.751068325068,0.086765128942
0.731176718023,0.0900020093898
0.710701936829,0.0930314508746
0.689643981486,0.0958534533965
0.668466844785,0.098525049247
0.647634519518,0.101103270718
0.627147005686,0.103588117809
0.607004303289,0.10597959052
0.587206412325,0.108277688852
0.567753332796,0.110482412803
0.548645064702,0.112593762375
0.529881608041,0.114611737568
0.511462962815,0.11653633838
0.493389129023,0.118367564813
0.475660106666,0.120105416866
0.458275895743,0.121749894539
0.441236496254,0.123300997832
0.4245419082,0.124758726746
0.40819213158,0.12612308128
0.392187166394,0.127394061434
0.376527012643,0.128571667208
0.361211670326,0.129655898603
0.346241139443,0.130646755618
0.331615419995,0.131544238253
0.317289586254,0.132273644033
0.303218712492,0.132760270482
0.289402798711,0.133004117601
0.275841844909,0.133005185388
0.262535851087,0.132763473845
0.249484817245,0.132278982971
0.236688743383,0.131551712767
0.224147629501,0.130581663231
0.211861475598,0.129368834365
0.199830281676,0.127913226168
0.188054047733,0.126214838641
0.17653277377,0.124273671783
0.165266459787,0.122089725593
0.154255105784,0.119663000074
0.143498711761,0.116993495223
0.132997277717,0.114081211042
0.122750803653,0.11092614753
0.11275928957,0.107528304687
0.103022735466,0.103887682514
0.0935411413417,0.100004281009
0.0844208800608,0.0960084711982
0.0757683244867,0.0920306241041
0.0675834746193,0.088070739727
0.0598663304587,0.0841288180669
0.0526168920047,0.0802048591238
0.0458351592574,0.0762988628978
0.0395211322168,0.0724108293888
0.033674810883,0.0685407585968
0.0282961952559,0.0646886505218
0.0233852853354,0.0608545051638
0.0189420811217,0.0570383225228
0.0149665826147,0.0532401025989
0.0114587898144,0.049459845392
0.00841870272075,0.0456975509021
0.00584632133385,0.0419532191292
0.00374164565367,0.0382268500733
0.00210467568019,0.0345184437345
0.000935411413417,0.0308280001126
0.000233852853354,0.0271555192078
0.0,0.02350100102
0.000199281306144,0.0198755159521
0.000797125224577,0.0162901344072
0.0017935317553,0.0127448563852
0.00318850089831,0.00923968188607
0.00498203265361,0.00577461090986
0.00717412702119,0.00234964345655
0.00976478400107,-0.00103522047384
0.0127540035932,-0.00437998088133
0.0161417857977,-0.00768463776591
0.0199281306144,-0.0109491911276
0.0241130380434,-0.0141736409663
0.0286965080848,-0.0173579872822
0.0336785407384,-0.0205022300751
0.0390591360043,-0.0236063693452
0.0448382938824,-0.0266704050923
0.0510160143729,-0.0296943373165
0.0575922974757,-0.0326781660179
0.0645671431907,-0.0356218911963
0.0719405515181,-0.0385255128518
0.0797125224577,-0.0413890309844
0.0879585745466,-0.0441490296209
0.0967542263217,-0.0467420927883
0.106099477783,-0.0491682204864
0.115994328931,-0.0514274127154
0.126438779765,-0.0535196694751
0.137432830285,-0.0554449907657
0.148976480491,-0.0572033765871
0.161069730384,-0.0587948269393
0.173712579962,-0.0602193418223
0.186905029227,-0.0614769212361
0.200647078179,-0.0625675651807
0.214938726816,-0.0634912736561
0.22977997514,-0.0642480466623
0.24517082315,-0.0648378841994
0.261111270846,-0.0652607862672
0.277601318229,-0.0655167528658
0.294640965298,-0.0656057839953
0.312230212053,-0.0655278796555
0.330369058494,-0.0652830398466
0.349057504621,-0.0648712645685
0.367947919562,-0.0643615466199
0.386692672442,-0.0638228787996
0.405291763263,-0.0632552611076
0.423745192024,-0.062658693544
0.442052958724,-0.0620331761086
0.460215063365,-0.0613787088016
0.478231505946,-0.0606952916228
0.496102286467,-0.0599829245724
0.513827404927,-0.0592416076503
0.531406861328,-0.0584713408564
0.548840655669,-0.0576721241909
0.56612878795,-0.0568439576537
0.58327125817,-0.0559868412448
0.600268066331,-0.0551007749642
0.617119212432,-0.0541857588119
0.633824696473,-0.0532417927879
0.650384518454,-0.0522688768922
0.666798678375,-0.0512670111248
0.683067176236,-0.0502361954858
0.699190012037,-0.049176429975
0.715189541539,-0.0480329604758
0.731088120504,-0.0467510328714
0.746885748932,-0.0453306471617
0.762582426822,-0.0437718033468
0.778178154175,-0.0420745014268
0.793672930991,-0.0402387414015
0.80906675727,-0.038264523271
0.824359633011,-0.0361518470353
0.839551558215,-0.0339007126943
0.854642532882,-0.0315111202482
0.869632557012,-0.0289830696968
0.884521630604,-0.0263165610403
0.899309753659,-0.0235115942785
0.913996926177,-0.0205681694115
0.928583148157,-0.0174862864393
0.9430684196,-0.0142659453618
0.957452740506,-0.0109071461792
0.971736110875,-0.00740988889134
0.985918530706,-0.00377417349828
1.0,0.0
