1.0,0.0
0.990643534426,0.00697528667626
0.980675144208,0.0137283549531
0.970094829345,0.0202592048304
0.958902589838,0.0265678363083
0.947098425687,0.0326542493868
0.934682336891,0.0385184440658
0.921654323451,0.0441604203453
0.908014385366,0.0495801782254
0.893762522637,0.054777717706
0.878898735264,0.0597530387872
0.863423023246,0.064506141469
0.847335386584,0.0690370257513
0.830635825277,0.0733456916341
0.813324339326,0.0774321391175
0.795400928731,0.0812963682014
0.776865593491,0.0849383788859
0.757718333607,0.0883581711709
0.737959149079,0.0915557450565
0.717588039906,0.0945311005426
0.696605006089,0.0972842376292
0.675494881004,0.0998794326693
0.654742498027,0.102380962016
0.634347857159,0.104788825668
0.614310958399,0.107103023627
0.594631801748,0.109323555891
0.575310387205,0.111450422463
0.55634671477,0.11348362334
0.537740784444,0.115423158523
0.519492596226,0.117269028013
0.501602150117,0.119021231809
0.484069446116,0.120679769911
0.466894484223,0.122244642319
0.450077264439,0.123715849034
0.433617786764,0.125093390054
0.417516051197,0.126377265381
0.401772057738,0.127567475014
0.386385806387,0.128664018953
0.371357297146,0.129666897199
0.356686530012,0.130576109751
0.342373504987,0.131391656608
0.328341414909,0.132040160326
0.314513452616,0.132448243457
0.300889618109,0.132615906001
0.287469911386,0.132543147959
0.27425433245,0.13222996933
0.261242881298,0.131676370114
0.248435557932,0.130882350312
0.235832362351,0.129847909923
0.223433294556,0.128573048948
0.211238354546,0.127057767385
0.199247542321,0.125302065237
0.187460857882,0.123305942501
0.175878301228,0.121069399179
0.164499872359,0.11859243527
0.153325571276,0.115875050775
0.142355397978,0.112917245692
0.131589352465,0.109719020024
0.121027434738,0.106280373768
0.110669644796,0.102601306926
0.100515982639,0.0986818194973
0.090715674332,0.0946547944144
0.0814179459379,0.09065311461
0.0726227974569,0.0866767800841
0.0643302288892,0.0827257908366
0.0565402402346,0.0788001468676
0.0492528314933,0.074899848177
0.0424680026651,0.0710248947649
0.0361857537502,0.0671752866312
0.0304060847484,0.063351023776
0.0251289956598,0.0595521061993
0.0203544864845,0.055778533901
0.0160825572223,0.0520303068812
0.0123132078733,0.0483074251398
0.00904643843754,0.0446098886769
0.00628224891496,0.0409376974925
0.00402063930557,0.0372908515865
0.00226160960939,0.0336693509589
0.00100515982639,0.0300731956099
0.000251289956598,0.0265023855392
0.0,0.0229569207471
0.000180618985311,0.0194397656027
0.000722475941246,0.0159538844754
0.0016255708678,0.0124992773652
0.00288990376498,0.00907594427206
0.00451547463279,0.00568388519603
0.00650228347121,0.00232310013709
0.00885033028026,-0.00100641090476
0.0115596150599,-0.00430464792952
0.0146301378102,-0.00757161093719
0.0180618985311,-0.0108072999278
0.0218548972227,-0.0140117149013
0.0260091338848,-0.0171848558577
0.0305246085176,-0.020326722797
0.035401321121,-0.0234373157192
0.0406392716951,-0.0265166346243
0.0462384602397,-0.0295646795124
0.052198886755,-0.0325814503833
0.0585205512409,-0.0355669472372
0.0652034536974,-0.038521170074
0.0722475941246,-0.0414441188936
0.0797871832951,-0.0442666597758
0.0879564319816,-0.0469196588
0.0967553401843,-0.0494031159661
0.106183907903,-0.0517170312743
0.116242135138,-0.0538614047245
0.126930021889,-0.0558362363168
0.138247568155,-0.057641526051
0.150194773938,-0.0592772739272
0.162771639237,-0.0607434799455
0.175978164053,-0.0620401441058
0.189814348384,-0.0631672664081
0.204280192231,-0.0641248468524
0.219375695594,-0.0649128854387
0.235100858474,-0.0655313821671
0.251455680869,-0.0659803370374
0.268440162781,-0.0662597500498
0.286054304208,-0.0663696212042
0.304298105152,-0.0663099505006
0.323171565612,-0.066080737939
0.342674685587,-0.0656819835195
0.36239134445,-0.0651829874461
0.381905421572,-0.0646530499232
0.401216916952,-0.0640921709508
0.420325830591,-0.0635003505287
0.439232162489,-0.0628775886572
0.457935912645,-0.062223885336
0.47643708106,-0.0615392405653
0.494735667733,-0.060823654345
0.512831672665,-0.0600771266752
0.530725095855,-0.0592996575558
0.548415937305,-0.0584912469868
0.565904197012,-0.0576518949683
0.583189874979,-0.0567816015002
0.600272971204,-0.0558803665825
0.617153485687,-0.0549481902153
0.633831418429,-0.0539850723985
0.65030676943,-0.0529910131322
0.666579538689,-0.0519660124162
0.682649726207,-0.0509100702508
0.698517331984,-0.0498231866357
0.714249037814,-0.0486513920463
0.729911525494,-0.0473407169577
0.745504795024,-0.0458911613699
0.761028846403,-0.0443027252829
0.776483679631,-0.0425754086967
0.791869294709,-0.0407092116113
0.807185691637,-0.0387041340267
0.822432870414,-0.0365601759429
0.837610831041,-0.0342773373599
0.852719573517,-0.0318556182777
0.867759097842,-0.0292950186963
0.882729404017,-0.0265955386157
0.897630492042,-0.023757178036
0.912462361916,-0.020779936957
0.92722501364,-0.0176638153788
0.941918447213,-0.0144088133015
0.956542662635,-0.0110149307249
0.971097659907,-0.00748216764912
0.985583439029,-0.00381052407416
1.0,0.0
