1.0,0.0
0.988603637107,0.00651813004922
0.976757482735,0.0128469477104
0.964461536884,0.0189864529835
0.951715799554,0.0249366458686
0.938520270744,0.0306975263657
0.924874950455,0.0362690944746
0.910779838687,0.0416513501956
0.89623493544,0.0468442935285
0.881240240713,0.0518479244733
0.865795754507,0.0566622430301
0.849901476822,0.0612872491989
0.833557407657,0.0657229429796
0.816763547014,0.0699693243723
0.799519894891,0.0740263933769
0.781826451289,0.0778941499935
0.763683216207,0.081572594222
0.745090189647,0.0850617260625
0.726047371607,0.0883615455149
0.706554762088,0.0914720525793
0.686612361089,0.0943932472557
0.666565250419,0.0971590023431
0.646758511883,0.0998031906409
0.627192145482,0.102325812149
0.607866151215,0.104726866867
0.588780529083,0.107006354796
0.569935279085,0.109164275935
0.551330401223,0.111200630284
0.532965895495,0.113115417843
0.514841761901,0.114908638613
0.496958000443,0.116580292593
0.479314611119,0.118130379783
0.461911593929,0.119558900184
0.444748948874,0.120865853795
0.427826675954,0.122051240616
0.411144775169,0.123115060647
0.394703246518,0.124057313889
0.378502090002,0.124878000341
0.36254130562,0.125577120003
0.346820893374,0.126154672875
0.331340853261,0.126610658958
0.316142817677,0.126910228445
0.301268419012,0.127018531529
0.286717657268,0.12693556821
0.272490532444,0.126661338489
0.25858704454,0.126195842365
0.245007193556,0.125539079838
0.231750979493,0.124691050908
0.218818402349,0.123651755576
0.206209462126,0.122421193842
0.193924158824,0.120999365704
0.181962492441,0.119386271164
0.170324462978,0.117581910221
0.159010070436,0.115586282876
0.148019314814,0.113399389128
0.137352196112,0.111021228977
0.127008714331,0.108451802423
0.116988869469,0.105691109467
0.107292661528,0.102739150108
0.0979200905073,0.0995959243468
0.0888711564065,0.0962614321826
0.0802062186569,0.0928281736267
0.0719856366893,0.08938864869
0.0642094105037,0.0859428573725
0.0568775401002,0.0824907996742
0.0499900254787,0.079032475595
0.0435468666392,0.0755678851351
0.0375480635818,0.0720970282943
0.0319936163064,0.0686199050728
0.026883524813,0.0651365154704
0.0222177891016,0.0616468594872
0.0179964091723,0.0581509371233
0.014219385025,0.0546487483785
0.0108867166598,0.0511402932529
0.00799840407659,0.0476255717465
0.00555444727541,0.0441045838593
0.00355484625626,0.0405773295913
0.00199960101915,0.0370438089425
0.000888711564065,0.0335040219129
0.000222177891016,0.0299579685024
0.0,0.0264056487112
0.000228672807545,0.0228516699662
0.00091469123018,0.0193006396945
0.0020580552679,0.015752557896
0.00365876492072,0.0122074245707
0.00571682018862,0.00866523971879
0.00823222107162,0.00512600334009
0.0112049675697,0.00158971543464
0.0146350596829,-0.00194362399754
0.0185224974111,-0.00547401495646
0.0228672807545,-0.00900145744211
0.0276694097129,-0.0125259514545
0.0329288842865,-0.0160474969937
0.0386457044751,-0.0195660940595
0.0448198702788,-0.0230817426521
0.0514513816976,-0.0265944427715
0.0585402387315,-0.0301041944176
0.0660864413805,-0.0336109975904
0.0740899896446,-0.03711485229
0.0825508835237,-0.0406157585163
0.091469123018,-0.0441137162694
0.100802219679,-0.047499003732
0.110507685057,-0.050661899087
0.120585519152,-0.0536024023345
0.131035721965,-0.0563205134744
0.141858293495,-0.0588162325066
0.153053233743,-0.0610895594313
0.164620542708,-0.0631404942484
0.176560220391,-0.064969036958
0.188872266791,-0.0665751875599
0.201556681909,-0.0679589460542
0.214613465744,-0.069120312441
0.228042618297,-0.0700592867202
0.241844139567,-0.0707758688918
0.256018029554,-0.0712700589558
0.27056428826,-0.0715418569122
0.285482915682,-0.071591262761
0.300773911822,-0.0714182765023
0.316437276679,-0.0710228981359
0.332473010254,-0.070405127662
0.348881112546,-0.0695649650805
0.365448763451,-0.0686057648507
0.381963142861,-0.0676308814318
0.398424250778,-0.0666403148239
0.414832087202,-0.065634065027
0.431186652131,-0.064612132041
0.447487945568,-0.063574515866
0.46373596751,-0.062521216502
0.479930717959,-0.0614522339489
0.496072196914,-0.0603675682068
0.512160404376,-0.0592672192757
0.528195340344,-0.0581511871555
0.544177004818,-0.0570194718463
0.560105397799,-0.055872073348
0.575980519286,-0.0547089916608
0.59180236928,-0.0535302267845
0.60757094778,-0.0523357787191
0.623286254786,-0.0511256474647
0.638948290299,-0.0498998330213
0.654557054318,-0.0486583353888
0.670112546843,-0.0474011545674
0.685689679416,-0.0460808803857
0.701363363576,-0.0446501026729
0.717133599325,-0.0431088214288
0.733000386661,-0.0414570366534
0.748963725585,-0.0396947483469
0.765023616098,-0.0378219565091
0.781180058198,-0.03583866114
0.797433051886,-0.0337448622398
0.813782597162,-0.0315405598082
0.830228694026,-0.0292257538455
0.846771342477,-0.0268004443515
0.863410542517,-0.0242646313263
0.880146294145,-0.0216183147698
0.89697859736,-0.0188614946821
0.913907452164,-0.0159941710632
0.930932858555,-0.013016343913
0.948054816534,-0.00992801323163
0.965273326102,-0.00672917901899
0.982588387257,-0.00341984127511
1.0,0.0
