1.0,0.0
0.987296272947,0.00674392409691
0.974250858755,0.0132835889377
0.960863757424,0.0196189945224
0.947134968955,0.0257501408509
0.933064493347,0.0316770279233
0.918652330601,0.0373996557396
0.903898480716,0.0429180242997
0.888802943692,0.0482321336038
0.87336571953,0.0533419836517
0.857586808229,0.0582475744435
0.84146620979,0.0629489059791
0.825003924212,0.0674459782586
0.808199951495,0.071738791282
0.79105429164,0.0758273450493
0.773566944646,0.0797116395604
0.755737910513,0.0833916748155
0.737567189242,0.0868674508144
0.719054780832,0.0901389675571
0.700200685284,0.0932062250438
0.681004902597,0.0960692232743
0.661741268993,0.0987704761231
0.642683620692,0.101352497465
0.623831957694,0.103815287299
0.605186279999,0.106158845626
0.586746587608,0.108383172446
0.568512880521,0.110488267758
0.550485158736,0.112474131564
0.532663422255,0.114340763862
0.515047671078,0.116088164653
0.497637905204,0.117716333936
0.480434124633,0.119225271712
0.463436329365,0.120614977981
0.446644519401,0.121885452743
0.430058694741,0.123036695998
0.413678855383,0.124068707745
0.397505001329,0.124981487985
0.381537132579,0.125775036718
0.365775249131,0.126449353943
0.350219350988,0.127004439661
0.334869438147,0.127440293872
0.319775690668,0.127720858313
0.304988288607,0.127810074721
0.290507231965,0.127707943095
0.276332520742,0.127414463437
0.262464154938,0.126929635745
0.248902134553,0.12625346002
0.235646459586,0.125385936262
0.222697130038,0.124327064471
0.210054145909,0.123076844647
0.197717507199,0.121635276789
0.185687213907,0.120002360899
0.173963266035,0.118178096975
0.162545663581,0.116162485018
0.151434406546,0.113955525028
0.140629494929,0.111557217005
0.130130928732,0.108967560949
0.119938707953,0.10618655686
0.110052832593,0.103214204737
0.100473302652,0.100050504582
0.0912001181295,0.0966954563929
0.0823081066119,0.0932447104545
0.0738720956849,0.0897939170498
0.0658920853486,0.0863430761787
0.0583680756029,0.0828921878414
0.0513000664479,0.0794412520378
0.0446880578835,0.075990268768
0.0385320499097,0.0725392380318
0.0328320425266,0.0690881598293
0.0275880357342,0.0656370341606
0.0228000295324,0.0621858610255
0.0184680239212,0.0587346404242
0.0145920189007,0.0552833723566
0.0111720144709,0.0518320568227
0.00820801063166,0.0483806938225
0.0057000073831,0.044929283356
0.00364800472518,0.0414778254232
0.00205200265791,0.0380263200241
0.000912001181295,0.0345747671588
0.000228000295324,0.0311231668271
0.0,0.0276715190292
0.000232730365951,0.0242132858747
0.000930921463802,0.0207419294733
0.00209457329356,0.017257449825
0.00372368585521,0.0137598469299
0.00581825914877,0.0102491207878
0.00837829317422,0.00672527139894
0.0114037879316,0.00318829876317
0.0148947434208,-0.000361797119471
0.018851159642,-0.00392501624899
0.0232730365951,-0.00750135862538
0.02816037428,-0.0110908242487
0.0335131726969,-0.0146934131188
0.0393314318457,-0.0183091252358
0.0456151517263,-0.0219379605997
0.0523643323389,-0.0255799192105
0.0595789736834,-0.0292350010681
0.0672590757597,-0.0329032061726
0.075404638568,-0.036584534524
0.0840156621082,-0.0402789861223
0.0930921463802,-0.0439865609674
0.102559172007,-0.0475837952027
0.112341819612,-0.0509472249713
0.122440089195,-0.0540768502732
0.132853980755,-0.0569726711085
0.143583494294,-0.0596346874772
0.15462862981,-0.0620628993792
0.165989387304,-0.0642573068145
0.177665766776,-0.0662179097832
0.189657768226,-0.0679447082852
0.201965391654,-0.0694377023206
0.214588637059,-0.0706968918893
0.227527504443,-0.0717222769914
0.240781993804,-0.0725138576268
0.254352105144,-0.0730716337956
0.268237838461,-0.0733956054977
0.282439193756,-0.0734857727332
0.296956171028,-0.073342135502
0.311788770279,-0.0729646938041
0.326936991508,-0.0723534476396
0.342400834714,-0.0715083970085
0.358045149128,-0.0705373822423
0.373734783979,-0.0695482436726
0.389469739267,-0.0685409812995
0.405250014993,-0.067515595123
0.421075611155,-0.0664720851429
0.436946527755,-0.0654104513595
0.452862764792,-0.0643306937725
0.468824322266,-0.0632328123822
0.484831200177,-0.0621168071883
0.500883398525,-0.0609826781911
0.516980917311,-0.0598304253903
0.533123756533,-0.0586600487861
0.549311916193,-0.0574715483785
0.56554539629,-0.0562649241674
0.581824196824,-0.0550401761529
0.598148317795,-0.0537973043348
0.614517759203,-0.0525363087134
0.630932521048,-0.0512571892885
0.647392603331,-0.0499599460601
0.663898006051,-0.0486445790283
0.680439920827,-0.0472647600939
0.697009539279,-0.0457741611577
0.713606861407,-0.0441727822196
0.730231887211,-0.0424606232798
0.746884616691,-0.0406376843383
0.763565049847,-0.0387039653949
0.780273186679,-0.0366594664497
0.797009027186,-0.0345041875028
0.81377257137,-0.032238128554
0.83056381923,-0.0298612896035
0.847382770765,-0.0273736706512
0.864229425976,-0.0247752716971
0.881103784864,-0.0220660927412
0.898005847427,-0.0192461337836
0.914935613666,-0.0163153948241
0.931893083581,-0.0132738758629
0.948878257172,-0.0101215768998
0.965891134439,-0.00685849793501
0.982931715381,-0.0034846389684
1.0,0.0
