1.0,0.0
0.988632020631,0.00662001085332
0.976779056362,0.0130442654355
0.964441107191,0.0192727637465
0.95161817312,0.0253055057864
0.938310254148,0.0311424915551
0.924517350276,0.0367837210527
0.910239461502,0.0422291942792
0.895476587828,0.0474789112344
0.880228729253,0.0525328719186
0.864495885777,0.0573910763316
0.848278057401,0.0620535244734
0.831575244123,0.0665202163441
0.814387445945,0.0707911519437
0.796714662867,0.0748663312721
0.778556894887,0.0787457543293
0.759914142007,0.0824294211154
0.740786404226,0.0859173316304
0.721173681544,0.0892094858742
0.701075973961,0.0923058838469
0.680493281478,0.0952065255484
0.659824675605,0.0979483031848
0.639469227855,0.100568108962
0.619426938228,0.10306594288
0.599697806724,0.105441804939
0.580281833342,0.107695695139
0.561179018083,0.10982761348
0.542389360946,0.111837559962
0.523912861932,0.113725534584
0.505749521041,0.115491537347
0.487899338273,0.117135568252
0.470362313627,0.118657627297
0.453138447104,0.120057714483
0.436227738703,0.12133582981
0.419630188425,0.122491973278
0.40334579627,0.123526144886
0.387374562237,0.124438344636
0.371716486327,0.125228572526
0.35637156854,0.125896828558
0.341339808875,0.12644311273
0.326621207333,0.126867425043
0.312196984187,0.127135029172
0.298048359708,0.12721118879
0.284175333896,0.127095903899
0.270577906753,0.126789174498
0.257256078277,0.126291000587
0.244209848469,0.125601382166
0.231439217328,0.124720319235
0.218944184855,0.123647811794
0.20672475105,0.122383859843
0.194780915913,0.120928463383
0.183112679443,0.119281622412
0.171720041641,0.117443336932
0.160603002507,0.115413606941
0.149761562041,0.113192432441
0.139195720242,0.110779813431
0.128905477111,0.108175749911
0.118890832647,0.105380241881
0.109151786852,0.102393289341
0.0996883397238,0.0992148922908
0.0905004912636,0.0958450507311
0.0816766933654,0.0923798346759
0.0733053979235,0.0889153141398
0.0653866049379,0.0854514891228
0.0579203144087,0.0819883596249
0.0509065263358,0.0785259256461
0.0443452407192,0.0750641871864
0.0382364575589,0.0716031442458
0.0325801768549,0.0681427968242
0.0273763986072,0.0646831449218
0.0226251228159,0.0612241885384
0.0183263494809,0.0577659276741
0.0144800786022,0.0543083623289
0.0110863101798,0.0508514925028
0.00814504421372,0.0473953181958
0.00565628070397,0.0439398394079
0.00362001965054,0.0404850561391
0.00203626105343,0.0370309683893
0.000905004912636,0.0335775761587
0.000226251228159,0.0301248794471
0.0,0.0266728782546
0.00023345625929,0.0232167580236
0.000933825037161,0.0197517041965
0.00210110633361,0.0162777167733
0.00373530014864,0.0127947957539
0.00583640648226,0.00930294113839
0.00840442533445,0.00580215292677
0.0114393567052,0.00229243111902
0.0149412005946,-0.00122622428486
0.0189099570025,-0.00475381328486
0.023345625929,-0.00829033588099
0.0282482073741,-0.0118357920732
0.0336177013378,-0.0153901818616
0.0394541078201,-0.0189535052461
0.0457574268209,-0.0225257622268
0.0525276583403,-0.0261069528035
0.0597648023783,-0.0296970769764
0.0674688589349,-0.0332961347454
0.0756398280101,-0.0369041261106
0.0842777096038,-0.0405210510718
0.0933825037161,-0.0441469096292
0.102879621614,-0.0476637752206
0.112694474565,-0.0509537212839
0.122827062569,-0.054016747819
0.133277385626,-0.0568528548259
0.144045443737,-0.0594620423048
0.1551312369,-0.0618443102554
0.166534765116,-0.063999658678
0.178256028385,-0.0659280875724
0.190295026707,-0.0676295969387
0.202651760082,-0.0691041867768
0.21532622851,-0.0703518570868
0.228318431991,-0.0713726078686
0.241628370525,-0.0721664391223
0.255256044112,-0.0727333508479
0.269201452752,-0.0730733430453
0.283464596445,-0.0731864157146
0.298045475191,-0.0730725688558
0.312944088989,-0.0727318024688
0.328160437841,-0.0721641165537
0.343694521746,-0.0713695111104
0.35940327478,-0.0704518076337
0.375143631017,-0.0695148276182
0.390915590457,-0.0685585710641
0.406719153102,-0.0675830379712
0.42255431895,-0.0665882283396
0.438421088002,-0.0655741421692
0.454319460257,-0.0645407794601
0.470249435716,-0.0634881402123
0.486211014379,-0.0624162244258
0.502204196246,-0.0613250321005
0.518228981316,-0.0602145632365
0.534285369591,-0.0590848178338
0.550373361068,-0.0579357958923
0.56649295575,-0.0567674974121
0.582644153635,-0.0555799223932
0.598826954724,-0.0543730708356
0.615041359017,-0.0531469427392
0.631287366513,-0.0519015381041
0.647564977213,-0.0506368569302
0.663874191117,-0.0493528992177
0.68022327037,-0.0480006007868
0.696620477116,-0.046530897458
0.713065811356,-0.0449437892313
0.729559273091,-0.0432392761068
0.746100862319,-0.0414173580843
0.76269057904,-0.0394780351639
0.779328423256,-0.0374213073457
0.796014394966,-0.0352471746296
0.812748494169,-0.0329556370155
0.829530720866,-0.0305466945036
0.846361075057,-0.0280203470937
0.863239556742,-0.025376594786
0.880166165921,-0.0226154375804
0.897140902594,-0.0197368754769
0.91416376676,-0.0167409084755
0.93123475842,-0.0136275365762
0.948353877574,-0.010396759779
0.965521124222,-0.00704857808388
0.982736498364,-0.00358299149089
1.0,0.0
