  
       XFOIL         Version 6.99
  
 Calculated polar for: G62A9                                           
  
 1 1 Reynolds number fixed          Mach number fixed         
  
 xtrf =   1.000 (top)        1.000 (bottom)  
 Mach =   0.000     Re =     0.200 e 6     Ncrit =   9.000
  
   alpha    CL        CD       CDp       CM     Top_Xtr  Bot_Xtr
  ------ -------- --------- --------- -------- -------- --------
 -13.000  -1.1819   0.03176   0.02416  -0.0275   1.0000   0.1032
 -12.750  -1.1863   0.03078   0.02323  -0.0225   1.0000   0.1066
 -12.500  -1.1861   0.03003   0.02241  -0.0181   1.0000   0.1115
 -12.250  -1.1891   0.02916   0.02157  -0.0130   1.0000   0.1163
 -12.000  -1.1878   0.02850   0.02085  -0.0085   1.0000   0.1228
 -11.750  -1.1894   0.02779   0.02020  -0.0035   1.0000   0.1293
 -11.500  -1.1877   0.02721   0.01960   0.0011   1.0000   0.1377
 -11.250  -1.1856   0.02671   0.01908   0.0058   1.0000   0.1479
 -11.000  -1.1852   0.02622   0.01865   0.0108   1.0000   0.1572
 -10.750  -1.1830   0.02584   0.01826   0.0156   1.0000   0.1669
 -10.500  -1.1788   0.02559   0.01791   0.0201   1.0000   0.1768
 -10.250  -1.1765   0.02531   0.01768   0.0250   1.0000   0.1854
 -10.000  -1.1680   0.02506   0.01735   0.0286   1.0000   0.1937
  -9.750  -1.1605   0.02487   0.01715   0.0325   1.0000   0.2017
  -9.500  -1.1498   0.02465   0.01685   0.0358   1.0000   0.2091
  -9.250  -1.1397   0.02446   0.01668   0.0392   1.0000   0.2160
  -9.000  -1.1291   0.02436   0.01643   0.0425   1.0000   0.2229
  -8.750  -1.1155   0.02408   0.01624   0.0452   1.0000   0.2291
  -8.500  -1.1032   0.02396   0.01607   0.0482   1.0000   0.2356
  -8.250  -1.0899   0.02381   0.01582   0.0509   1.0000   0.2419
  -8.000  -1.0691   0.02388   0.01596   0.0521   0.9987   0.2484
  -7.750  -1.0311   0.02504   0.01697   0.0500   0.9931   0.2572
  -7.500  -1.0046   0.02482   0.01685   0.0500   0.9876   0.2639
  -7.000  -0.9123   0.02577   0.01776   0.0427   0.9627   0.2814
  -6.750  -0.8709   0.02595   0.01790   0.0402   0.9503   0.2906
  -6.500  -0.8329   0.02602   0.01799   0.0383   0.9422   0.2996
  -6.250  -0.8009   0.02603   0.01800   0.0376   0.9344   0.3084
  -6.000  -0.7704   0.02582   0.01776   0.0372   0.9258   0.3162
  -5.750  -0.7314   0.02580   0.01778   0.0352   0.9198   0.3249
  -5.500  -0.7051   0.02556   0.01744   0.0357   0.9109   0.3322
  -5.250  -0.6607   0.02527   0.01725   0.0325   0.9058   0.3399
  -4.750  -0.5938   0.02468   0.01665   0.0307   0.8920   0.3565
  -4.500  -0.5482   0.02446   0.01647   0.0274   0.8889   0.3660
  -4.250  -0.5275   0.02404   0.01596   0.0292   0.8780   0.3736
  -4.000  -0.4790   0.02352   0.01558   0.0253   0.8745   0.3837
  -3.750  -0.4540   0.02304   0.01507   0.0263   0.8642   0.3924
  -3.500  -0.4091   0.02243   0.01455   0.0232   0.8596   0.4027
  -3.000  -0.3393   0.02119   0.01339   0.0212   0.8436   0.4228
  -2.500  -0.2701   0.01980   0.01212   0.0195   0.8256   0.4445
  -2.250  -0.2468   0.01919   0.01155   0.0209   0.8106   0.4550
  -2.000  -0.2216   0.01850   0.01094   0.0220   0.7932   0.4661
  -1.750  -0.1937   0.01778   0.01027   0.0226   0.7722   0.4781
  -1.500  -0.1563   0.01687   0.00943   0.0215   0.7427   0.4935
  -1.250  -0.0760   0.01530   0.00785   0.0120   0.7090   0.5178
  -1.000   0.0270   0.01411   0.00646  -0.0029   0.6545   0.5543
  -0.750   0.0709   0.01391   0.00622  -0.0063   0.6143   0.5958
  -0.250   0.3332   0.01656   0.00950  -0.0479   0.5497   0.8809
   0.000   0.3565   0.01734   0.01017  -0.0464   0.5373   0.9046
   0.250   0.4195   0.01824   0.01094  -0.0532   0.5240   0.9148
   0.500   0.4716   0.01897   0.01151  -0.0579   0.5131   0.9261
   0.750   0.5141   0.01958   0.01205  -0.0608   0.5037   0.9380
   1.000   0.5777   0.01997   0.01234  -0.0682   0.4939   0.9442
   1.250   0.6252   0.02041   0.01270  -0.0724   0.4860   0.9537
   1.500   0.6774   0.02054   0.01280  -0.0776   0.4772   0.9605
   1.750   0.7339   0.02088   0.01299  -0.0838   0.4698   0.9686
   2.000   0.7820   0.02090   0.01304  -0.0883   0.4625   0.9767
   2.250   0.8334   0.02083   0.01294  -0.0936   0.4551   0.9844
   2.500   0.8962   0.02100   0.01298  -0.1015   0.4478   0.9921
   2.750   0.9489   0.02048   0.01254  -0.1072   0.4407   1.0000
   3.000   0.9696   0.02064   0.01270  -0.1062   0.4358   1.0000
   3.250   0.9960   0.02087   0.01286  -0.1064   0.4307   1.0000
   3.500   1.0265   0.02119   0.01316  -0.1075   0.4259   1.0000
   3.750   1.0399   0.02134   0.01339  -0.1049   0.4213   1.0000
   4.000   1.0577   0.02152   0.01359  -0.1032   0.4164   1.0000
   4.250   1.0814   0.02175   0.01380  -0.1028   0.4117   1.0000
   4.500   1.1187   0.02222   0.01421  -0.1054   0.4066   1.0000
   4.750   1.1266   0.02236   0.01446  -0.1016   0.4027   1.0000
   5.000   1.1391   0.02253   0.01470  -0.0988   0.3978   1.0000
   5.250   1.1531   0.02267   0.01481  -0.0963   0.3922   1.0000
   5.500   1.1746   0.02297   0.01506  -0.0955   0.3858   1.0000
   5.750   1.1733   0.02302   0.01524  -0.0898   0.3805   1.0000
   6.000   1.1806   0.02312   0.01537  -0.0859   0.3751   1.0000
   6.250   1.1973   0.02330   0.01549  -0.0840   0.3697   1.0000
   6.500   1.2080   0.02354   0.01578  -0.0809   0.3646   1.0000
   6.750   1.2112   0.02367   0.01603  -0.0763   0.3594   1.0000
   7.000   1.2188   0.02379   0.01616  -0.0725   0.3542   1.0000
   7.250   1.2370   0.02400   0.01626  -0.0710   0.3482   1.0000
   7.500   1.2355   0.02416   0.01660  -0.0655   0.3438   1.0000
   7.750   1.2368   0.02428   0.01681  -0.0606   0.3380   1.0000
   8.000   1.2434   0.02442   0.01694  -0.0567   0.3328   1.0000
   8.250   1.2518   0.02464   0.01719  -0.0534   0.3274   1.0000
   8.500   1.2527   0.02487   0.01754  -0.0485   0.3217   1.0000
   8.750   1.2568   0.02505   0.01776  -0.0444   0.3162   1.0000
   9.000   1.2653   0.02529   0.01797  -0.0411   0.3107   1.0000
   9.250   1.2654   0.02560   0.01843  -0.0363   0.3044   1.0000
   9.500   1.2688   0.02588   0.01876  -0.0322   0.2983   1.0000
   9.750   1.2731   0.02622   0.01911  -0.0284   0.2920   1.0000
  10.000   1.2740   0.02661   0.01963  -0.0240   0.2843   1.0000
  10.250   1.2764   0.02703   0.02000  -0.0200   0.2772   1.0000
  10.500   1.2779   0.02753   0.02065  -0.0159   0.2683   1.0000
  10.750   1.2774   0.02812   0.02121  -0.0116   0.2595   1.0000
  11.000   1.2770   0.02878   0.02197  -0.0075   0.2480   1.0000
  11.250   1.2749   0.02958   0.02281  -0.0032   0.2350   1.0000
  11.500   1.2695   0.03061   0.02383   0.0013   0.2186   1.0000
  11.750   1.2593   0.03199   0.02515   0.0062   0.1988   1.0000
  12.000   1.2452   0.03378   0.02685   0.0111   0.1744   1.0000
  12.250   1.2256   0.03611   0.02906   0.0163   0.1521   1.0000
  12.500   1.2068   0.03867   0.03153   0.0208   0.1356   1.0000
  12.750   1.1878   0.04152   0.03433   0.0247   0.1242   1.0000
  13.000   1.1699   0.04456   0.03736   0.0279   0.1174   1.0000
