1.0,0.0
0.981430968957,0.00557977340013
0.962955554066,0.0110590356268
0.944573755325,0.0164377866801
0.926285572735,0.02171602656
0.908091006297,0.0268937552664
0.889990056009,0.0319709727994
0.871982721872,0.0369476791589
0.854069003886,0.041823874345
0.836248902051,0.0465995583577
0.818522416367,0.051274731197
0.800889546834,0.0558493928628
0.783350293451,0.0603235433552
0.76590465622,0.0646971826742
0.74855263514,0.0689703108197
0.73129423021,0.0731429277919
0.714129441432,0.0772150335905
0.697058268804,0.0811866282158
0.680080712328,0.0850577116676
0.663196772002,0.088828283946
0.646406447827,0.092498345051
0.629724946561,0.0960228505177
0.613167474961,0.0993567558816
0.596734033026,0.102500061142
0.580424620758,0.1054527663
0.564239238156,0.108214871355
0.54817788522,0.110786376307
0.53224056195,0.113167281156
0.516427268345,0.115357585903
0.500738004407,0.117357290546
0.485172770135,0.119166395086
0.469731565529,0.120784899523
0.454414390589,0.122212803858
0.439221245315,0.123450108089
0.424152129707,0.124496812217
0.409207043764,0.125352916243
0.394385987488,0.126018420165
0.379688960878,0.126493323985
0.365115963934,0.126777627702
0.350666996656,0.126871331315
0.336342059044,0.126774434826
0.322193568296,0.126516986568
0.308273941608,0.126129034878
0.294583178981,0.125610579754
0.281121280415,0.124961621196
0.267888245909,0.124182159206
0.254884075465,0.123272193782
0.242108769081,0.122231724925
0.229562326758,0.121060752634
0.217244748496,0.11975927691
0.205156034295,0.118327297753
0.193296184154,0.116764815163
0.181665198075,0.115071829139
0.170263076056,0.113248339682
0.159089818098,0.111294346791
0.148145424201,0.109209850468
0.137429894364,0.106994850711
0.126943228589,0.10464934752
0.116685426874,0.102173340897
0.10665648922,0.0995668308398
0.0968564156269,0.0968298173496
0.0874129151033,0.0940050140865
0.0784536966578,0.091135134711
0.0699787602904,0.0882201792231
0.0619881060012,0.0852601476227
0.0544817337901,0.08225503991
0.0474596436572,0.0792048560848
0.0409218356024,0.0761095961473
0.0348683096257,0.0729692600973
0.0292990657271,0.0697838479349
0.0242141039067,0.06655335966
0.0196134241644,0.0632777952728
0.0154970265003,0.0599571547732
0.0118649109143,0.0565914381611
0.00871707740642,0.0531806454366
0.00605352597668,0.0497247765997
0.00387425662507,0.0462238316504
0.0021792693516,0.0426778105887
0.000968564156269,0.0390867134145
0.000242141039067,0.0354505401279
0.0,0.031769290729
0.000251755338694,0.0280651709428
0.00100702135478,0.0243603864946
0.00226579804825,0.0206549373845
0.00402808541911,0.0169488236123
0.00629388346736,0.0132420451782
0.009063192193,0.00953460208201
0.012336011596,0.00582649432388
0.0161123416764,0.00211772190376
0.0203921824343,-0.00159171517836
0.0251755338694,-0.00530181692246
0.030462395982,-0.00901258332856
0.036252768772,-0.0127240143966
0.0425466522394,-0.0164361101267
0.0493440463841,-0.0201488705188
0.0566449512063,-0.0238622955729
0.0644493667058,-0.0275763852889
0.0727572928827,-0.031291139667
0.081568729737,-0.035006558707
0.0908836772687,-0.038722642409
0.100702135478,-0.0424393907731
0.11088622138,-0.046043362197
0.121298051991,-0.0494211150789
0.13193762731,-0.0525726494187
0.142804947338,-0.0554979652163
0.153900012075,-0.0581970624718
0.165222821521,-0.0606699411853
0.176773375675,-0.0629166013566
0.188551674538,-0.0649370429858
0.20055771811,-0.066731266073
0.21279150639,-0.068299270618
0.225253039379,-0.0696410566209
0.237942317077,-0.0707566240817
0.250859339484,-0.0716459730004
0.264004106599,-0.072309103377
0.277376618423,-0.0727460152115
0.290976874955,-0.0729567085039
0.304804876196,-0.0729411832542
0.318860622146,-0.0726994394623
0.333144112805,-0.0722314771284
0.347655348172,-0.0715372962524
0.362301967298,-0.0706987562677
0.376991609233,-0.0697977166079
0.391724273976,-0.0688341772731
0.406499961527,-0.0678081382631
0.421318671887,-0.066719599578
0.436180405055,-0.0655685612178
0.451085161032,-0.0643550231824
0.466032939817,-0.063078985472
0.481023741411,-0.0617404480864
0.496057565813,-0.0603394110258
0.511134413024,-0.05887587429
0.526254283043,-0.0573498378791
0.541417175871,-0.0557613017931
0.556623091507,-0.0541102660319
0.571872029952,-0.0523967305957
0.587163991205,-0.0506206954843
0.602498975266,-0.0487821606979
0.617876982136,-0.0468811262363
0.633298011815,-0.0449175920996
0.648762064302,-0.0428915582878
0.664351444838,-0.0408299099252
0.680148458663,-0.038759532136
0.696153105778,-0.0366804249204
0.712365386182,-0.0345925882783
0.728785299875,-0.0324960222097
0.745412846858,-0.0303907267145
0.76224802713,-0.0282767017929
0.779290840692,-0.0261539474448
0.796541287542,-0.0240224636701
0.813999367683,-0.021882250469
0.831665081112,-0.0197333078414
0.849538427831,-0.0175756357872
0.86761940784,-0.0154092343066
0.885908021137,-0.0132341033994
0.904404267724,-0.0110502430658
0.923108147601,-0.00885765330563
0.942019660766,-0.00665633411897
0.961138807222,-0.00444628550582
0.980465586966,-0.00222750746616
1.0,0.0
