1.0,0.0
0.989991686723,0.00704329579043
0.979423655271,0.0138609443534
0.968295905646,0.0204529456888
0.956608437848,0.0268192997968
0.944361251875,0.0329600066772
0.931554347728,0.0388750663302
0.918187725408,0.0445644787557
0.904261384914,0.0500282439537
0.889775326246,0.0552663619242
0.874729549404,0.0602788326672
0.859124054389,0.0650656561827
0.842958841199,0.0696268324707
0.826233909836,0.0739623615313
0.808949260299,0.0780722433643
0.791104892588,0.0819564779699
0.772700806703,0.0856150653479
0.753737002644,0.0890480054985
0.734213480412,0.0922552984216
0.714130240005,0.0952369441172
0.693487281425,0.0979929425853
0.672739686184,0.100594988686
0.652342535793,0.10311477728
0.632295830253,0.105552308368
0.612599569564,0.107907581948
0.593253753726,0.110180598022
0.574258382738,0.112371356589
0.555613456602,0.114479857649
0.537318975316,0.116506101203
0.519374938881,0.11845008725
0.501781347297,0.120311815789
0.484538200564,0.122091286823
0.467645498681,0.123788500349
0.45110324165,0.125403456368
0.434911429469,0.126936154881
0.419070062139,0.128386595887
0.40357913966,0.129754779386
0.388438662032,0.131040705378
0.373648629255,0.132244373864
0.359209041328,0.133365784843
0.345119898253,0.134404938315
0.331296349754,0.135273406366
0.317653545558,0.135882761082
0.304191485666,0.136233002463
0.290910170077,0.136324130509
0.277809598791,0.13615614522
0.264889771808,0.135729046597
0.252150689128,0.135042834638
0.239592350751,0.134097509344
0.227214756677,0.132893070715
0.215017906907,0.131429518751
0.20300180144,0.129706853452
0.191166440275,0.127725074819
0.179511823414,0.12548418285
0.168037950857,0.122984177546
0.156744822602,0.120225058907
0.14563243865,0.117206826934
0.134700799002,0.113929481625
0.123949903656,0.110393022981
0.113379752614,0.106597451002
0.102990345875,0.102542765689
0.0929487871522,0.0983719708154
0.0834221801588,0.0942280701582
0.0744105248947,0.0901110637168
0.06591382136,0.0860209514914
0.0579320695547,0.081957733482
0.0504652694788,0.0779214096885
0.0435134211322,0.073911980111
0.037076524515,0.0699294447495
0.0311545796272,0.0659738036038
0.0257475864688,0.0620450566742
0.0208555450397,0.0581432039604
0.01647845534,0.0542682454627
0.0126163173697,0.0504201811809
0.00926913112875,0.046599011115
0.00643689661719,0.0428047352651
0.004119613835,0.0390373536311
0.00231728278219,0.0352968662131
0.00102990345875,0.0315832730111
0.000257475864688,0.027896574025
0.0,0.0242367692548
0.0001900406531,0.0206109364298
0.000760162612401,0.0170261532793
0.0017103658779,0.0134824198031
0.0030406504496,0.00997973600141
0.00475101632751,0.00651810187409
0.00684146351161,0.00309751742119
0.00931199200191,-0.000282017357305
0.0121626017984,-0.00362050246138
0.0153932929011,-0.00691793789105
0.01900406531,-0.0101743236463
0.0229949190251,-0.0133896597271
0.0273658540464,-0.0165639461336
0.032116870374,-0.0196971828656
0.0372479680077,-0.0227893699232
0.0427591469476,-0.0258405073064
0.0486504071937,-0.0288505950151
0.054921748746,-0.0318196330495
0.0615731716045,-0.0347476214094
0.0686046757692,-0.037634560095
0.0760162612401,-0.0404804491061
0.0839049780726,-0.0432244714714
0.092367876322,-0.0458058102197
0.101404955988,-0.048224465351
0.111016217072,-0.0504804368651
0.121201659572,-0.0525737247622
0.131961283489,-0.0545043290422
0.143295088823,-0.0562722497051
0.155203075574,-0.0578774867509
0.167685243742,-0.0593200401797
0.180741593327,-0.0605999099914
0.194372124329,-0.061717096186
0.208576836748,-0.0626715987635
0.223355730584,-0.063463417724
0.238708805837,-0.0640925530674
0.254636062506,-0.0645590047937
0.271137500593,-0.0648627729029
0.288213120096,-0.0650038573951
0.305862921017,-0.0649822582702
0.324086903354,-0.0647979755282
0.342885067109,-0.0644510091691
0.361925759558,-0.0640076631706
0.380877327981,-0.0635342415102
0.399739772377,-0.0630307441881
0.418513092747,-0.062497171204
0.437197289089,-0.0619335225582
0.455792361406,-0.0613397982505
0.474298309695,-0.0607159982809
0.492715133958,-0.0600621226495
0.511042834194,-0.0593781713563
0.529281410403,-0.0586641444013
0.547430862585,-0.0579200417844
0.565491190741,-0.0571458635057
0.58346239487,-0.0563416095651
0.601344474973,-0.0555072799628
0.619137431049,-0.0546428746985
0.636841263098,-0.0537483937725
0.65445597112,-0.0528238371846
0.671981555116,-0.0518692049348
0.689418015085,-0.0508844970233
0.706765351027,-0.0498697134499
0.723936072882,-0.0487667088322
0.740842690589,-0.0475173377876
0.757485204148,-0.0461216003162
0.773863613559,-0.0445794964181
0.789977918822,-0.0428910260931
0.805828119937,-0.0410561893412
0.821414216904,-0.0390749861626
0.836736209722,-0.0369474165572
0.851794098393,-0.0346734805249
0.866587882916,-0.0322531780658
0.88111756329,-0.0296865091799
0.895383139517,-0.0269734738672
0.909384611595,-0.0241140721277
0.923121979526,-0.0211083039613
0.936595243308,-0.0179561693681
0.949804402943,-0.0146576683481
0.962749458429,-0.0112128009013
0.975430409767,-0.0076215670277
0.987847256958,-0.00388396672726
1.0,0.0
