1.0,0.0
0.990332438564,0.00696608725013
0.980043905271,0.0137056108766
0.969134400121,0.0202185708794
0.957603923114,0.0265049672586
0.94545247425,0.0325648000141
0.932680053529,0.038398069146
0.919286660951,0.0440047746543
0.905272296516,0.0493849165389
0.890636960224,0.0545384947998
0.875380652076,0.0594655094371
0.85950337207,0.0641659604507
0.843005120207,0.0686398478407
0.825885896488,0.0728871716071
0.808145700911,0.0769079317498
0.789784533478,0.0807021282688
0.770802394188,0.0842697611642
0.75119928304,0.087610830436
0.730975200036,0.0907253360841
0.710130145175,0.0936132781086
0.688664118457,0.0962746565094
0.667096789647,0.0987845610146
0.645947828512,0.101218081352
0.625217235051,0.103575217523
0.604905009264,0.105855969526
0.585011151152,0.108060337361
0.565535660713,0.11018832103
0.546478537949,0.11223992053
0.52783978286,0.114215135864
0.509619395444,0.116113967029
0.491817375703,0.117936414028
0.474433723636,0.119682476859
0.457468439243,0.121352155523
0.440921522525,0.122945450019
0.424792973481,0.124462360347
0.409082792111,0.125902886509
0.393790978415,0.127267028503
0.378917532394,0.128554786329
0.364462454047,0.129766159988
0.350425743374,0.13090114948
0.336807400375,0.131959754804
0.323480075432,0.132851668904
0.310316418925,0.133486584726
0.297316430854,0.133864502267
0.284480111219,0.133985421529
0.27180746002,0.133849342512
0.259298477257,0.133456265214
0.246953162931,0.132806189638
0.234771517041,0.131899115781
0.222753539587,0.130735043645
0.210899230569,0.12931397323
0.199208589987,0.127635904535
0.187681617842,0.125700837561
0.176318314133,0.123508772306
0.165118678859,0.121059708773
0.154082712022,0.118353646959
0.143210413622,0.115390586867
0.132501783657,0.112170528494
0.121956822129,0.108693471842
0.111575529036,0.104959416911
0.10135790438,0.1009683637
0.0914755087031,0.0968619426488
0.0820999025479,0.0927817841976
0.0732310859147,0.0887278883462
0.0648690588033,0.0847002550946
0.0570138212138,0.0806988844427
0.0496653731463,0.0767237763906
0.0428237146006,0.0727749309383
0.0364888455769,0.0688523480858
0.030660766075,0.064956027833
0.025339476095,0.06108597018
0.020524975637,0.0572421751268
0.0162172647008,0.0534246426734
0.0124163432866,0.0496333728198
0.00912221139421,0.0458683655659
0.00633486902376,0.0421296209118
0.00405431617521,0.0384171388575
0.00228055284855,0.0347309194029
0.0010135790438,0.0310709625482
0.00025339476095,0.0274372682932
0.0,0.023829836638
0.000201141194796,0.0202542606191
0.000804564779185,0.016716133273
0.00181027075317,0.0132154545999
0.00321825911674,0.0097522245996
0.00502852986991,0.00632644327218
0.00724108301266,0.00293811061763
0.00985591854502,-0.000412773364058
0.012873036467,-0.00372620867287
0.0162924367785,-0.00700219530882
0.0201141194796,-0.0102407332719
0.0243380845703,-0.0134418225621
0.0289643320507,-0.0166054631795
0.0339928619206,-0.0197316551239
0.0394236741801,-0.0228203983955
0.0452567688292,-0.0258716929943
0.0514921458678,-0.0288855389201
0.0581298052961,-0.0318619361731
0.065169747114,-0.0348008847533
0.0726119713214,-0.0377023846605
0.0804564779185,-0.0405664358949
0.0887664646376,-0.043331890619
0.0976051292114,-0.0459376009952
0.10697247164,-0.0483835670235
0.116868491923,-0.050669788704
0.12729319006,-0.0527962660367
0.138246566052,-0.0547629990215
0.149728619899,-0.0565699876584
0.1617393516,-0.0582172319475
0.174278761156,-0.0597047318888
0.187346848566,-0.0610324874822
0.200943613831,-0.0622004987278
0.215069056951,-0.0632087656255
0.229723177925,-0.0640572881753
0.244905976754,-0.0647460663774
0.260617453437,-0.0652751002315
0.276857607975,-0.0656443897378
0.293626440368,-0.0658539348963
0.310923950615,-0.0659037357069
0.328750138717,-0.0657937921697
0.347105004673,-0.0655241042847
0.365675111056,-0.0651581366233
0.38414702044,-0.0647593537571
0.402520732823,-0.0643277556862
0.420796248205,-0.0638633424105
0.438973566588,-0.06336611393
0.45705268797,-0.0628360702447
0.475033612352,-0.0622732113547
0.492916339734,-0.0616775372598
0.510700870116,-0.0610490479602
0.528387203497,-0.0603877434559
0.545975339878,-0.0596936237467
0.563465279259,-0.0589666888328
0.58085702164,-0.0582069387141
0.59815056702,-0.0574143733906
0.615345915401,-0.0565889928623
0.632443066781,-0.0557307971293
0.64944202116,-0.0548397861914
0.66634277854,-0.0539159600488
0.683145338919,-0.0529593187015
0.699849702298,-0.0519698621493
0.716422579678,-0.0508843665471
0.732830682057,-0.0496396080496
0.749074009438,-0.0482355866569
0.765152561819,-0.0466723023688
0.781066339201,-0.0449497551855
0.796815341583,-0.0430679451068
0.812399568966,-0.0410268721329
0.82781902135,-0.0388265362636
0.843073698734,-0.0364669374991
0.858163601118,-0.0339480758393
0.873088728504,-0.0312699512842
0.88784908089,-0.0284325638338
0.902444658277,-0.0254359134881
0.916875460664,-0.0222800002471
0.931141488052,-0.0189648241108
0.94524274044,-0.0154903850792
0.959179217829,-0.0118566831524
0.972950920219,-0.0080637183302
0.986557847609,-0.00411149061274
1.0,0.0
