1.0,0.0
0.988771796648,0.00652867235402
0.977084030654,0.0128684469802
0.964936702017,0.0190193238785
0.952329810736,0.0249813030489
0.939263356813,0.0307543844914
0.925737340247,0.0363385682061
0.911751761038,0.0417338541929
0.897306619186,0.0469402424519
0.882401914691,0.0519577329829
0.867037647553,0.0567863257862
0.851213817772,0.0614260208615
0.834930425348,0.065876818209
0.818187470281,0.0701387178286
0.800984952572,0.0742117197203
0.783322872219,0.0780958238842
0.765201229223,0.0817910303202
0.746620023585,0.0852973390284
0.727579255304,0.0886147500086
0.708078924379,0.091743263261
0.688119030812,0.0946828787856
0.668070880762,0.0974657305288
0.648305780389,0.100123952437
0.628823729694,0.102657544511
0.609624728676,0.10506650675
0.590708777335,0.107350839154
0.572075875672,0.109510541723
0.553726023686,0.111545614457
0.535659221377,0.113456057357
0.517875468746,0.115241870422
0.500374765793,0.116903053652
0.483157112516,0.118439607047
0.466222508917,0.119851530608
0.449570954995,0.121138824334
0.433202450751,0.122301488224
0.417116996184,0.123339522281
0.401314591295,0.124252926502
0.385795236082,0.125041700889
0.370558930548,0.12570584544
0.35560567469,0.126245360157
0.34093546851,0.126660245039
0.326525443383,0.126918474436
0.312352730686,0.126988022697
0.298417330418,0.126868889821
0.284719242579,0.126561075809
0.27125846717,0.126064580662
0.258035004189,0.125379404378
0.245048853639,0.124505546957
0.232300015517,0.123443008401
0.219788489825,0.122191788709
0.207514276562,0.12075188788
0.195477375729,0.119123305915
0.183677787325,0.117306042815
0.17211551135,0.115300098578
0.160790547805,0.113105473205
0.149702896689,0.110722166695
0.138852558002,0.10815017905
0.128239531744,0.105389510268
0.117863817916,0.102440160351
0.107725416517,0.0993021292969
0.0978243275479,0.095975417107
0.088286455612,0.0925496805889
0.0792377053138,0.0891145765507
0.0706780766534,0.0856701049923
0.0626075696307,0.0822162659138
0.0550261842457,0.0787530593152
0.0479339204985,0.0752804851964
0.041330778389,0.0717985435575
0.0352167579173,0.0683072343984
0.0295918590832,0.0648065577192
0.024456081887,0.0612965135199
0.0198094263285,0.0577771018004
0.0156518924077,0.0542483225608
0.0119834801246,0.050710175801
0.00880418947931,0.0471626615212
0.00611402047175,0.0436057797211
0.00391297310192,0.040039530401
0.00220104736983,0.0364639135607
0.000978243275479,0.0328789292002
0.00024456081887,0.0292845773196
0.0,0.0256808579189
0.000225032640037,0.0220759057589
0.000900130560149,0.0184778556005
0.00202529376034,0.0148867074436
0.0036005222406,0.0113024612883
0.00562581600093,0.00772511713454
0.00810117504134,0.00415467498237
0.0110265993618,0.000591134831761
0.0144020889624,-0.00296550331728
0.018227643843,-0.00651523946476
0.0225032640037,-0.0100580736107
0.0272289494445,-0.013594005755
0.0324047001654,-0.0171230358978
0.0380305161663,-0.020645164039
0.0441063974473,-0.0241603901786
0.0506323440084,-0.0276687143167
0.0576083558495,-0.0311701364532
0.0650344329708,-0.0346646565882
0.0729105753721,-0.0381522747215
0.0812367830534,-0.0416329908534
0.0900130560149,-0.0451068049836
0.0991922884531,-0.0484690243616
0.108727374565,-0.0516149562367
0.11861831435,-0.054544600609
0.128865107808,-0.0572579574783
0.13946775494,-0.0597550268447
0.150426255745,-0.0620358087083
0.161740610223,-0.0641003030689
0.173410818375,-0.0659485099266
0.185436880201,-0.0675804292815
0.197818795699,-0.0689960611334
0.210556564872,-0.0701954054825
0.223650187717,-0.0711784623287
0.237099664236,-0.0719452316719
0.250904994428,-0.0724957135123
0.265066178294,-0.0728299078498
0.279583215833,-0.0729478146843
0.294456107045,-0.072849434016
0.309684851931,-0.0725347658448
0.325269450491,-0.0720038101707
0.341209902723,-0.0712565669937
0.357340490548,-0.070388032494
0.373495495885,-0.0694932028517
0.389674918734,-0.0685720780668
0.405878759094,-0.0676246581393
0.422107016965,-0.0666509430693
0.438359692348,-0.0656509328568
0.454636785243,-0.0646246275016
0.47093829565,-0.0635720270039
0.487264223568,-0.0624931313637
0.503614568998,-0.0613879405808
0.519989331939,-0.0602564546554
0.536388512392,-0.0590986735875
0.552812110357,-0.0579145973769
0.569260125833,-0.0567042260238
0.585732558821,-0.0554675595282
0.60222940932,-0.0542045978899
0.618750677331,-0.0529153411091
0.635296362854,-0.0515997891858
0.651866465888,-0.0502579421198
0.668460986434,-0.0488897999113
0.685066226805,-0.0474553501208
0.701668489313,-0.0459145803086
0.718267773959,-0.0442674904749
0.734864080742,-0.0425140806196
0.751457409664,-0.0406543507427
0.768047760722,-0.0386883008442
0.784635133919,-0.0366159309242
0.801219529253,-0.0344372409826
0.817800946725,-0.0321522310194
0.834379386334,-0.0297609010346
0.850954848081,-0.0272632510282
0.867527331966,-0.0246592810003
0.884096837989,-0.0219489909508
0.900663366149,-0.0191323808797
0.917226916446,-0.016209450787
0.933787488882,-0.0131802006728
0.950345083455,-0.010044630537
0.966899700166,-0.00680274037955
0.983451339014,-0.00345453020056
1.0,0.0
