1.0,0.0
0.98408822324,0.00581299676805
0.968075960876,0.0115003340581
0.951963212906,0.0170620118702
0.93574997933,0.0224980302043
0.91943626015,0.0278083890604
0.903022055364,0.0329930884385
0.886507364973,0.0380521283386
0.869892188977,0.0429855087608
0.853176527376,0.0477932297049
0.836360380169,0.0524752911711
0.819443747357,0.0570316931593
0.80242662894,0.0614624356695
0.785309024918,0.0657675187017
0.768090935291,0.0699469422559
0.750772360058,0.0740007063321
0.73335329922,0.0779288109304
0.715833752777,0.0817312560506
0.698213720729,0.0854080416929
0.680493203075,0.0889591678572
0.662672199816,0.0923846345435
0.644881982579,0.0956615451771
0.627253822989,0.0987670031832
0.609787721046,0.101701008562
0.592483676752,0.104463561313
0.575341690105,0.107054661437
0.558361761106,0.109474308933
0.541543889754,0.111722503802
0.52488807605,0.113799246044
0.508394319994,0.115704535658
0.492062621585,0.117438372645
0.475892980824,0.119000757004
0.459885397711,0.120391688736
0.444039872245,0.12161116784
0.428356404427,0.122659194317
0.412834994257,0.123535768166
0.397475641734,0.124240889388
0.382278346859,0.124774557983
0.367243109632,0.12513677395
0.352369930052,0.12532753729
0.33765880812,0.125346848002
0.323155269993,0.125208116923
0.308904841829,0.12492475489
0.294907523628,0.124496761902
0.28116331539,0.12392413796
0.267672217114,0.123206883063
0.254434228802,0.122344997211
0.241449350452,0.121338480405
0.228717582065,0.120187332644
0.21623892364,0.118891553929
0.204013375179,0.117451144259
0.19204093668,0.115866103635
0.180321608145,0.114136432056
0.168855389572,0.112262129523
0.157642280961,0.110243196035
0.146682282314,0.108079631592
0.135975393629,0.105771436195
0.125521614908,0.103318609843
0.115320946149,0.100721152537
0.105373387352,0.0979790642763
0.0956789385192,0.0950923450609
0.0863502420135,0.0921175927532
0.0774999402005,0.0891114052154
0.0691280330801,0.0860737824474
0.0612345206523,0.0830047244493
0.053819402917,0.0799042312211
0.0468826798744,0.0767723027627
0.0404243515243,0.0736089390742
0.0344444178669,0.0704141401555
0.028942878902,0.0671879060067
0.0239197346298,0.0639302366278
0.0193749850501,0.0606411320188
0.0153086301631,0.0573205921796
0.0117206699686,0.0539686171102
0.00861110446672,0.0505852068108
0.00597993365745,0.0471703612812
0.00382715754077,0.0437240805215
0.00215277611668,0.0402463645316
0.000956789385192,0.0367372133116
0.000239197346298,0.0331966268614
0.0,0.0296246051812
0.000257319481089,0.0260324842179
0.00102927792436,0.0224315999189
0.0023158753298,0.018821952284
0.00411711169743,0.0152035413134
0.00643298702723,0.0115763670069
0.00926350131921,0.00794042936467
0.0126086545734,0.00429572838661
0.0164684467897,0.000642264072744
0.0208428779682,-0.00301996357692
0.0257319481089,-0.00669095456239
0.0311356572118,-0.0103707088837
0.0370540052768,-0.0140592265407
0.0434869923041,-0.0177565075336
0.0504346182935,-0.0214625518623
0.0578968832451,-0.0251773595268
0.0658737871588,-0.0289009305271
0.0743653300348,-0.0326332648632
0.0833715118729,-0.0363743625351
0.0928923326732,-0.0401242235428
0.102927792436,-0.0438828478863
0.113319523051,-0.0475290074859
0.123909156411,-0.0509414742619
0.134696692514,-0.0541202482143
0.145682131362,-0.0570653293431
0.156865472953,-0.0597767176484
0.168246717289,-0.06225441313
0.179825864369,-0.0644984157881
0.191602914192,-0.0665087256225
0.20357786676,-0.0682853426334
0.215750722071,-0.0698282668207
0.228121480127,-0.0711374981844
0.240690140926,-0.0722130367245
0.25345670447,-0.073054882441
0.266421170757,-0.0736630353339
0.279583539789,-0.0740374954032
0.292943811564,-0.0741782626489
0.306501986084,-0.0740853370711
0.320258063347,-0.0737587186696
0.334212043355,-0.0731984074445
0.348363926106,-0.0724044033959
0.362659306724,-0.0714710954224
0.377043780331,-0.0704928724229
0.391517346928,-0.0694697343973
0.406080006514,-0.0684016813456
0.420731759089,-0.0672887132678
0.435472604653,-0.0661308301639
0.450302543206,-0.064928032034
0.465221574749,-0.063680318878
0.480229699281,-0.062387690696
0.495326916802,-0.0610501474878
0.510513227312,-0.0596676892536
0.525788630811,-0.0582403159933
0.5411531273,-0.056768027707
0.556606716778,-0.0552508243945
0.572149399245,-0.053688706056
0.587781174701,-0.0520816726914
0.603502043147,-0.0504297243008
0.619312004582,-0.048732860884
0.635211059005,-0.0469910824412
0.651199206419,-0.0452043889724
0.667302267615,-0.0433726845671
0.683546063388,-0.0414958733152
0.699930593739,-0.0395739552166
0.716455858667,-0.0376069302713
0.733121858172,-0.0355947984794
0.749928592254,-0.0335375598408
0.766876060913,-0.0314352143555
0.783964264149,-0.0292877620236
0.801193201962,-0.027095202845
0.818562874353,-0.0248575368197
0.836073281321,-0.0225747639477
0.853724422865,-0.0202468842291
0.871516298987,-0.0178738976638
0.889448909686,-0.0154558042519
0.907522254962,-0.0129926039932
0.925736334816,-0.0104842968879
0.944091149246,-0.00793088293594
0.962586698254,-0.0053323621373
0.981222981838,-0.00268873449198
1.0,0.0
