1.0,0.0
0.983865635671,0.00580962423737
0.967642479135,0.0114898663723
0.951330530393,0.0170407264048
0.934929789444,0.0224622043348
0.918440256288,0.0277543001624
0.901861930925,0.0329170138875
0.885194813356,0.0379503455102
0.86843890358,0.0428542950305
0.851594201597,0.0476288624483
0.834660707408,0.0522740477636
0.817638421012,0.0567898509766
0.800527342409,0.061176272087
0.7833274716,0.0654333110951
0.766038808584,0.0695609680006
0.748661353361,0.0735592428038
0.731195105931,0.0774281355044
0.713640066295,0.0811676461027
0.695996234452,0.0847777745985
0.678263610402,0.0882585209918
0.660442194146,0.0916098852827
0.642658249676,0.0948167910857
0.625038040986,0.0978641620152
0.607581568075,0.100751998071
0.590288830944,0.103480299254
0.573159829593,0.106049065563
0.556194564021,0.108458296999
0.53939303423,0.110707993562
0.522755240217,0.112798155251
0.506281181985,0.114728782066
0.489970859532,0.116499874008
0.473824272858,0.118111431077
0.457841421965,0.119563453273
0.442022306851,0.120855940594
0.426366927517,0.121988893043
0.410875283962,0.122962310618
0.395547376187,0.12377619332
0.380383204192,0.124430541148
0.365382767976,0.124925354103
0.35054606754,0.125260632184
0.335873102884,0.125436375392
0.321409330867,0.125453873823
0.307200208351,0.125314417574
0.293245735335,0.125018006644
0.27954591182,0.124564641034
0.266100737805,0.123954320744
0.25291021329,0.123187045773
0.239974338275,0.122262816122
0.227293112761,0.121181631791
0.214866536746,0.119943492779
0.202694610233,0.118548399087
0.190777333219,0.116996350714
0.179114705706,0.115287347662
0.167706727693,0.113421389929
0.15655339918,0.111398477515
0.145654720167,0.109218610421
0.135010690655,0.106881788647
0.124621310643,0.104388012193
0.114486580132,0.101737281058
0.10460649912,0.0989295952426
0.0949810676093,0.0959649547471
0.0857204135174,0.0929107359388
0.0769346647636,0.0898343151853
0.0686238213478,0.0867356924866
0.06078788327,0.0836148678428
0.0534268505303,0.0804718412537
0.0465407231286,0.0773066127195
0.0401295010649,0.0741191822402
0.0341931843394,0.0709095498156
0.0287317729518,0.0676777154459
0.0237452669023,0.064423679131
0.0192336661909,0.0611474408709
0.0151969708175,0.0578490006657
0.0116351807821,0.0545283585153
0.00854829608484,0.0511855144197
0.00593631672558,0.0478204683789
0.00379924270437,0.044433220393
0.00213707402121,0.0410237704618
0.000949810676093,0.0375921185855
0.000237452669023,0.0341382647641
0.0,0.0306622089974
0.00023896979016,0.027167242484
0.000955879160638,0.0236566564224
0.00215072811144,0.0201304508124
0.00382351664255,0.0165886256542
0.00597424475399,0.0130311809478
0.00860291244575,0.00945811669301
0.0117095197178,0.00586943288997
0.0152940665702,0.00226512953866
0.0193565530029,-0.00135479336092
0.023896979016,-0.00499033580878
0.0289153446093,-0.00864149780492
0.034411649783,-0.0123082793493
0.040385894537,-0.015990680442
0.0468380788713,-0.019688701083
0.0537682027859,-0.0234023412722
0.0611762662809,-0.0271316010097
0.0690622693561,-0.0308764802955
0.0774262120117,-0.0346369791296
0.0862680942476,-0.0384130975119
0.0955879160638,-0.0422048354426
0.105274838882,-0.0458882719729
0.115218024124,-0.0493394861544
0.12541747179,-0.052558477987
0.135873181879,-0.0555452474708
0.146585154392,-0.0582997946057
0.157553389329,-0.0608221193918
0.16877788669,-0.063112221829
0.180258646474,-0.0651701019174
0.191995668683,-0.066995759657
0.203988953314,-0.0685891950476
0.21623850037,-0.0699504080895
0.228744309849,-0.0710793987824
0.241506381752,-0.0719761671266
0.254524716079,-0.0726407131219
0.26779931283,-0.0730730367683
0.281330172004,-0.0732731380659
0.295117293602,-0.0732410170146
0.309160677624,-0.0729766736145
0.323460324069,-0.0724801078655
0.338016232939,-0.0717513197677
0.352744480049,-0.0708767250253
0.367561141219,-0.0699427393427
0.382466216449,-0.0689493627199
0.397459705737,-0.0678965951568
0.412541609085,-0.0667844366534
0.427711926492,-0.0656128872098
0.442970657958,-0.064381946826
0.458317803484,-0.0630916155019
0.473753363069,-0.0617418932376
0.489277336713,-0.060332780033
0.504889724416,-0.0588642758881
0.520590526179,-0.0573363808031
0.536379742001,-0.0557490947777
0.552257371882,-0.0541024178122
0.568223415823,-0.0523963499064
0.584277873823,-0.0506308910603
0.600420745882,-0.048806041274
0.616652032,-0.0469218005474
0.632971732177,-0.0449781688807
0.649379846414,-0.0429751462736
0.665886102001,-0.0409366262346
0.68250022623,-0.038886502272
0.699222219099,-0.0368247743857
0.71605208061,-0.0347514425757
0.732989810763,-0.0326665068421
0.750035409556,-0.0305699671849
0.767188876991,-0.028461823604
0.784450213067,-0.0263420760994
0.801819417784,-0.0242107246712
0.819296491143,-0.0220677693194
0.836881433143,-0.0199132100439
0.854574243784,-0.0177470468447
0.872374923067,-0.0155692797219
0.89028347099,-0.0133799086754
0.908299887556,-0.0111789337053
0.926424172762,-0.00896635481156
0.944656326609,-0.00674217199415
0.962996349098,-0.00450638525308
0.981444240229,-0.00225899458837
1.0,0.0
