  
       XFOIL         Version 6.99
  
 Calculated polar for: G39A7                                           
  
 1 1 Reynolds number fixed          Mach number fixed         
  
 xtrf =   1.000 (top)        1.000 (bottom)  
 Mach =   0.000     Re =     0.200 e 6     Ncrit =   9.000
  
   alpha    CL        CD       CDp       CM     Top_Xtr  Bot_Xtr
  ------ -------- --------- --------- -------- -------- --------
   1.000   1.0107   0.03601   0.02688  -0.1434   0.3513   0.5003
   1.100   1.0210   0.03615   0.02701  -0.1436   0.3510   0.5032
   1.200   1.0312   0.03631   0.02717  -0.1438   0.3508   0.5054
   1.300   1.0404   0.03652   0.02745  -0.1436   0.3506   0.5062
   1.400   1.0497   0.03675   0.02773  -0.1435   0.3504   0.5071
   1.500   1.0586   0.03698   0.02802  -0.1432   0.3501   0.5079
   1.600   1.0676   0.03722   0.02832  -0.1430   0.3498   0.5089
   1.700   1.0760   0.03744   0.02860  -0.1427   0.3494   0.5099
   1.800   1.0846   0.03768   0.02888  -0.1425   0.3490   0.5110
   1.900   1.0927   0.03788   0.02913  -0.1421   0.3484   0.5124
   2.000   1.1009   0.03810   0.02940  -0.1419   0.3479   0.5139
   2.100   1.1094   0.03832   0.02966  -0.1416   0.3474   0.5158
   2.200   1.1183   0.03856   0.02992  -0.1415   0.3470   0.5180
   2.300   1.1280   0.03883   0.03018  -0.1417   0.3468   0.5210
   2.400   1.1366   0.03908   0.03047  -0.1415   0.3465   0.5225
   2.500   1.1448   0.03935   0.03080  -0.1412   0.3463   0.5234
   2.600   1.1529   0.03963   0.03114  -0.1409   0.3460   0.5244
   2.700   1.1609   0.03993   0.03150  -0.1406   0.3457   0.5253
   2.800   1.1690   0.04026   0.03189  -0.1403   0.3456   0.5265
   2.900   1.1768   0.04056   0.03225  -0.1400   0.3453   0.5277
   3.000   1.1847   0.04090   0.03264  -0.1397   0.3451   0.5293
   3.100   1.1925   0.04123   0.03302  -0.1393   0.3449   0.5310
   3.200   1.2003   0.04156   0.03340  -0.1391   0.3446   0.5329
   3.300   1.2082   0.04192   0.03378  -0.1388   0.3445   0.5354
   3.400   1.2166   0.04229   0.03415  -0.1387   0.3443   0.5383
   3.500   1.2235   0.04260   0.03452  -0.1383   0.3441   0.5394
   3.600   1.2303   0.04295   0.03494  -0.1378   0.3439   0.5404
   3.700   1.2368   0.04331   0.03537  -0.1372   0.3438   0.5415
   3.800   1.2433   0.04369   0.03582  -0.1367   0.3437   0.5427
   3.900   1.2499   0.04405   0.03624  -0.1362   0.3434   0.5440
   4.000   1.2565   0.04442   0.03667  -0.1357   0.3432   0.5455
   4.100   1.2633   0.04478   0.03707  -0.1353   0.3428   0.5469
   4.200   1.2707   0.04513   0.03746  -0.1349   0.3424   0.5487
   4.300   1.2780   0.04549   0.03784  -0.1346   0.3419   0.5506
   4.400   1.2855   0.04586   0.03823  -0.1344   0.3415   0.5526
   4.500   1.2932   0.04628   0.03865  -0.1341   0.3411   0.5547
   4.600   1.3007   0.04661   0.03902  -0.1339   0.3406   0.5560
   4.700   1.3100   0.04693   0.03937  -0.1339   0.3400   0.5571
   4.800   1.3476   0.04841   0.04062  -0.1396   0.3363   0.5593
   4.900   1.3406   0.04808   0.04044  -0.1363   0.3354   0.5601
   5.000   1.3332   0.04808   0.04057  -0.1332   0.3345   0.5609
   5.100   1.3281   0.04817   0.04077  -0.1305   0.3334   0.5618
   5.200   1.3247   0.04833   0.04102  -0.1282   0.3321   0.5629
   5.300   1.3234   0.04841   0.04117  -0.1262   0.3304   0.5642
   5.400   1.3264   0.04845   0.04123  -0.1250   0.3285   0.5656
   5.500   1.3437   0.04787   0.04056  -0.1262   0.3250   0.5681
   5.600   1.3881   0.04703   0.03940  -0.1323   0.3213   0.5719
   5.700   1.4039   0.04775   0.04007  -0.1338   0.3194   0.5735
   5.800   1.3964   0.04776   0.04021  -0.1306   0.3186   0.5741
   5.900   1.3902   0.04789   0.04047  -0.1278   0.3176   0.5751
   6.000   1.3836   0.04810   0.04079  -0.1249   0.3164   0.5759
   6.100   1.3791   0.04837   0.04116  -0.1224   0.3153   0.5768
   6.200   1.3763   0.04857   0.04144  -0.1203   0.3142   0.5780
   6.300   1.3752   0.04863   0.04155  -0.1183   0.3128   0.5791
   6.400   1.3775   0.04863   0.04158  -0.1170   0.3113   0.5806
   6.500   1.3815   0.04870   0.04168  -0.1160   0.3102   0.5822
   6.600   1.3918   0.04844   0.04140  -0.1161   0.3087   0.5841
   6.700   1.4150   0.04765   0.04049  -0.1182   0.3067   0.5868
   6.800   1.4562   0.04644   0.03906  -0.1236   0.3045   0.5898
   6.900   1.4703   0.04656   0.03915  -0.1246   0.3031   0.5914
   7.000   1.4577   0.04678   0.03950  -0.1206   0.3023   0.5919
   7.100   1.4453   0.04712   0.03997  -0.1167   0.3014   0.5926
   7.200   1.4355   0.04753   0.04049  -0.1134   0.3003   0.5933
   7.300   1.4295   0.04794   0.04099  -0.1108   0.2993   0.5941
   7.400   1.4248   0.04824   0.04137  -0.1084   0.2980   0.5950
   7.500   1.4229   0.04841   0.04160  -0.1065   0.2967   0.5964
   7.600   1.4246   0.04845   0.04168  -0.1052   0.2954   0.5976
   7.700   1.4312   0.04813   0.04136  -0.1046   0.2939   0.5993
   7.800   1.4417   0.04762   0.04083  -0.1046   0.2925   0.6012
   7.900   1.4616   0.04633   0.03943  -0.1059   0.2909   0.6038
   8.000   1.4764   0.04521   0.03821  -0.1065   0.2895   0.6056
   8.100   1.4912   0.04404   0.03695  -0.1070   0.2883   0.6074
   8.200   1.4953   0.04363   0.03653  -0.1060   0.2871   0.6086
   8.300   1.4821   0.04448   0.03756  -0.1024   0.2856   0.6091
   8.400   1.4735   0.04509   0.03830  -0.0997   0.2841   0.6098
   8.500   1.4687   0.04540   0.03870  -0.0975   0.2824   0.6107
   8.600   1.4686   0.04536   0.03872  -0.0960   0.2808   0.6118
   8.700   1.4719   0.04477   0.03812  -0.0948   0.2789   0.6131
   8.800   1.4763   0.04412   0.03747  -0.0939   0.2773   0.6144
   8.900   1.4815   0.04316   0.03646  -0.0929   0.2759   0.6158
   9.000   1.4866   0.04229   0.03555  -0.0919   0.2747   0.6172
   9.100   1.4904   0.04144   0.03465  -0.0908   0.2736   0.6186
   9.200   1.4931   0.04064   0.03378  -0.0895   0.2726   0.6200
   9.300   1.4838   0.04193   0.03532  -0.0871   0.2695   0.6205
   9.400   1.4807   0.04218   0.03565  -0.0853   0.2666   0.6215
   9.500   1.4802   0.04177   0.03527  -0.0838   0.2641   0.6225
   9.600   1.4797   0.04101   0.03451  -0.0821   0.2618   0.6235
   9.700   1.4788   0.04021   0.03367  -0.0803   0.2597   0.6242
   9.800   1.4778   0.04029   0.03386  -0.0789   0.2551   0.6253
   9.900   1.4776   0.04000   0.03363  -0.0774   0.2475   0.6262
  10.000   1.4787   0.03968   0.03333  -0.0762   0.2350   0.6273
  10.100   1.4727   0.03919   0.03269  -0.0738   0.2174   0.6280
  10.200   1.4617   0.03931   0.03258  -0.0710   0.1956   0.6285
  10.300   1.4472   0.04016   0.03313  -0.0681   0.1681   0.6289
  10.400   1.4328   0.04174   0.03446  -0.0656   0.1372   0.6292
  10.500   1.4177   0.04376   0.03632  -0.0633   0.1133   0.6295
  10.600   1.4056   0.04557   0.03806  -0.0614   0.1020   0.6298
  10.700   1.3949   0.04728   0.03976  -0.0596   0.0949   0.6303
  10.800   1.3853   0.04890   0.04139  -0.0581   0.0902   0.6308
  10.900   1.3766   0.05047   0.04299  -0.0566   0.0865   0.6313
  11.000   1.3685   0.05200   0.04457  -0.0553   0.0834   0.6319
  11.100   1.3596   0.05365   0.04627  -0.0539   0.0810   0.6324
  11.200   1.3512   0.05529   0.04797  -0.0528   0.0796   0.6331
  11.300   1.3398   0.05726   0.04999  -0.0515   0.0781   0.6336
  11.400   1.3294   0.05921   0.05200  -0.0504   0.0771   0.6340
  11.500   1.3199   0.06115   0.05402  -0.0495   0.0762   0.6345
  11.600   1.3097   0.06327   0.05622  -0.0487   0.0751   0.6350
  11.700   1.2989   0.06558   0.05861  -0.0481   0.0746   0.6352
  11.800   1.2864   0.06830   0.06144  -0.0477   0.0742   0.6354
  11.900   1.2715   0.07157   0.06481  -0.0476   0.0742   0.6356
  12.000   1.2486   0.07630   0.06969  -0.0481   0.0758   0.6352
  12.100   1.2217   0.08220   0.07578  -0.0496   0.0787   0.6346
  12.200   1.1981   0.08760   0.08133  -0.0512   0.0812   0.6341
  12.300   1.1776   0.09207   0.08590  -0.0522   0.0824   0.6337
  12.400   1.1609   0.09584   0.08973  -0.0531   0.0827   0.6336
  12.500   1.1492   0.09883   0.09275  -0.0537   0.0828   0.6337
  12.600   1.1368   0.10190   0.09586  -0.0544   0.0822   0.6338
  12.700   1.1270   0.10458   0.09855  -0.0551   0.0814   0.6341
  12.800   1.1175   0.10719   0.10116  -0.0557   0.0801   0.6345
  12.900   1.1094   0.10954   0.10349  -0.0563   0.0785   0.6348
  13.000   1.1038   0.11147   0.10537  -0.0567   0.0768   0.6354
