1.0,0.0
0.988561190342,0.00668434666564
0.976662349433,0.0131677792552
0.964303477272,0.0194502977686
0.95148457386,0.0255319022058
0.938205639197,0.031412592567
0.924466673282,0.0370923688521
0.910267676116,0.042571231061
0.895608647698,0.0478491791938
0.880489588029,0.0529262132505
0.864910497108,0.0578023332311
0.848871374936,0.0624775391355
0.832372221513,0.0669518309639
0.815413036838,0.0712252087161
0.797993820912,0.0752976723922
0.780114573734,0.0791692219922
0.761775295305,0.0828398575161
0.742975985625,0.0863095789638
0.723716644693,0.0895783863355
0.70399727251,0.092646279631
0.683817869075,0.0955132588504
0.66356302817,0.0982209222954
0.643617343574,0.100810868268
0.623980815289,0.103283096767
0.604653443314,0.105637607794
0.585635227648,0.107874401349
0.566926168293,0.10999347743
0.548526265248,0.111994836039
0.530435518513,0.113878477175
0.512653928087,0.115644400839
0.495181493972,0.11729260703
0.478018216167,0.118823095748
0.461164094672,0.120235866994
0.444619129487,0.121530920767
0.428383320611,0.122708257067
0.412456668046,0.123767875894
0.396839171791,0.124709777249
0.381530831846,0.125533961131
0.366531648211,0.126240427541
0.351841620886,0.126829176478
0.337460749871,0.127300207942
0.323346117056,0.127613321014
0.30945480433,0.127728314774
0.295786811695,0.127645189223
0.282342139149,0.127363944361
0.269120786693,0.126884580187
0.256122754327,0.126207096701
0.243348042051,0.125331493904
0.230796649865,0.124257771795
0.218468577768,0.122985930375
0.206363825761,0.121515969644
0.194482393845,0.1198478896
0.182824282017,0.117981690246
0.17138949028,0.11591737158
0.160178018633,0.113654933602
0.149189867075,0.111194376313
0.138425035608,0.108535699712
0.12788352423,0.1056789038
0.117565332942,0.102623988576
0.107470461743,0.0993709540406
0.097598910635,0.0959198001938
0.0880830168481,0.092367363461
0.0790551176143,0.0888104802678
0.0705152129338,0.0852491506141
0.0624633028064,0.0816833744999
0.0548993872322,0.0781131519253
0.0478234662111,0.0745384828902
0.0412355397433,0.0709593673947
0.0351356078286,0.0673758054387
0.0295236704671,0.0637877970222
0.0243997276587,0.0601953421453
0.0197637794036,0.056598440808
0.0156158257016,0.0529970930102
0.0119558665528,0.0493912987519
0.00878390195715,0.0457810580331
0.00609993191469,0.042166370854
0.0039039564254,0.0385472372143
0.00219597548929,0.0349236571142
0.00097598910635,0.0312956305536
0.000243997276587,0.0276631575326
0.0,0.0240262380511
0.000209322787758,0.0204014266753
0.000837291151033,0.0168052779713
0.00188390508982,0.0132377919391
0.00334916460413,0.00969896857864
0.00523306969396,0.00618880788999
0.0075356203593,0.00270730987312
0.0102568166002,-0.000745525471952
0.0133966584165,-0.00416969814524
0.0169551458084,-0.00756520814673
0.0209322787758,-0.0109320554764
0.0253280573188,-0.0142702401344
0.0301424814372,-0.0175797621205
0.0353755511312,-0.0208606214348
0.0410272664006,-0.0241128180774
0.0470976272456,-0.0273363520481
0.0535866336661,-0.0305312233471
0.0604942856621,-0.0336974319743
0.0678205832337,-0.0368349779297
0.0755655263807,-0.0399438612133
0.0837291151033,-0.0430240818251
0.0923261329721,-0.045997072051
0.101371363558,-0.0487842641771
0.11086480686,-0.0513856582032
0.12080646288,-0.0538012541293
0.131196331616,-0.0560310519556
0.142034413069,-0.0580750516819
0.153320707239,-0.0599332533082
0.165055214126,-0.0616056568347
0.17723793373,-0.0630922622612
0.189868866051,-0.0643930695878
0.202948011089,-0.0655080788145
0.216475368843,-0.0664372899412
0.230450939315,-0.067180702968
0.244874722503,-0.0677383178948
0.259746718408,-0.0681101347218
0.27506692703,-0.0682961534488
0.290835348369,-0.0682963740759
0.307051982425,-0.068110796603
0.323716829198,-0.0677394210302
0.340829888687,-0.0671822473575
0.358146225042,-0.0665179649978
0.375420902411,-0.0658252633639
0.392653920792,-0.0651041424558
0.409845280188,-0.0643546022736
0.426994980596,-0.0635766428173
0.444103022019,-0.0627702640868
0.461169404454,-0.0619354660821
0.478194127903,-0.0610722488033
0.495177192366,-0.0601806122503
0.512118597842,-0.0592605564232
0.529018344332,-0.058312081322
0.545876431835,-0.0573351869466
0.562692860351,-0.056329873297
0.579467629881,-0.0552961403733
0.596200740425,-0.0542339881754
0.612892191982,-0.0531434167034
0.629541984552,-0.0520244259572
0.646150118136,-0.0508770159369
0.662716592734,-0.0497011866424
0.679241408345,-0.0484969380738
0.695722091635,-0.0472181604332
0.712156169273,-0.0458187439228
0.728543641257,-0.0442986885426
0.744884507587,-0.0426579942926
0.761178768264,-0.0408966611728
0.777426423288,-0.0390146891832
0.793627472658,-0.0370120783238
0.809781916374,-0.0348888285947
0.825889754437,-0.0326449399957
0.841950986847,-0.0302804125269
0.857965613603,-0.0277952461883
0.873933634705,-0.0251894409799
0.889855050154,-0.0224629969017
0.90572985995,-0.0196159139537
0.921558064092,-0.0166481921359
0.93733966258,-0.0135598314483
0.953074655416,-0.010350831891
0.968763042597,-0.00702119346377
0.984404824125,-0.00357091616678
1.0,0.0
