1.0,0.0
0.989279416937,0.00669801390569
0.978059063003,0.0131973300789
0.966338938198,0.0194979485197
0.954119042523,0.025599869228
0.941399375977,0.0315030922039
0.92817993856,0.0372076174473
0.914460730273,0.0427134449582
0.900241751115,0.0480205747367
0.885523001086,0.0531290067827
0.870304480187,0.0580387410963
0.854586188417,0.0627497776774
0.838368125776,0.0672621165261
0.821650292264,0.0715757576423
0.804432687882,0.075690701026
0.786715312629,0.0796069466773
0.768498166506,0.0833244945961
0.749781249512,0.0868433447825
0.730564561647,0.0901634972364
0.710848102911,0.0932849519578
0.690631873305,0.0962077089468
0.670332444398,0.0989747433553
0.650366387761,0.101629030335
0.630733703392,0.104170569887
0.611434391293,0.10659936201
0.592468451464,0.108915406705
0.573835883904,0.111118703971
0.555536688613,0.113209253809
0.537570865591,0.115187056218
0.519938414839,0.117052111199
0.502639336356,0.118804418751
0.485673630142,0.120443978875
0.469041296198,0.12197079157
0.452742334523,0.123384856837
0.436776745118,0.124686174675
0.421144527981,0.125874745085
0.405845683114,0.126950568067
0.390880210517,0.12791364362
0.376248110189,0.128763971744
0.36194938213,0.12950155244
0.34798402634,0.130126385708
0.334267826764,0.130589681346
0.320716567347,0.130842649152
0.307330248087,0.130885289127
0.294108868986,0.13071760127
0.281052430044,0.130339585582
0.268160931259,0.129751242062
0.255434372633,0.128952570711
0.242872754165,0.127943571529
0.230476075856,0.126724244515
0.218244337704,0.125294589669
0.206177539711,0.123654606993
0.194275681876,0.121804296484
0.1825387642,0.119743658145
0.170966786681,0.117472691973
0.159559749321,0.114991397971
0.14831765212,0.112299776137
0.137240495076,0.109397826471
0.126328278191,0.106285548974
0.115581001464,0.102962943646
0.104998664895,0.0994300104858
0.094761295068,0.0957881415703
0.0850489185652,0.0921387289748
0.0758615353869,0.0884817726993
0.067199145533,0.0848172727439
0.0590617490036,0.0811452291086
0.0514493457987,0.0774656417933
0.0443619359183,0.0737785107981
0.0377995193623,0.070083836123
0.0317620961308,0.0663816177679
0.0262496662238,0.0626718557329
0.0212622296413,0.0589545500179
0.0167997863833,0.055229700623
0.0128623364497,0.0514973075481
0.00944987984058,0.0477573707933
0.00656241655596,0.0440098903586
0.00419994659581,0.0402548662439
0.00236246996015,0.0364922984493
0.00104998664895,0.0327221869747
0.000262496662238,0.0289445318202
0.0,0.0251593329857
0.000217108432109,0.0213899657141
0.000868433728437,0.0176598052478
0.00195397588898,0.0139688515871
0.00347373491375,0.0103171047318
0.00542771080273,0.00670456468197
0.00781590355593,0.00313123143761
0.0106383131733,-0.00040289500128
0.013894939655,-0.00389781463471
0.0175857830008,-0.00735352746267
0.0217108432109,-0.0107700334852
0.0262701202852,-0.0141473327022
0.0312636142237,-0.0174854251138
0.0366913250265,-0.0207843107199
0.0425532526934,-0.0240439895205
0.0488493972246,-0.0272644615157
0.05557975862,-0.0304457267054
0.0627443368796,-0.0335877850896
0.0703431320034,-0.0366906366684
0.0783761439914,-0.0397542814417
0.0868433728437,-0.0427787194096
0.0957231377613,-0.0456929454766
0.104993757945,-0.0484259545475
0.114655233396,-0.0509777466223
0.124707564113,-0.0533483217009
0.135150750096,-0.0555376797833
0.145984791346,-0.0575458208696
0.157209687863,-0.0593727449598
0.168825439646,-0.0610184520538
0.180832046695,-0.0624829421517
0.193229509011,-0.0637662152535
0.206017826593,-0.064868271359
0.219196999442,-0.0657891104685
0.232767027557,-0.0665287325818
0.246727910939,-0.0670871376989
0.261079649587,-0.0674643258199
0.275822243502,-0.0676602969448
0.290955692683,-0.0676750510735
0.30647999713,-0.0675085882061
0.322395156844,-0.0671609083425
0.338701171825,-0.0666320114828
0.355223855068,-0.0659992180819
0.371789019572,-0.0653398485949
0.388396665335,-0.0646539030217
0.405046792358,-0.0639413813624
0.42173940064,-0.0632022836169
0.438474490183,-0.0624366097852
0.455252060985,-0.0616443598674
0.472072113046,-0.0608255338634
0.488934646368,-0.0599801317733
0.505839660949,-0.059108153597
0.52278715679,-0.0582095993345
0.539777133891,-0.0572844689859
0.556809592252,-0.0563327625511
0.573884531872,-0.0553544800302
0.591001952752,-0.0543496214231
0.608161854892,-0.0533181867299
0.625364238291,-0.0522601759505
0.64260910295,-0.0511755890849
0.659896448869,-0.0500644261332
0.677226276048,-0.0489266870953
0.694516724776,-0.0477108946507
0.711685935343,-0.0463655714787
0.728733907749,-0.0448907175792
0.745660641994,-0.0432863329525
0.762466138077,-0.0415524175983
0.779150396,-0.0396889715167
0.795713415761,-0.0376959947078
0.812155197362,-0.0355734871715
0.828475740801,-0.0333214489078
0.844675046079,-0.0309398799167
0.860753113196,-0.0284287801983
0.876709942152,-0.0257881497524
0.892545532947,-0.0230179885792
0.908259885581,-0.0201182966786
0.923853000053,-0.0170890740506
0.939324876365,-0.0139303206953
0.954675514515,-0.0106420366125
0.969904914505,-0.00722422180239
0.985013076333,-0.00367687626489
1.0,0.0
