1.0,0.0
0.988419738809,0.00675514789294
0.976400645698,0.0133023743861
0.963942720666,0.0196416794796
0.951045963713,0.0257730631733
0.93771037484,0.0316965254674
0.923935954046,0.0374120663616
0.909722701331,0.0429196858562
0.895070616696,0.048219383951
0.87997970014,0.0533111606461
0.864449951663,0.0581950159414
0.848481371266,0.062870949837
0.832073958948,0.0673389623329
0.81522771471,0.071599053429
0.797942638551,0.0756512231254
0.780218730471,0.0794954714221
0.762055990471,0.0831317983191
0.74345441855,0.0865602038163
0.724414014708,0.0897806879138
0.704934778946,0.0927932506115
0.685016711263,0.0955978919095
0.665028716587,0.0982410244391
0.645339699846,0.100769060831
0.625949661038,0.103182001087
0.606858600165,0.105479845205
0.588066517226,0.107662593186
0.569573412221,0.109730245029
0.55137928515,0.111682800736
0.533484136014,0.113520260305
0.515887964811,0.115242623737
0.498590771543,0.116849891032
0.48159255621,0.11834206219
0.46489331881,0.11971913721
0.448493059345,0.120981116094
0.432391777814,0.12212799884
0.416589474217,0.123159785449
0.401086148554,0.124076475921
0.385881800826,0.124878070255
0.370976431032,0.125564568453
0.356370039172,0.126135970513
0.342062625246,0.126592276436
0.328008044192,0.126893808483
0.314160150947,0.127000888912
0.30051894551,0.126913517726
0.287084427882,0.126631694922
0.273856598063,0.126155420502
0.260835456053,0.125484694466
0.248021001851,0.124619516813
0.235413235458,0.123559887544
0.223012156874,0.122305806658
0.210817766099,0.120857274155
0.198830063133,0.119214290036
0.187049047975,0.1173768543
0.175474720626,0.115344966948
0.164107081086,0.113118627979
0.152946129355,0.110697837394
0.141991865433,0.108082595192
0.131244289319,0.105272901374
0.120703401014,0.102268755939
0.110369200518,0.0990701588879
0.10024168783,0.09567711022
0.0904681232668,0.0921841969432
0.0811957671425,0.0886860060652
0.0724246194573,0.085182537586
0.0641546802113,0.0816737915056
0.0563859494045,0.078159767824
0.0491184270368,0.0746404665412
0.0423521131083,0.0711158876572
0.0360870076189,0.067586031172
0.0303231105686,0.0640508970856
0.0250604219576,0.0605104853979
0.0202989417856,0.0569647961091
0.0160386700528,0.0534138292191
0.0122796067592,0.0498575847278
0.00902175190472,0.0462960626353
0.00626510548939,0.0427292629417
0.00400966751321,0.0391571856468
0.00225543797618,0.0355798307507
0.0010024168783,0.0319971982535
0.000250604219576,0.028409288155
0.0,0.0248161004553
0.000223893312372,0.0212281278923
0.000895573249486,0.017655863204
0.00201503981134,0.0140993063904
0.00358229299794,0.0105584574514
0.00559733280929,0.00703331638706
0.00806015924538,0.00352388319738
0.0109707723062,3.01578823713e-05
0.0143291719918,-0.00344785955798
0.0181353583021,-0.00691016912368
0.0223893312372,-0.0103567708147
0.027091090797,-0.0137876646311
0.0322406369815,-0.0172028505728
0.0378379697908,-0.0206023286399
0.0438830892248,-0.0239860988323
0.0503759952836,-0.02735416115
0.0573166879671,-0.0307065155931
0.0647051672754,-0.0340431621616
0.0725414332084,-0.0373641008553
0.0808254857661,-0.0406693316744
0.0895573249486,-0.0439588546189
0.0986848553484,-0.0471381239868
0.108155981558,-0.0501125940764
0.117970703577,-0.0528822648877
0.128129021407,-0.0554471364206
0.138630935046,-0.0578072086751
0.149476444495,-0.0599624816513
0.160665549754,-0.0619129553492
0.172198250822,-0.0636586297687
0.184074547701,-0.0651995049098
0.196294440389,-0.0665355807726
0.208857928887,-0.0676668573571
0.221765013195,-0.0685933346632
0.235015693313,-0.0693150126909
0.248609969241,-0.0698318914403
0.262547840978,-0.0701439709114
0.276829308526,-0.0702512511041
0.291454371883,-0.0701537320184
0.30642303105,-0.0698514136544
0.321735286027,-0.0693442960121
0.337391136813,-0.0686323790914
0.353264254591,-0.0678072424807
0.369228310543,-0.0669604657685
0.385283304667,-0.0660920489547
0.401429236964,-0.0652019920394
0.417666107433,-0.0642902950225
0.433993916076,-0.063356957904
0.450412662892,-0.062401980684
0.466922347881,-0.0614253633624
0.483522971043,-0.0604271059392
0.500214532377,-0.0594072084145
0.516997031885,-0.0583656707882
0.533870469566,-0.0573024930604
0.550834845419,-0.056217675231
0.567890159446,-0.0551112173
0.585036411645,-0.0539831192675
0.602273602018,-0.0528333811334
0.619601730563,-0.0516620028978
0.637020797281,-0.0504689845606
0.654530802173,-0.0492543261218
0.672131745237,-0.0480180275815
0.689715507417,-0.046713219851
0.707173969656,-0.0452930338417
0.724507131953,-0.0437574695536
0.74171499431,-0.0421065269867
0.758797556725,-0.040340206141
0.775754819199,-0.0384585070165
0.792586781731,-0.0364614296132
0.809293444322,-0.0343489739311
0.825874806972,-0.0321211399702
0.842330869681,-0.0297779277306
0.858661632449,-0.0273193372121
0.874867095275,-0.0247453684148
0.89094725816,-0.0220560213388
0.906902121104,-0.0192512959839
0.922731684106,-0.0163311923502
0.938435947168,-0.0132957104378
0.954014910288,-0.0101448502465
0.969468573466,-0.00687861177649
0.984796936704,-0.00349699502764
1.0,0.0
