1.0,0.0
0.990493069854,0.00682024321407
0.980364943633,0.0134229049888
0.96961562134,0.0198079853243
0.958245102972,0.0259754842204
0.946253388531,0.0319254016772
0.933640478016,0.0376577376947
0.920406371427,0.0431724922729
0.906551068765,0.0484696654118
0.892074570028,0.0535492571114
0.876976875219,0.0584112673716
0.861257984335,0.0630556961925
0.844917897378,0.0674825435742
0.827956614347,0.0716918095165
0.810374135242,0.0756834940195
0.792170460064,0.0794575970832
0.773345588812,0.0830141187075
0.753899521486,0.0863530588926
0.733832258087,0.0894744176383
0.713143798614,0.0923781949447
0.691834143067,0.0950643908119
0.670398339745,0.0976017641944
0.649331436947,0.100059074047
0.628633434672,0.10243632037
0.608304332921,0.104733503163
0.588344131693,0.106950622426
0.56875283099,0.109087678159
0.549530430809,0.111144670363
0.530676931153,0.113121599036
0.51219233202,0.11501846418
0.494076633411,0.116835265794
0.476329835325,0.118572003878
0.458951937763,0.120228678432
0.441942940724,0.121805289457
0.42530284421,0.123301836951
0.409031648218,0.124718320916
0.393129352751,0.126054741351
0.377595957807,0.127311098256
0.362431463387,0.128487391631
0.34763586949,0.129583621477
0.333209176117,0.130599787792
0.319084505652,0.131451269004
0.30519498048,0.13205344354
0.291540600602,0.132406311399
0.278121366016,0.132509872582
0.264937276724,0.132364127088
0.251988332724,0.131969074918
0.239274534018,0.131324716071
0.226795880604,0.130431050548
0.214552372484,0.129288078348
0.202544009657,0.127895799471
0.190770792122,0.126254213918
0.179232719881,0.124363321689
0.167929792933,0.122223122783
0.156862011278,0.1198336172
0.146029374916,0.117194804941
0.135431883847,0.114306686006
0.125069538071,0.111169260394
0.114942337589,0.107782528105
0.105050282399,0.10414648914
0.095393372502,0.100261143498
0.0860925186831,0.096258611052
0.0772686317266,0.0922710116734
0.0689217116327,0.0882983453623
0.0610517584013,0.0843406121188
0.0536587720324,0.0803978119429
0.046742752526,0.0764699448345
0.0403036998821,0.0725570107937
0.0343416141007,0.0686590098204
0.0288564951819,0.0647759419147
0.0238483431255,0.0609078070766
0.0193171579317,0.057054605306
0.0152629396003,0.0532163366029
0.0116856881315,0.0493930009675
0.00858540352518,0.0455845983996
0.00596208578137,0.0417911288992
0.00381573490008,0.0380125924664
0.00214635088129,0.0342489891012
0.00095393372502,0.0305003188035
0.000238483431255,0.0267665815734
0.0,0.0230477774108
0.000196634435208,0.0193540028123
0.000786537740833,0.0156953542742
0.00176970991687,0.0120718317965
0.00314615096333,0.00848343537936
0.00491586088021,0.00493016502264
0.0070788396675,0.00141202072638
0.0096350873252,-0.00207099750942
0.0125846038533,-0.00551888968477
0.0159273892519,-0.00893165579966
0.0196634435208,-0.0123092958541
0.0237927666602,-0.0156518098481
0.02831535867,-0.0189591977816
0.0332312195502,-0.0222314596546
0.0385403493008,-0.0254685954672
0.0442427479219,-0.0286706052194
0.0503384154133,-0.0318374889111
0.0568273517752,-0.0349692465423
0.0637095570075,-0.0380658781131
0.0709850311102,-0.0411273836234
0.0786537740833,-0.0441537630732
0.0867835543471,-0.0470703344775
0.0954421403218,-0.049802415851
0.104629532008,-0.0523500071937
0.114345729404,-0.0547131085056
0.124590732512,-0.0568917197868
0.13536454133,-0.0588858410373
0.14666715586,-0.060695472257
0.1584985761,-0.0623206134459
0.170858802051,-0.063761264604
0.183747833714,-0.0650174257314
0.197165671087,-0.066089096828
0.211112314171,-0.0669762778939
0.225587762966,-0.067678968929
0.240592017472,-0.0681971699334
0.256125077689,-0.0685308809069
0.272186943617,-0.0686801018498
0.288777615256,-0.0686448327618
0.305897092605,-0.0684250736431
0.323545375666,-0.0680208244936
0.341722464438,-0.0674320853134
0.360124687411,-0.0667401040767
0.378448373075,-0.0660261287579
0.396693521431,-0.065290159357
0.414860132478,-0.0645321958739
0.432948206217,-0.0637522383087
0.450957742648,-0.0629502866613
0.468888741769,-0.0621263409318
0.486741203583,-0.0612804011202
0.504515128088,-0.0604124672264
0.522210515284,-0.0595225392505
0.539827365172,-0.0586106171925
0.557365677751,-0.0576767010523
0.574825453022,-0.05672079083
0.592206690985,-0.0557428865255
0.609509391639,-0.0547429881389
0.626733554984,-0.0537210956702
0.643879181021,-0.0526772091193
0.660946269749,-0.0516113284863
0.677934821169,-0.0505234537712
0.694844835281,-0.0494135849739
0.711634931377,-0.0482252284651
0.728263728751,-0.0469018906152
0.744731227403,-0.0454435714242
0.761037427333,-0.0438502708923
0.77718232854,-0.0421219890193
0.793165931026,-0.0402587258052
0.808988234789,-0.0382604812502
0.82464923983,-0.0361272553541
0.84014894615,-0.0338590481169
0.855487353747,-0.0314558595387
0.870664462622,-0.0289176896195
0.885680272774,-0.0262445383593
0.900534784205,-0.023436405758
0.915227996913,-0.0204932918157
0.9297599109,-0.0174151965323
0.944130526164,-0.0142021199079
0.958339842706,-0.0108540619425
0.972387860526,-0.00737102263603
0.986274579624,-0.00375300198853
1.0,0.0
