1.0,0.0
0.984346562997,0.00585506237613
0.968600278533,0.0115822815192
0.952761146606,0.0171816574293
0.936829167216,0.0226531901063
0.920804340365,0.0279968795502
0.904686666052,0.0332127257612
0.888476144276,0.038300728739
0.872172775038,0.0432608884839
0.855776558338,0.0480932049957
0.839287494176,0.0527976782744
0.822705582552,0.0573743083201
0.806030823465,0.0618230951328
0.789263216916,0.0661440387124
0.772402762905,0.070337139059
0.755449461432,0.0744023961725
0.738403312497,0.078339810053
0.7212643161,0.0821493807005
0.70403247224,0.0858311081149
0.686707780919,0.0893849922963
0.669290242135,0.0928110332446
0.651888359986,0.0960903875782
0.634610638571,0.0992042119154
0.617457077889,0.102152506256
0.600427677941,0.1049352706
0.583522438725,0.107552504948
0.566741360243,0.1100042093
0.550084442493,0.112290383655
0.533551685477,0.114411028014
0.517143089194,0.116366142376
0.500858653645,0.118155726742
0.484698378828,0.119779781111
0.468662264745,0.121238305484
0.452750311395,0.122531299861
0.436962518778,0.123658764241
0.421298886894,0.124620698624
0.405759415744,0.125417103012
0.390344105326,0.126047977403
0.375052955642,0.126513321797
0.359885966691,0.126813136195
0.344843138474,0.126947420597
0.329993114744,0.12691827339
0.315404539257,0.126727792963
0.301077412012,0.126375979316
0.28701173301,0.125862832449
0.273207502251,0.125188352362
0.259664719734,0.124352539055
0.246383385461,0.123355392528
0.233363499429,0.12219691278
0.220605061641,0.120877099812
0.208108072095,0.119395953625
0.195872530791,0.117753474217
0.183898437731,0.115949661589
0.172185792913,0.113984515741
0.160734596337,0.111858036672
0.149544848005,0.109570224384
0.138616547915,0.107121078876
0.127949696067,0.104510600147
0.117544292463,0.101738788198
0.1074003371,0.0988056430294
0.097517829981,0.0957111646404
0.0880098415579,0.0925275309839
0.0789894422846,0.0893269200124
0.0704566321613,0.086109331726
0.0624114111878,0.0828747661246
0.0548537793643,0.0796232232083
0.0477837366907,0.076354702977
0.041201283167,0.0730692054307
0.0351064187932,0.0697667305695
0.0294991435693,0.0664472783933
0.0243794574953,0.0631108489021
0.0197473605712,0.059757442096
0.015602852797,0.056387057975
0.0119459341727,0.0529996965389
0.00877660469829,0.049595357788
0.00609486437381,0.046174041722
0.00390071319924,0.0427357483411
0.00219415117457,0.0392804776453
0.00097517829981,0.0358082296344
0.000243794574953,0.0323190043087
0.0,0.0288128016679
0.000249294386185,0.0252912975266
0.000997177544738,0.0217561676991
0.00224364947566,0.0182074121854
0.00398871017895,0.0146450309855
0.00623235965461,0.0110690240994
0.00897459790265,0.00747939152708
0.012215424923,0.00387613326858
0.0159548407158,0.000259249323883
0.020192845281,-0.00337126030701
0.0249294386185,-0.0070153956241
0.0301646207283,-0.0106731566274
0.0358983916106,-0.0143445433169
0.0421307512652,-0.0180295556926
0.0488616996922,-0.0217281937544
0.0560912368915,-0.0254404575025
0.0638193628633,-0.0291663469368
0.0720460776073,-0.0329058620573
0.0807713811238,-0.0366590028639
0.0899952734126,-0.0404257693568
0.0997177544738,-0.0442061615359
0.109813617206,-0.047874193936
0.120157654509,-0.0513038810922
0.130749866383,-0.0544952230044
0.141590252826,-0.0574482196726
0.15267881384,-0.0601628710969
0.164015549425,-0.0626391772771
0.175600459579,-0.0648771382134
0.187433544305,-0.0668767539057
0.1995148036,-0.0686380243539
0.211844237466,-0.0701609495583
0.224421845902,-0.0714455295186
0.237247628909,-0.0724917642349
0.250321586486,-0.0732996537073
0.263643718633,-0.0738691979356
0.27721402535,-0.07420039692
0.291032506639,-0.0742932506604
0.305099162497,-0.0741477591568
0.319413992926,-0.0737639224093
0.333976997925,-0.0731417404177
0.348788177494,-0.0722812131822
0.363740613386,-0.0712829660025
0.378727387351,-0.0702476241786
0.393748499389,-0.0691751877104
0.408803949501,-0.068065656598
0.423893737686,-0.0669190308413
0.439017863945,-0.0657353104404
0.454176328278,-0.0645144953952
0.469369130684,-0.0632565857058
0.484596271163,-0.0619615813721
0.499857749716,-0.0606294823941
0.515153566343,-0.0592602887719
0.530483721043,-0.0578540005054
0.545848213817,-0.0564106175947
0.561247044664,-0.0549301400397
0.576680213584,-0.0534125678405
0.592147720578,-0.051857900997
0.607649565646,-0.0502661395092
0.623185748787,-0.0486372833772
0.638756270002,-0.046971332601
0.65436112929,-0.0452682871805
0.670066153376,-0.043519603357
0.685937168982,-0.0417167373719
0.70197417611,-0.0398596892252
0.718177174758,-0.0379484589168
0.734546164928,-0.0359830464468
0.751081146619,-0.0339634518151
0.76778211983,-0.0318896750218
0.784649084563,-0.0297617160669
0.801682040817,-0.0275795749503
0.818880988592,-0.0253432516721
0.836245927888,-0.0230527462323
0.853776858705,-0.0207080586308
0.871473781043,-0.0183091888677
0.889336694903,-0.0158561369429
0.907365600283,-0.0133489028565
0.925560497184,-0.0107874866085
0.943921385607,-0.00817188819884
0.96244826555,-0.00550210762753
0.981141137014,-0.00277814489459
1.0,0.0
