1.0,0.0
0.983460610237,0.00593507193944
0.966893124816,0.0117345111435
0.950297543736,0.0173983176123
0.933673866998,0.0229264913458
0.917022094601,0.0283190323439
0.900342226546,0.0335759406067
0.883634262833,0.0386972161342
0.866898203461,0.0436828589263
0.85013404843,0.0485328689832
0.833341797741,0.0532472463046
0.816521451393,0.0578259908908
0.799673009388,0.0622691027416
0.782796471723,0.0665765818572
0.7658918384,0.0707484282373
0.748959109419,0.0747846418822
0.731998284779,0.0786852227917
0.715009364481,0.0824501709659
0.697992348524,0.0860794864048
0.680947236909,0.0895731691083
0.663874029635,0.0929312190765
0.646839750011,0.0961399756506
0.629911421343,0.0991857781718
0.613089043631,0.10206862664
0.596372616877,0.104788521055
0.579762141079,0.107345461418
0.563257616238,0.109739447727
0.546859042354,0.111970479983
0.530566419426,0.114038558187
0.514379747455,0.115943682337
0.49829902644,0.117685852435
0.482324256383,0.11926506848
0.466455437282,0.120681330471
0.450692569137,0.12193463841
0.43503565195,0.123024992296
0.419484685719,0.123952392129
0.404039670444,0.124716837909
0.388700606127,0.125318329636
0.373467492766,0.12575686731
0.358340330362,0.126032450931
0.343319118914,0.126145080499
0.328483042895,0.126097193074
0.313911286777,0.125891225716
0.299603850559,0.125527178424
0.285560734241,0.125005051198
0.271781937824,0.124324844039
0.258267461307,0.123486556946
0.24501730469,0.122490189919
0.232031467974,0.12133574296
0.219309951158,0.120023216066
0.206852754243,0.118552609239
0.194659877228,0.116923922479
0.182731320113,0.115137155785
0.171067082899,0.113192309157
0.159667165585,0.111089382596
0.148531568172,0.108828376101
0.137660290659,0.106409289673
0.127053333047,0.103832123311
0.116710695334,0.101096877016
0.106632377523,0.0982035507868
0.0968183796114,0.0951521446243
0.0873785875993,0.0920121078196
0.0784228874852,0.0888528896639
0.0699512792692,0.0856744901572
0.0619637629513,0.0824769092996
0.0544603385314,0.079260147091
0.0474410060096,0.0760242035315
0.0409057653858,0.0727690786209
0.0348546166601,0.0694947723594
0.0292875598324,0.0662012847469
0.0242045949028,0.0628886157835
0.0196057218713,0.0595567654691
0.0154909407378,0.0562057338037
0.0118602515024,0.0528355207873
0.00871365416502,0.04944612642
0.00605114872571,0.0460375507017
0.00387273518445,0.0426097936325
0.00217841354126,0.0391628552122
0.000968183796114,0.035696735441
0.000242045949028,0.0322114343188
0.0,0.0287069518457
0.00025323698768,0.0251870541075
0.00101294795072,0.0216555071902
0.00227913288912,0.0181123110938
0.00405179180288,0.0145574658183
0.006330924692,0.0109909713637
0.00911653155648,0.00741282773
0.0124086123963,0.00382303491719
0.0162071672115,0.000221592925275
0.0205121960021,-0.00339149824574
0.025323698768,-0.00701623859587
0.0306416755093,-0.0106526281251
0.0364661262259,-0.0143006668334
0.0427970509179,-0.0179603547209
0.0496344495853,-0.0216316917874
0.056978322228,-0.0253146780331
0.0648286688461,-0.0290093134578
0.0731854894396,-0.0327155980617
0.0820487840084,-0.0364335318446
0.0914185525525,-0.0401631148067
0.101294795072,-0.0439043469478
0.111522483867,-0.0475356660954
0.121946591238,-0.0509355100765
0.132567117186,-0.0541038788913
0.143384061709,-0.0570407725396
0.154397424808,-0.0597461910216
0.165607206483,-0.0622201343372
0.177013406734,-0.0644626024864
0.188616025562,-0.0664735954692
0.200415062965,-0.0682531132856
0.212410518944,-0.0698011559357
0.224602393499,-0.0711177234193
0.23699068663,-0.0722028157366
0.249575398338,-0.0730564328875
0.262356528621,-0.073678574872
0.27533407748,-0.0740692416901
0.288508044915,-0.0742284333418
0.301878430926,-0.0741561498271
0.315445235514,-0.0738523911461
0.329208458677,-0.0733171572986
0.343168100416,-0.0725504482848
0.357293354625,-0.071646625094
0.371553415196,-0.0707000487155
0.38594828213,-0.0697107191494
0.400477955427,-0.0686786363957
0.415142435088,-0.0676038004544
0.42994172111,-0.0664862113255
0.444875813496,-0.0653258690089
0.459944712245,-0.0641227735047
0.475148417356,-0.0628769248129
0.49048692883,-0.0615883229334
0.505960246667,-0.0602569678664
0.521568370867,-0.0588828596117
0.53731130143,-0.0574659981694
0.553189038356,-0.0560063835395
0.569201581644,-0.0545040157219
0.585348931296,-0.0529588947168
0.60163108731,-0.051371020524
0.618048049687,-0.0497403931435
0.634599818427,-0.0480670125755
0.65128639353,-0.0463508788198
0.668074456916,-0.0445843667908
0.684930690506,-0.0427598514026
0.7018550943,-0.0408773326552
0.718847668298,-0.0389368105487
0.7359084125,-0.0369382850831
0.753037326906,-0.0348817562583
0.770234411516,-0.0327672240743
0.787499666329,-0.0305946885312
0.804833091347,-0.0283641496289
0.822234686568,-0.0260756073675
0.839704451994,-0.023729061747
0.857242387623,-0.0213245127672
0.874848493457,-0.0188619604284
0.892522769494,-0.0163414047303
0.910265215735,-0.0137628456732
0.92807583218,-0.0111262832568
0.945954618829,-0.00843171748135
0.963901575682,-0.00567914834672
0.981916702739,-0.00286857585294
1.0,0.0
