1.0,0.0
0.984010069558,0.00588345345511
0.967948764854,0.0116357673804
0.951816085888,0.0172569417758
0.93561203266,0.0227469766414
0.91933660517,0.0281058719772
0.902989803417,0.0333336277831
0.886571627403,0.0384302440591
0.870082077126,0.0433957208054
0.853521152588,0.0482300580218
0.836888853787,0.0529332557083
0.820185180724,0.057505313865
0.803410133399,0.0619462324919
0.786563711812,0.066256011589
0.769645915963,0.0704346511562
0.752656745852,0.0744821511935
0.735596201478,0.078398511701
0.718464282843,0.0821837326787
0.701260989945,0.0858378141266
0.683986322786,0.0893607560446
0.666640281364,0.0927525584327
0.649308741153,0.095994146412
0.632077577626,0.0990664451031
0.614946790784,0.101969454506
0.597916380625,0.104703174621
0.58098634715,0.107267605448
0.56415669036,0.109662746987
0.547427410253,0.111888599238
0.53079850683,0.113945162201
0.514269980092,0.115832435875
0.497841830037,0.117550420262
0.481514056667,0.11909911536
0.46528665998,0.120478521171
0.449159639978,0.121688637693
0.433132996659,0.122729464927
0.417206730025,0.123601002874
0.401380840075,0.124303251532
0.385655326808,0.124836210902
0.370030190226,0.125199880984
0.354505430328,0.125394261778
0.339081047113,0.125419353284
0.32385953324,0.125284690705
0.308943381364,0.124999809246
0.294332591486,0.124564708906
0.280027163606,0.123979389685
0.266027097723,0.123243851583
0.252332393837,0.1223580946
0.23894305195,0.121322118737
0.22585907206,0.120135923993
0.213080454168,0.118799510367
0.200607198273,0.117312877861
0.188439304376,0.115676026475
0.176576772476,0.113888956207
0.165019602574,0.111951667059
0.15376779467,0.109864159029
0.142821348764,0.107626432119
0.132180264855,0.105238486329
0.121844542944,0.102700321657
0.11181418303,0.100011938104
0.102089185114,0.097173335671
0.0926695491955,0.0941845143569
0.083634268149,0.0911104507809
0.0750623348484,0.0880161215621
0.0669537492938,0.0849015267005
0.0593085114851,0.0817666661961
0.0521266214225,0.0786115400488
0.0454080791058,0.0754361482588
0.0391528845351,0.0722404908259
0.0333610377104,0.0690245677502
0.0280325386317,0.0657883790317
0.0231673872989,0.0625319246703
0.0187655837121,0.0592552046662
0.0148271278713,0.0559582190192
0.0113520197765,0.0526409677294
0.0083402594276,0.0493034507968
0.00579184682472,0.0459456682213
0.00370678196782,0.0425676200031
0.0020850648569,0.039169306142
0.000926695491955,0.0357507266381
0.000231673872989,0.0323118814914
0.0,0.0288527707019
0.00025459624245,0.0253769524516
0.0010183849698,0.0218879849226
0.00229136618205,0.0183858681149
0.0040735398792,0.0148706020285
0.00636490606125,0.0113421866635
0.0091654647282,0.00780062201968
0.0124752158801,0.00424590809719
0.0162941595168,0.000678044896003
0.0206222956385,-0.00290296758388
0.025459624245,-0.00649712934247
0.0308061453365,-0.0101044403798
0.0366618589128,-0.0137249006957
0.0430267649741,-0.0173585102904
0.0499008635202,-0.0210052691638
0.0572841545513,-0.0246651773159
0.0651766380672,-0.0283382347467
0.0735783140681,-0.0320244414562
0.0824891825538,-0.0357237974444
0.0919092435245,-0.0394363027113
0.10183849698,-0.0431619572568
0.112125694903,-0.0467782085364
0.122619589278,-0.0501625040052
0.133320180103,-0.0533148436633
0.144227467379,-0.0562352275106
0.155341451106,-0.0589236555472
0.166662131284,-0.0613801277731
0.178189507913,-0.0636046441882
0.189923580992,-0.0655972047925
0.201864350523,-0.0673578095862
0.214011816504,-0.068886458569
0.226365978937,-0.0701831517412
0.23892683782,-0.0712478891025
0.251694393154,-0.0720806706532
0.264668644939,-0.0726814963931
0.277849593175,-0.0730503663222
0.291237237861,-0.0731872804406
0.304831578999,-0.0730922387483
0.318632616588,-0.0727652412452
0.332640350627,-0.0722062879314
0.346854781117,-0.0714153788068
0.361224852411,-0.0704893907424
0.375699508861,-0.0695252006091
0.390278750467,-0.0685228084067
0.40496257723,-0.0674822141355
0.419750989148,-0.0664034177953
0.434643986223,-0.0652864193861
0.449641568454,-0.0641312189081
0.464743735841,-0.062937816361
0.479950488385,-0.061706211745
0.495261826084,-0.0604364050601
0.51067774894,-0.0591283963062
0.526198256952,-0.0577821854834
0.541823350121,-0.0563977725916
0.557553028445,-0.0549751576309
0.573387291926,-0.0535143406012
0.589326140562,-0.0520153215026
0.605369574356,-0.050478100335
0.621517593305,-0.0489026770985
0.63777019741,-0.047289051793
0.654127386672,-0.0456372244186
0.670581075953,-0.0439357493691
0.687123180117,-0.0421731810385
0.703753699163,-0.0403495194266
0.720472633092,-0.0384647645335
0.737279981904,-0.0365189163592
0.754175745598,-0.0345119749037
0.771159924175,-0.0324439401669
0.788232517635,-0.030314812149
0.805393525978,-0.0281245908499
0.822642949203,-0.0258732762696
0.83998078731,-0.023560868408
0.857407040301,-0.0211873672653
0.874921708174,-0.0187527728413
0.89252479093,-0.0162570851362
0.910216288568,-0.0137003041498
0.927996201089,-0.0110824298823
0.945864528493,-0.00840346233352
0.963821270779,-0.00566340150355
0.981866427948,-0.00286224739238
1.0,0.0
