1.0,0.0
0.983701123015,0.00573927345995
0.967335367064,0.0113591175801
0.950902732147,0.0168595323604
0.934403218265,0.0222405178008
0.917836825418,0.0275020739014
0.901203553605,0.0326442006622
0.884503402826,0.0376668980832
0.867736373082,0.0425701661644
0.850902464373,0.0473540049057
0.834001676697,0.0520184143072
0.817034010057,0.0565633943688
0.79999946445,0.0609889450906
0.782898039879,0.0652950664726
0.765729736341,0.0694817585148
0.748494553838,0.0735490212171
0.73119249237,0.0774968545796
0.713823551936,0.0813252586023
0.696387732536,0.0850342332852
0.678885034171,0.0886237786282
0.661315456841,0.0920938946314
0.643794799692,0.0954190768808
0.626438861874,0.0985738209626
0.609247643386,0.101558126877
0.592221144228,0.104371994623
0.5753593644,0.107015424202
0.558662303902,0.109488415613
0.542129962734,0.111790968857
0.525762340896,0.113923083933
0.509559438389,0.115884760841
0.493521255211,0.117675999581
0.477647791364,0.119296800154
0.461939046846,0.12074716256
0.446395021659,0.122027086797
0.431015715802,0.123136572867
0.415801129274,0.12407562077
0.400751262077,0.124844230504
0.38586611421,0.125442402071
0.371145685673,0.12587013547
0.356589976467,0.126127430702
0.34219898659,0.126214287766
0.327999181278,0.126140121566
0.314017025765,0.125914347007
0.300252520052,0.125536964087
0.286705664138,0.125007972807
0.273376458024,0.124327373168
0.260264901709,0.123495165168
0.247370995194,0.122511348808
0.234694738477,0.121375924088
0.222236131561,0.120088891009
0.209995174443,0.118650249569
0.197971867125,0.11705999977
0.186166209607,0.11531814161
0.174578201888,0.113424675091
0.163207843968,0.111379600211
0.152055135847,0.109182916971
0.141120077526,0.106834625372
0.130402669005,0.104334725412
0.119902910283,0.101683217093
0.10962080136,0.0988801004135
0.0995563422366,0.0959253753741
0.0898495988685,0.0928812535733
0.0806406372116,0.0898099466098
0.0719294572659,0.0867114544837
0.0637160590314,0.0835857771949
0.0560004425081,0.0804329147433
0.0487826076959,0.0772528671291
0.042062554595,0.0740456343522
0.0358402832052,0.0708112164127
0.0301157935266,0.0675496133104
0.0248890855591,0.0642608250454
0.0201601593029,0.0609448516178
0.0159290147579,0.0576016930275
0.012195651924,0.0542313492744
0.00896007080129,0.0508338203587
0.00622227138979,0.0474091062803
0.00398225368946,0.0439572070393
0.00224001770032,0.0404781226355
0.000995563422366,0.036971853069
0.000248890855591,0.0334383983399
0.0,0.0298777584481
0.000248193987178,0.026299342896
0.00099277594871,0.0227125611863
0.0022337458846,0.0191174133189
0.00397110379484,0.0155138992938
0.00620484967944,0.011902019111
0.00893498353839,0.00828177277056
0.0121615053717,0.00465316027239
0.0158844151794,0.00101618161653
0.0201037129614,-0.00262916319702
0.0248193987178,-0.00628287416826
0.0300314724485,-0.00994495129719
0.0357399341536,-0.0136153945838
0.041944783833,-0.0172942040281
0.0486460214868,-0.0209813796301
0.055843647115,-0.0246769213898
0.0635376607175,-0.0283808293072
0.0717280622943,-0.0320931033823
0.0804148518455,-0.0358137436151
0.0895980293711,-0.0395427500055
0.099277594871,-0.0432801225537
0.109332107301,-0.046907729398
0.119640125617,-0.0503074386768
0.130201649819,-0.0534792503902
0.141016679907,-0.0564231645381
0.15208521588,-0.0591391811205
0.16340725774,-0.0616273001375
0.174982805485,-0.0638875215891
0.186811859117,-0.0659198454752
0.198894418634,-0.0677242717958
0.211230484037,-0.069300800551
0.223820055326,-0.0706494317408
0.236663132501,-0.0717701653651
0.249759715562,-0.0726630014239
0.263109804509,-0.0733279399173
0.276713399342,-0.0737649808452
0.29057050006,-0.0739741242077
0.304681106665,-0.0739553700047
0.319045219155,-0.0737087182363
0.333662837532,-0.0732341689024
0.348533961794,-0.072531722003
0.363548806492,-0.0716897737495
0.378597586178,-0.0707967203531
0.39368030085,-0.0698525618138
0.408796950508,-0.0688572981315
0.423947535154,-0.0678109293064
0.439132054786,-0.0667134553383
0.454350509405,-0.0655648762274
0.46960289901,-0.0643651919735
0.484889223602,-0.0631144025768
0.500209483181,-0.0618125080371
0.515563677747,-0.0604595083545
0.530951807299,-0.0590554035291
0.546373871838,-0.0576001935607
0.561829871364,-0.0560938784494
0.577319805877,-0.0545364581952
0.592843675376,-0.0529279327981
0.608401479862,-0.0512683022581
0.623993219335,-0.0495575665752
0.639618893794,-0.0477957257494
0.65527850324,-0.0459827797807
0.671033055074,-0.0441212492181
0.686943556699,-0.0422136546106
0.703010008113,-0.0402599959582
0.719232409317,-0.0382602732609
0.73561076031,-0.0362144865188
0.752145061094,-0.0341226357317
0.768835311667,-0.0319847208998
0.785681512031,-0.029800742023
0.802683662184,-0.0275706991013
0.819841762127,-0.0252945921347
0.83715581186,-0.0229724211232
0.854625811383,-0.0206041860669
0.872251760695,-0.0181898869656
0.890033659798,-0.0157295238195
0.90797150869,-0.0132230966284
0.926065307373,-0.0106706053925
0.944315055845,-0.00807205011173
0.962720754107,-0.00542743078604
0.981282402158,-0.00273674741546
1.0,0.0
