1.0,0.0
0.987147902566,0.00646983891544
0.973983558167,0.0127611509147
0.960506966803,0.0188739359978
0.946718128473,0.0248081941647
0.932617043178,0.0305639254154
0.918203710918,0.03614112975
0.903478131693,0.0415398071683
0.888440305503,0.0467599576705
0.873090232347,0.0518015812566
0.857427912226,0.0566646779264
0.84145334514,0.0613492476801
0.825166531089,0.0658552905176
0.808567470072,0.0701828064389
0.79165616209,0.074331795444
0.774432607143,0.078302257533
0.756896805231,0.0820941927058
0.739048756354,0.0857076009624
0.720888460511,0.0891424823028
0.702415917703,0.0923988367271
0.68363112793,0.0954766642352
0.664799273745,0.0983950121083
0.6461855377,0.101172927628
0.627789919796,0.103810410793
0.609612420033,0.106307461605
0.59165303841,0.108664080063
0.573911774928,0.110880266167
0.556388629587,0.112956019918
0.539083602386,0.114891341315
0.521996693326,0.116686230358
0.505127902407,0.118340687047
0.488477229628,0.119854711383
0.47204467499,0.121228303365
0.455830238492,0.122461462993
0.439833920135,0.123554190267
0.424055719919,0.124506485187
0.408495637844,0.125318347754
0.393153673909,0.125989777967
0.378029828115,0.126520775826
0.363124100461,0.126911341332
0.348436490948,0.127161474484
0.333969090533,0.127253416124
0.319723990174,0.127169407096
0.305701189871,0.126909447398
0.291900689624,0.126473537032
0.278322489433,0.125861675997
0.264966589297,0.125073864293
0.251832989218,0.12411010192
0.238921689194,0.122970388878
0.226232689226,0.121654725167
0.213765989313,0.120163110787
0.201521589457,0.118495545739
0.189499489656,0.116652030021
0.177699689911,0.114632563635
0.166122190222,0.112437146579
0.154766990589,0.110065778855
0.143634091012,0.107518460462
0.132723491491,0.1047951914
0.122035192025,0.101895971669
0.111569192615,0.0988208012694
0.101325493261,0.0955696802008
0.0914462576681,0.0922271085476
0.0820736495414,0.0888775863944
0.0732076688811,0.0855211137411
0.064848315687,0.0821576905878
0.0569955899593,0.0787873169344
0.0496494916979,0.075409992781
0.0428100209028,0.0720257181275
0.036477177574,0.0686344929739
0.0306509617115,0.0652363173203
0.0253313733152,0.0618311911667
0.0205184123854,0.058419114513
0.0162120789218,0.0550000873592
0.0124123729245,0.0515741097054
0.00911929439349,0.0481411815516
0.00633284332881,0.0447013028976
0.00405301973044,0.0412544737437
0.00227982359837,0.0378006940897
0.00101325493261,0.0343399639356
0.000253313733152,0.0308722832814
0.0,0.0273976521273
0.000234027731167,0.0239150295525
0.000936110924667,0.0204233746368
0.0021062495805,0.0169226873801
0.00374444369867,0.0134129677823
0.00585069327917,0.00989421584357
0.008424998322,0.0063664315638
0.0114673588272,0.00282961494302
0.0149777747947,-0.000716234018768
0.0189562462245,-0.00427111532157
0.0234027731167,-0.00783502896537
0.0283173554712,-0.0114079749502
0.033699993288,-0.014989953276
0.0395506865672,-0.0185809639429
0.0458694353087,-0.0221810069507
0.0526562395125,-0.0257900822996
0.0599110991787,-0.0294081899894
0.0676340143072,-0.0330353300203
0.075824984898,-0.0366715023922
0.0844840109512,-0.0403167071051
0.0936110924667,-0.043970944159
0.103127797147,-0.0475147478465
0.112955692695,-0.0508286524603
0.12309477911,-0.0539126580003
0.133545056393,-0.0567667644666
0.144306524543,-0.0593909718591
0.15537918356,-0.0617852801779
0.166763033445,-0.0639496894229
0.178458074197,-0.0658841995941
0.190464305816,-0.0675888106916
0.202781728303,-0.0690635227154
0.215410341658,-0.0703083356653
0.22835014588,-0.0713232495416
0.241601140969,-0.072108264344
0.255163326925,-0.0726633800727
0.269036703749,-0.0729885967277
0.283221271441,-0.0730839143089
0.297717029999,-0.0729493328163
0.312523979426,-0.07258485225
0.327642119719,-0.07199047261
0.34307145088,-0.0711661938961
0.358678668237,-0.0702152069688
0.374330467119,-0.0692407026883
0.390026847525,-0.0682426810546
0.405767809456,-0.0672211420677
0.421553352912,-0.0661760857276
0.437383477892,-0.0651075120343
0.453258184397,-0.0640154209877
0.469177472426,-0.062899812588
0.48514134198,-0.0617606868351
0.501149793059,-0.0605980437289
0.517202825663,-0.0594118832696
0.533300439791,-0.058202205457
0.549442635444,-0.0569690102913
0.565629412621,-0.0557122977723
0.581860771324,-0.0544320679002
0.59813671155,-0.0531283206748
0.614457233302,-0.0518010560962
0.630822336578,-0.0504502741645
0.647232021379,-0.0490759748795
0.663686287704,-0.0476781582413
0.680179801218,-0.0462198662967
0.696707227585,-0.0446641410923
0.713268566805,-0.0430109826282
0.729863818877,-0.0412603909044
0.746492983802,-0.0394123659208
0.763156061579,-0.0374669076775
0.77985305221,-0.0354240161745
0.796583955693,-0.0332836914117
0.813348772028,-0.0310459333893
0.830147501217,-0.0287107421071
0.846980143258,-0.0262781175651
0.863846698152,-0.0237480597635
0.880747165898,-0.0211205687021
0.897681546498,-0.018395644381
0.91464983995,-0.0155732868001
0.931652046254,-0.0126534959596
0.948688165412,-0.00963627185927
0.965758197422,-0.00652161449924
0.982862142285,-0.00330952387948
1.0,0.0
