1.0,0.0
0.986671387934,0.00641294152314
0.973067612216,0.0126490907879
0.959188672846,0.0187084477943
0.945034569824,0.0245910125423
0.930605303151,0.030296785032
0.915900872826,0.0358257652633
0.900921278849,0.0411779532362
0.88566652122,0.0463533489507
0.870136599939,0.0513519524069
0.854331515006,0.0561737636047
0.838251266422,0.0608187825441
0.821895854185,0.0652870092251
0.805265278297,0.0695784436478
0.788359538757,0.0736930858121
0.771178635565,0.077630935718
0.753722568722,0.0813919933656
0.735991338226,0.0849762587548
0.717984944079,0.0883837318856
0.69970338628,0.091614412758
0.681146664829,0.0946683013721
0.662549907146,0.0975660681768
0.64414824065,0.100328383621
0.625941665341,0.102955247705
0.607930181219,0.105446660429
0.590113788285,0.107802621792
0.572492486538,0.110023131795
0.555066275978,0.112108190438
0.537835156605,0.11405779772
0.520799128419,0.115871953642
0.503958191421,0.117550658204
0.48731234561,0.119093911405
0.470861590986,0.120501713246
0.454605927549,0.121774063726
0.4385453553,0.122910962847
0.422679874238,0.123912410606
0.407009484363,0.124778407006
0.391534185675,0.125508952045
0.376253978174,0.126104045724
0.361168861861,0.126563688042
0.346278836735,0.126887879001
0.331608226639,0.127054218498
0.317181355416,0.127040306434
0.302998223066,0.126846142809
0.28905882959,0.126471727622
0.275363174986,0.125917060874
0.261911259256,0.125182142565
0.248703082398,0.124266972694
0.235738644414,0.123171551262
0.223017945303,0.121895878269
0.210540985065,0.120439953715
0.1983077637,0.118803777599
0.186318281208,0.116987349922
0.174572537589,0.114990670683
0.163070532844,0.112813739884
0.151812266971,0.110456557523
0.140797739972,0.1079191236
0.130026951845,0.105201438116
0.119499902592,0.102303501071
0.109216592212,0.0992253124651
0.0991770207048,0.0959668722975
0.0895072611861,0.0926149778111
0.0803333867709,0.0892564262485
0.0716553974592,0.0858912176098
0.0634732932511,0.0825193518949
0.0557870741464,0.0791408291039
0.0485967401453,0.0757556492367
0.0419022912478,0.0723638122933
0.0357037274537,0.0689653182738
0.0300010487632,0.065560167178
0.0247942551762,0.0621483590061
0.0200833466927,0.0587298937581
0.0158683233128,0.0553047714339
0.0121491850363,0.0518729920335
0.00892593186343,0.0484345555569
0.00619856379405,0.0449894620042
0.00396708082819,0.0415377113753
0.00223148296586,0.0380793036702
0.000991770207048,0.034614238889
0.000247942551762,0.0311425170316
0.0,0.0276641380981
0.000220992420115,0.0241752901703
0.00088396968046,0.0206721613303
0.00198893178103,0.0171547515781
0.00353587872184,0.0136230609137
0.00552481050287,0.010077089337
0.00795572712414,0.00651683684812
0.0108286285856,0.00294230344701
0.0141435148874,-0.00064651086633
0.0179003860293,-0.00424960609189
0.0220992420115,-0.00786698222968
0.0267400828339,-0.0114986392797
0.0318229084965,-0.0151445772419
0.0373477189994,-0.0188047961164
0.0433145143425,-0.0224792959031
0.0497232945259,-0.026168076602
0.0565740595494,-0.0298711382131
0.0638668094132,-0.0335884807365
0.0716015441172,-0.0373201041721
0.0797782636615,-0.0410660085199
0.088396968046,-0.0448261937799
0.0974061047438,-0.048473390898
0.106754121228,-0.0518803308197
0.116441017499,-0.0550470135451
0.126466793556,-0.0579734390743
0.1368314494,-0.0606596074072
0.14753498503,-0.0631055185438
0.158577400446,-0.0653111724841
0.16995869565,-0.0672765692281
0.181678870639,-0.0690017087759
0.193737925415,-0.0704865911274
0.206135859977,-0.0717312162826
0.218872674326,-0.0727355842415
0.231948368462,-0.0734996950041
0.245362942384,-0.0740235485705
0.259116396092,-0.0743071449405
0.273208729587,-0.0743504841143
0.287639942868,-0.0741535660918
0.302410035936,-0.0737163908731
0.31751900879,-0.073038958458
0.33296686143,-0.0721212688467
0.348626051426,-0.0710724623379
0.364369036346,-0.0700016792307
0.380195816189,-0.068908919525
0.396106390957,-0.0677941832208
0.412100760648,-0.0666574703182
0.428178925263,-0.065498780817
0.444340884802,-0.0643181147174
0.460586639265,-0.0631154720193
0.476916188652,-0.0618908527227
0.493329532963,-0.0606442568276
0.509826672198,-0.059375684334
0.526407606356,-0.0580851352419
0.543072335439,-0.0567726095514
0.559820859445,-0.0554381072624
0.576653178375,-0.0540816283749
0.593569292229,-0.0527031728889
0.610569201007,-0.0513027408044
0.627652904709,-0.0498803321214
0.644820403335,-0.0484359468399
0.662071696885,-0.04696958496
0.679345049103,-0.0454486783274
0.696578723737,-0.0438406587879
0.713772720784,-0.0421455263415
0.730927040246,-0.0403632809882
0.748041682123,-0.0384939227281
0.765116646414,-0.036537451561
0.782151933119,-0.0344938674871
0.799147542239,-0.0323631705063
0.816103473773,-0.0301453606186
0.833019727721,-0.0278404378241
0.849896304084,-0.0254484021226
0.866733202862,-0.0229692535143
0.883530424054,-0.0204029919991
0.90028796766,-0.017749617577
0.917005833681,-0.0150091302481
0.933684022116,-0.0121815300122
0.950322532965,-0.00926681686948
0.966921366229,-0.00626499081987
0.983480521907,-0.00317605186338
1.0,0.0
