1.0,0.0
0.986652089556,0.0064334796124
0.97301342741,0.0126921708821
0.95908401356,0.0187760738091
0.944863848007,0.0246851883933
0.930352930751,0.0304195146348
0.915551261792,0.0359790525336
0.90045884113,0.0413638020897
0.885075668765,0.0465737633031
0.869401744696,0.0516089361738
0.853437068925,0.0564693207017
0.83718164145,0.061154916887
0.820635462273,0.0656657247295
0.803798531392,0.0700017442293
0.786670848808,0.0741629753864
0.769252414522,0.0781494182007
0.751543228532,0.0819610726724
0.733543290839,0.0855979388013
0.715252601443,0.0890600165875
0.696671160343,0.092347306031
0.677798967541,0.0954598071318
0.658904307361,0.0984150466863
0.64025546413,0.101230551491
0.621852437846,0.103906321546
0.60369522851,0.106442356851
0.585783836123,0.108838657407
0.568118260684,0.111095223213
0.550698502192,0.113212054269
0.533524560649,0.115189150575
0.516596436054,0.117026512131
0.499914128407,0.118724138938
0.483477637708,0.120282030995
0.467286963957,0.121700188302
0.451342107154,0.12297861086
0.4356430673,0.124117298668
0.420189844393,0.125116251726
0.404982438434,0.125975470034
0.390020849424,0.126694953592
0.375305077362,0.127274702401
0.360835122247,0.12771471646
0.346610984081,0.128014995769
0.332605286772,0.12815432478
0.31879065423,0.128111487943
0.305167086455,0.12788648526
0.291734583446,0.127479316728
0.278493145204,0.12688998235
0.265442771729,0.126118482125
0.25258346302,0.125164816052
0.239915219078,0.124028984132
0.227438039903,0.122710986364
0.215151925495,0.12121082275
0.203056875853,0.119528493288
0.191152890978,0.117663997979
0.17943997087,0.115617336822
0.167918115528,0.113388509818
0.156587324953,0.110977516968
0.145447599145,0.108384358269
0.134498938104,0.105609033724
0.123741341829,0.102651543331
0.113174810321,0.0995118870912
0.10279934358,0.096190065004
0.0927764075806,0.092777538499
0.0832674682995,0.0893657690056
0.0742725257363,0.0859547565238
0.065791579891,0.0825445010536
0.0578246307635,0.0791350025951
0.050371678354,0.0757262611482
0.0434327226624,0.0723182767129
0.0370077636887,0.0689110492892
0.0310968014328,0.0655045788772
0.0256998358949,0.0620988654768
0.0208168670749,0.058693909088
0.0164478949727,0.0552897097108
0.0125929195885,0.0518862673453
0.00925194092217,0.0484835819914
0.00642495897373,0.0450816536491
0.00411197374319,0.0416804823184
0.00231298523054,0.0382800679994
0.0010279934358,0.034880410692
0.000256998358949,0.0314815103962
0.0,0.028083367112
0.000231657937904,0.0246769285711
0.000926631751614,0.0212531425052
0.00208492144113,0.0178120089142
0.00370652700646,0.0143535277982
0.00579144844759,0.0108776991571
0.00833968576453,0.00738452299098
0.0113512389573,0.00387399929981
0.0148261080258,0.000346128083587
0.0187642929702,-0.00319909065768
0.0231657937904,-0.006761656924
0.0280306104863,-0.0103415707154
0.0333587430581,-0.0139388320318
0.0391501915057,-0.0175534408732
0.0454049558291,-0.0211853972397
0.0521230360283,-0.0248347011313
0.0593044321033,-0.0285013525479
0.0669491440541,-0.0321853514896
0.0750571718807,-0.0358866979563
0.0836285155832,-0.039605391948
0.0926631751614,-0.0433414334648
0.102083500625,-0.0469683739203
0.111811841983,-0.0503597647281
0.121848199235,-0.0535156058882
0.132192572382,-0.0564358974005
0.142844961424,-0.0591206392652
0.15380536636,-0.0615698314822
0.165073787191,-0.0637834740515
0.176650223916,-0.065761566973
0.188534676536,-0.0675041102469
0.200727145051,-0.0690111038731
0.21322762946,-0.0702825478516
0.226036129763,-0.0713184421823
0.239152645961,-0.0721187868654
0.252577178054,-0.0726835819008
0.266309726041,-0.0730128272885
0.280350289923,-0.0731065230285
0.294698869699,-0.0729646691207
0.30935546537,-0.0725872655653
0.324320076935,-0.0719743123622
0.339592704395,-0.0711258095114
0.355065706316,-0.0701461950283
0.370631441265,-0.0691399069284
0.386289909241,-0.0681069452117
0.402041110244,-0.0670473098781
0.417885044275,-0.0659610009278
0.433821711333,-0.0648480183606
0.449851111419,-0.0637083621766
0.465973244532,-0.0625420323758
0.482188110673,-0.0613490289581
0.498495709841,-0.0601293519237
0.514896042036,-0.0588830012724
0.531389107259,-0.0576099770043
0.54797490551,-0.0563102791194
0.564653436788,-0.0549839076177
0.581424701093,-0.0536308624991
0.598288698426,-0.0522511437637
0.615245428786,-0.0508447514116
0.632294892174,-0.0494116854425
0.649437088589,-0.0479519458567
0.666672018032,-0.0464655326541
0.683922569145,-0.0449246063119
0.701111630573,-0.0433013273076
0.718239202315,-0.0415956956411
0.735305284371,-0.0398077113125
0.752309876741,-0.0379373743217
0.769252979426,-0.0359846846687
0.786134592424,-0.0339496423536
0.802954715737,-0.0318322473763
0.819713349364,-0.0296324997369
0.836410493306,-0.0273503994352
0.853046147561,-0.0249859464715
0.869620312131,-0.0225391408455
0.886132987015,-0.0200099825574
0.902584172213,-0.0173984716071
0.918973867725,-0.0147046079947
0.935302073552,-0.0119283917201
0.951568789693,-0.00906982278329
0.967774016148,-0.00612890118436
0.983917752917,-0.00310562692326
1.0,0.0
