1.0,0.0
0.987113407259,0.00634304774259
0.973915049963,0.0125193731069
0.960404928112,0.018528976093
0.946583041708,0.0243718567009
0.932449390748,0.0300480149305
0.918003975234,0.0355574507819
0.903246795166,0.0409001642551
0.888177850543,0.04607615535
0.872797141365,0.0510854240666
0.857104667633,0.0559279704051
0.841100429346,0.0606037943652
0.824784426505,0.0651128959472
0.80815665911,0.0694552751509
0.791217127159,0.0736309319763
0.773965830655,0.0776398664235
0.756402769595,0.0814820784925
0.738527943982,0.0851575681832
0.720341353813,0.0886663354957
0.70184299909,0.09200838043
0.683032879813,0.095183702986
0.664175884266,0.0982013949211
0.645536900732,0.101070547993
0.627115929213,0.103791162201
0.608912969708,0.106363237545
0.590928022217,0.108786774026
0.57316108674,0.111061771644
0.555612163277,0.113188230398
0.538281251828,0.115166150288
0.521168352394,0.116995531315
0.504273464974,0.118676373479
0.487596589567,0.120208676779
0.471137726175,0.121592441215
0.454896874797,0.122827666788
0.438874035434,0.123914353497
0.423069208084,0.124852501343
0.407482392748,0.125642110326
0.392113589427,0.126283180444
0.37696279812,0.1267757117
0.362030018827,0.127119704091
0.347315251548,0.12731515762
0.332823062259,0.127350372426
0.318558016937,0.127213648653
0.304520115582,0.1269049863
0.290709358193,0.126424385368
0.27712574477,0.125771845856
0.263769275314,0.124947367764
0.250639949825,0.123950951092
0.237737768302,0.122782595841
0.225062730745,0.12144230201
0.212614837155,0.119930069599
0.200394087532,0.118245898608
0.188400481875,0.116389789038
0.176634020185,0.114361740888
0.165094702461,0.112161754158
0.153782528703,0.109789828849
0.142697498913,0.10724596496
0.131839613088,0.104530162491
0.121208871231,0.101642421442
0.110805273339,0.0985827418139
0.100628819415,0.0953511236059
0.0908175095217,0.092029077957
0.0815093437258,0.088698116006
0.0727043220271,0.0853582377529
0.0644024444253,0.0820094431978
0.0566037109207,0.0786517323406
0.0493081215132,0.0752851051813
0.0425156762027,0.0719095617199
0.0362263749893,0.0685251019564
0.0304402178729,0.0651317258909
0.0251572048537,0.0617294335233
0.0203773359315,0.0583182248536
0.0161006111063,0.0548980998818
0.0123270303783,0.051469058608
0.00905659374731,0.048031101032
0.00628930121341,0.044584227154
0.00402515277658,0.0411284369739
0.00226414843683,0.0376637304918
0.00100628819415,0.0341901077075
0.000251572048537,0.0307075686212
0.0,0.0272161132328
0.000227581044414,0.0237141627147
0.000910324177654,0.0202001382394
0.00204822939972,0.0166740398067
0.00364129671062,0.0131358674168
0.00568952611034,0.00958562106963
0.00819291759889,0.00602330076516
0.0111514711763,0.00244890650342
0.0145651868425,-0.00113756171561
0.0184340645975,-0.00473610389191
0.0227581044414,-0.0083467200255
0.027537306374,-0.0119694101164
0.0327716703956,-0.0156041741645
0.0384611965059,-0.0192510121699
0.0446058847051,-0.0229099241326
0.0512057349931,-0.0265809100526
0.0582607473699,-0.0302639699298
0.0657709218355,-0.0339591037644
0.07373625839,-0.0376663115562
0.0821567570333,-0.0413855933053
0.0910324177654,-0.0451169490116
0.100295220453,-0.0487363781476
0.109877144963,-0.0521198801854
0.119778191296,-0.055267455125
0.12999835945,-0.0581791029666
0.140537649427,-0.06085482371
0.151396061227,-0.0632946173552
0.162573594849,-0.0654984839023
0.174070250293,-0.0674664233513
0.185886027559,-0.0691984357022
0.198020926648,-0.0706945209549
0.210474947559,-0.0719546791095
0.223248090292,-0.0729789101659
0.236340354848,-0.0737672141243
0.249751741226,-0.0743195909844
0.263482249427,-0.0746360407465
0.277531879449,-0.0747165634104
0.291900631295,-0.0745611589762
0.306588504962,-0.0741698274438
0.321595500452,-0.0735425688133
0.336921617764,-0.0726793830847
0.352443454593,-0.0716847576482
0.368037608632,-0.0706631798942
0.383704079882,-0.0696146498226
0.399442868343,-0.0685391674334
0.415253974015,-0.0674367327267
0.431137396898,-0.0663073457024
0.447093136991,-0.0651510063606
0.463121194295,-0.0639677147012
0.47922156881,-0.0627574707243
0.495394260535,-0.0615202744298
0.511639269471,-0.0602561258177
0.527956595618,-0.0589650248881
0.544346238976,-0.0576469716409
0.560808199545,-0.0563019660762
0.577342477324,-0.0549300081939
0.593949072314,-0.053531097994
0.610627984515,-0.0521052354766
0.627379213926,-0.0506524206416
0.644202760549,-0.0491726534891
0.661098624382,-0.047665934019
0.678031299137,-0.0461025833365
0.694965278527,-0.0444529225468
0.711900562551,-0.04271695165
0.72883715121,-0.0408946706459
0.745775044502,-0.0389860795346
0.762714242429,-0.036991178316
0.77965474499,-0.0349099669903
0.796596552185,-0.0327424455574
0.813539664015,-0.0304886140173
0.830484080479,-0.0281484723699
0.847429801577,-0.0257220206154
0.864376827309,-0.0232092587536
0.881325157675,-0.0206101867846
0.898274792676,-0.0179248047084
0.915225732311,-0.0151531125251
0.93217797658,-0.0122951102345
0.949131525484,-0.00935079783666
0.966086379022,-0.00632017533165
0.983042537194,-0.00320324271943
1.0,0.0
