1.0,0.0
0.986712312477,0.00626938414703
0.973127379638,0.0123783255368
0.959245201482,0.0183268241694
0.94506577801,0.0241148800448
0.930589109222,0.029742493163
0.915815195117,0.0352096635239
0.900744035695,0.0405163911276
0.885375630958,0.0456626759741
0.869709980904,0.0506485180633
0.853747085533,0.0554739173954
0.837486944846,0.0601388739702
0.820929558843,0.0646433877878
0.804074927523,0.0689874588482
0.786923050887,0.0731710871513
0.769473928935,0.0771942726973
0.751727561666,0.081057015486
0.73368394908,0.0847593155175
0.715343091179,0.0883011727917
0.69670498796,0.0916825873088
0.677769639426,0.0949035590686
0.658808755021,0.0979690592955
0.640094044193,0.100884059214
0.621625506941,0.103648558823
0.603403143265,0.106262558124
0.585426953165,0.108726057116
0.567696936642,0.1110390558
0.550213093694,0.113201554175
0.532975424323,0.115213552241
0.515983928529,0.117075049999
0.49923860631,0.118786047447
0.482739457668,0.120346544588
0.466486482602,0.121756541419
0.450479681112,0.123016037942
0.434719053198,0.124125034156
0.419204598861,0.125083530062
0.4039363181,0.125891525659
0.388914210915,0.126549020947
0.374138277307,0.127056015926
0.359608517274,0.127412510597
0.345324930818,0.12761850496
0.331263793724,0.127660481544
0.317401381778,0.127524922882
0.30373769498,0.127211828973
0.29027273333,0.126721199818
0.277006496829,0.126053035416
0.263938985475,0.125207335768
0.251070199269,0.124184100872
0.238400138212,0.122983330731
0.225928802302,0.121605025342
0.213656191541,0.120049184707
0.201582305927,0.118315808825
0.189707145462,0.116404897697
0.178030710145,0.114316451322
0.166552999975,0.112050469701
0.155274014954,0.109606952832
0.144193755081,0.106985900718
0.133312220356,0.104187313356
0.122629410779,0.101211190748
0.11214532635,0.0980575328936
0.101859967069,0.0947263397923
0.0919286202797,0.0913067116651
0.0825065733258,0.0878877487326
0.0735938262073,0.0844694509948
0.0651903789241,0.0810518184517
0.0572962314763,0.0776348511033
0.0499113838638,0.0742185489497
0.0430358360866,0.0708029119908
0.0366695881448,0.0673879402266
0.0308126400383,0.0639736336571
0.0254649917672,0.0605599922823
0.0206266433315,0.0571470161023
0.016297594731,0.0537347051169
0.0124778459659,0.0503230593263
0.0091673970362,0.0469120787304
0.00636624794181,0.0435017633292
0.00407439868276,0.0400921131228
0.00229184925905,0.036683128111
0.00101859967069,0.033274808294
0.000254649917672,0.0298671536717
0.0,0.0264601642441
0.000230436170747,0.0230439938941
0.000921744682987,0.0196087965046
0.00207392553672,0.0161545720755
0.00368697873195,0.012681320607
0.00576090426867,0.00918904209893
0.00829570214688,0.00567773655135
0.0112913723666,0.00214740396425
0.0147479149278,-0.00140195566236
0.0186653298305,-0.0049703423285
0.0230436170747,-0.00855775603415
0.0278827766603,-0.0121641967793
0.0331828085875,-0.015789664564
0.0389437128562,-0.0194341593882
0.0451654894663,-0.0230976812519
0.051848138418,-0.0267802301552
0.0589916597111,-0.0304818060979
0.0665960533458,-0.0342024090802
0.0746613193219,-0.037942039102
0.0831874576395,-0.0417006961633
0.0921744682987,-0.0454783802642
0.101558012949,-0.0491446796457
0.11127375324,-0.0525691825491
0.121321689173,-0.0557518889743
0.131701820746,-0.0586927989214
0.14241414796,-0.0613919123904
0.153458670815,-0.0638492293813
0.164835389311,-0.066064749894
0.176544303449,-0.0680384739285
0.188585413227,-0.069770401485
0.200958718646,-0.0712605325633
0.213664219706,-0.0725088671634
0.226701916407,-0.0735154052854
0.240071808749,-0.0742801469293
0.253773896731,-0.0748030920951
0.267808180355,-0.0750842407827
0.28217465962,-0.0751235929922
0.296873334526,-0.0749211487235
0.311904205073,-0.0744769079767
0.327267271261,-0.0737908707518
0.342962533089,-0.0728630370487
0.358840759378,-0.0718045115096
0.374752718945,-0.0707263987764
0.390698411791,-0.0696286988491
0.406677837915,-0.0685114117278
0.422690997318,-0.0673745374124
0.438737889999,-0.0662180759029
0.45481851596,-0.0650420271995
0.470932875198,-0.0638463913019
0.487080967716,-0.0626311682103
0.503262793512,-0.0613963579246
0.519478352586,-0.0601419604449
0.53572764494,-0.0588679757711
0.552010670571,-0.0575744039033
0.568327429482,-0.0562612448414
0.584677921671,-0.0549284985855
0.601062147138,-0.0535761651355
0.617480105885,-0.0522042444914
0.63393179791,-0.0508127366533
0.650417223213,-0.0494016416212
0.666936381795,-0.047970959395
0.683478264801,-0.0464825799644
0.700031863376,-0.0448983933192
0.716597177519,-0.0432183994593
0.733174207232,-0.0414425983848
0.749762952513,-0.0395709900956
0.766363413363,-0.0376035745918
0.782975589783,-0.0355403518733
0.799599481771,-0.0333813219402
0.816235089328,-0.0311264847924
0.832882412453,-0.02877584043
0.849541451148,-0.0263293888529
0.866212205412,-0.0237871300612
0.882894675244,-0.0211490640548
0.899588860645,-0.0184151908338
0.916294761616,-0.0155855103981
0.933012378155,-0.0126600227478
0.949741710263,-0.00963872788282
0.96648275794,-0.0065216258032
0.983235521185,-0.00330871650892
1.0,0.0
