1.0,0.0
0.990162127629,0.00673883669752
0.979728950317,0.0132706288828
0.968700468065,0.0195953765557
0.957076680872,0.0257130797164
0.944857588739,0.0316237383648
0.932043191665,0.0373273525009
0.918633489651,0.0428239221247
0.904628482697,0.0481134472363
0.890028170802,0.0531959278355
0.874832553966,0.0580713639225
0.859041632191,0.0627397554972
0.842655405474,0.0672011025596
0.825673873817,0.0714554051098
0.80809703722,0.0755026631476
0.789924895682,0.0793428766732
0.771157449204,0.0829760456865
0.751794697786,0.0864021701875
0.731836641426,0.0896212501762
0.711283280127,0.0926332856527
0.690134613887,0.0954382766168
0.668876343595,0.098088312698
0.647994170139,0.100635483525
0.627488093518,0.103079789099
0.607358113734,0.105421229419
0.587604230787,0.107659804485
0.568226444675,0.109795514297
0.549224755399,0.111828358856
0.530599162959,0.11375833816
0.512349667355,0.115585452211
0.494476268588,0.117309701008
0.476978966656,0.118931084552
0.459857761561,0.120449602841
0.443112653301,0.121865255877
0.426743641878,0.123178043659
0.410750727291,0.124387966188
0.39513390954,0.125495023462
0.379893188624,0.126499215483
0.365028564545,0.12740054225
0.350540037302,0.128199003763
0.336427606895,0.128894600022
0.322604854722,0.129433428997
0.308985362181,0.129761588654
0.295569129272,0.129879078995
0.282356155995,0.129785900019
0.26934644235,0.129482051727
0.256539988337,0.128967534118
0.243936793955,0.128242347192
0.231536859206,0.12730649095
0.219340184088,0.126159965391
0.207346768603,0.124802770515
0.195556612749,0.123234906323
0.183969716527,0.121456372814
0.172586079938,0.119467169988
0.16140570298,0.117267297846
0.150428585654,0.114856756387
0.13965472796,0.112235545611
0.129084129898,0.109403665519
0.118716791468,0.10636111611
0.108552712669,0.103107897385
0.0985918935031,0.0996440093426
0.0889791838866,0.0960664545319
0.0798594337375,0.0924722355008
0.071232643056,0.0888613522493
0.063098811842,0.0852338047774
0.0554579400955,0.0815895930851
0.0483100278165,0.0779287171723
0.0416550750051,0.0742511770392
0.0354930816611,0.0705569726857
0.0298240477847,0.0668461041118
0.0246479733758,0.0631185713175
0.0199648584344,0.0593743743028
0.0157747029605,0.0556135130677
0.0120775069541,0.0518359876121
0.00887327041528,0.0480417979362
0.00616199334395,0.0442309440399
0.00394367574013,0.0404034259232
0.00221831760382,0.0365592435861
0.000985918935031,0.0326983970285
0.000246479733758,0.0288208862506
0.0,0.0249267112523
0.000219911136217,0.0210469650432
0.000879644544867,0.0172127406331
0.00197920022595,0.0134240380219
0.00351857817947,0.00968085720952
0.00549777840542,0.00598319819611
0.0079168009038,0.00233106098161
0.0107756456746,-0.00127555443398
0.0140743127179,-0.00483664805066
0.0178128020335,-0.00835221986842
0.0219911136217,-0.0118222698873
0.0266092474822,-0.0152467981072
0.0316672036152,-0.0186258045282
0.0371649820206,-0.0219592891504
0.0431025826985,-0.0252472519736
0.0494800056487,-0.0284896929978
0.0562972508715,-0.0316866122232
0.0635543183666,-0.0348380096497
0.0712512081342,-0.0379438852772
0.0793879201742,-0.0410042391059
0.0879644544867,-0.0440190711356
0.096952241158,-0.0469198327061
0.106322710275,-0.0496379751572
0.116075861837,-0.0521734984889
0.126211695844,-0.0545264027011
0.136730212297,-0.0566966877938
0.147631411196,-0.0586843537671
0.158915292539,-0.060489400621
0.170581856328,-0.0621118283554
0.182631102563,-0.0635516369703
0.195063031243,-0.0648088264658
0.207877642368,-0.0658833968419
0.221074935938,-0.0667753480985
0.234654911954,-0.0674846802357
0.248617570416,-0.0680113932534
0.262962911322,-0.0683554871516
0.277690934675,-0.0685169619304
0.292801640472,-0.0684958175898
0.308295028715,-0.0682920541297
0.324171099403,-0.0679056715502
0.340429852537,-0.0673366698512
0.356885605686,-0.0666633657534
0.373352676421,-0.0659640759774
0.389831064743,-0.0652388005231
0.40632077065,-0.0644875393907
0.422821794143,-0.0637102925801
0.439334135221,-0.0629070600912
0.455857793886,-0.0620778419242
0.472392770137,-0.0612226380789
0.488939063974,-0.0603414485555
0.505496675396,-0.0594342733538
0.522065604405,-0.058501112474
0.538645850999,-0.0575419659159
0.55523741518,-0.0565568336796
0.571840296946,-0.0555457157651
0.588454496298,-0.0545086121724
0.605080013236,-0.0534455229016
0.62171684776,-0.0523564479525
0.63836499987,-0.0512413873252
0.655024469566,-0.0501003410196
0.671695256848,-0.0489333090359
0.688358642476,-0.0476899521817
0.704995907214,-0.0463199312645
0.721607051059,-0.0448232462845
0.738192074013,-0.0431998972415
0.754750976075,-0.0414498841356
0.771283757245,-0.0395732069669
0.787790417524,-0.0375698657352
0.804270956911,-0.0354398604407
0.820725375406,-0.0331831910832
0.837153673009,-0.0307998576629
0.853555849721,-0.0282898601796
0.869931905541,-0.0256531986335
0.886281840469,-0.0228898730245
0.902605654506,-0.0199998833525
0.918903347651,-0.0169832296177
0.935174919904,-0.0138399118199
0.951420371266,-0.0105699299593
0.967639701736,-0.00717328403576
0.983832911314,-0.00364997404933
1.0,0.0
