1.0,0.0
0.990038957467,0.00688287961919
0.979510947224,0.0135478098611
0.968415969271,0.0199947907258
0.956754023608,0.0262238222133
0.944525110235,0.0322349043234
0.931729229152,0.0380280370563
0.918366380359,0.043603220412
0.904436563855,0.0489604543904
0.889939779642,0.0540997389916
0.874876027719,0.0590210742155
0.859245308085,0.0637244600621
0.843047620742,0.0682098965315
0.826282965688,0.0724773836237
0.808951342924,0.0765269213385
0.791052752451,0.0803585096762
0.772587194267,0.0839721486366
0.753554668373,0.0873678382197
0.733955174769,0.0905455784255
0.713788713455,0.0935053692541
0.693055284431,0.0962472107055
0.672219326883,0.0988334801525
0.651745279999,0.101326554968
0.631633143779,0.103726435152
0.611882918222,0.106033120704
0.592494603328,0.108246611625
0.573468199098,0.110366907914
0.554803705532,0.112394009572
0.536501122628,0.114327916598
0.518560450389,0.116168628993
0.500981688812,0.117916146756
0.4837648379,0.119570469888
0.46690989765,0.121131598388
0.450416868064,0.122599532257
0.434285749142,0.123974271494
0.418516540883,0.1252558161
0.403109243287,0.126444166074
0.388063856355,0.127539321416
0.373380380087,0.128541282127
0.359058814482,0.129450048207
0.34509915954,0.130265619655
0.331405787216,0.130922390347
0.317883069464,0.131354754162
0.304531006284,0.131562711098
0.291349597675,0.131546261155
0.278338843639,0.131305404334
0.265498744174,0.130840140635
0.252829299282,0.130150470057
0.240330508961,0.1292363926
0.228002373212,0.128097908265
0.215844892035,0.126735017051
0.20385806543,0.125147718959
0.192041893397,0.123336013989
0.180396375936,0.12129990214
0.168921513047,0.119039383412
0.157617304729,0.116554457806
0.146483750984,0.113845125322
0.13552085181,0.110911385959
0.124728607208,0.107753239717
0.114107017178,0.104370686597
0.10365608172,0.100763726599
0.0935496137526,0.0970422622791
0.0839614261934,0.0933161961946
0.0748915190429,0.0895855283458
0.066339892301,0.0858502587324
0.0583065459677,0.0821103873546
0.0507914800429,0.0783659142124
0.0437946945268,0.0746168393056
0.0373161894193,0.0708631626344
0.0313559647204,0.0671048841988
0.0259140204301,0.0633420039987
0.0209903565484,0.0595745220341
0.0165849730752,0.0558024383051
0.0126978700107,0.0520257528116
0.00932904735483,0.0482444655536
0.00647850510752,0.0444585765312
0.00414624326881,0.0406680857443
0.00233226183871,0.036872993193
0.0010365608172,0.0330732988772
0.000259140204301,0.0292690027969
0.0,0.0254601049522
0.000212159098104,0.0216681047217
0.000848636392417,0.0179145014842
0.00190943188294,0.0141992952397
0.00339454556967,0.0105224859882
0.00530397745261,0.00688407372969
0.00763772753176,0.00328405846414
0.0103957958071,-0.000277559808422
0.0135781822787,-0.003800781088
0.0171848869465,-0.0072856053746
0.0212159098104,-0.0107320326682
0.0256712508706,-0.0141400629688
0.030550910127,-0.0175096962765
0.0358548875796,-0.0208409325912
0.0415831832284,-0.0241337719128
0.0477357970735,-0.0273882142415
0.0543127291147,-0.0306042595772
0.0613139793522,-0.03378190792
0.0687395477858,-0.0369211592697
0.0765894344157,-0.0400220136265
0.0848636392417,-0.0430844709903
0.0935637106351,-0.0460339491429
0.102691196967,-0.0487958658664
0.112246098237,-0.0513702211606
0.122228414446,-0.0537570150256
0.132638145592,-0.0559562474614
0.143475291678,-0.057967918468
0.154739852701,-0.0597920280453
0.166431828664,-0.0614285761935
0.178551219564,-0.0628775629124
0.191098025403,-0.0641389882021
0.20407224618,-0.0652128520625
0.217473881896,-0.0660991544938
0.23130293255,-0.0667978954958
0.245559398142,-0.0673090750686
0.260243278673,-0.0676326932122
0.275354574142,-0.0677687499265
0.29089328455,-0.0677172452116
0.306859409896,-0.0674781790676
0.32325295018,-0.0670515514942
0.340073905403,-0.0664373624917
0.357116952045,-0.0657168944115
0.374176766586,-0.0649714296051
0.391253349026,-0.0642009680726
0.408346699366,-0.0634055098139
0.425456817605,-0.0625850548291
0.442583703743,-0.0617396031181
0.459727357781,-0.060869154681
0.476887779717,-0.0599737095177
0.494064969554,-0.0590532676283
0.511258927289,-0.0581078290127
0.528469652924,-0.0571373936709
0.545697146459,-0.056141961603
0.562941407892,-0.055121532809
0.580202437225,-0.0540761072888
0.597480234457,-0.0530056850424
0.614774799589,-0.0519102660699
0.63208613262,-0.0507898503712
0.64941423355,-0.0496444379464
0.66675910238,-0.0484740287955
0.684120739109,-0.0472786229183
0.701411956906,-0.0460129173329
0.718545568939,-0.0446316090568
0.735521575209,-0.0431346980902
0.752339975716,-0.041522184433
0.769000770459,-0.0397940680852
0.785503959439,-0.0379503490469
0.801849542656,-0.0359910273179
0.818037520109,-0.0339161028985
0.834067891798,-0.0317255757884
0.849940657725,-0.0294194459878
0.865655817888,-0.0269977134966
0.881213372287,-0.0244603783148
0.896613320923,-0.0218074404424
0.911855663796,-0.0190388998795
0.926940400905,-0.016154756626
0.941867532251,-0.013155010682
0.956637057833,-0.0100396620473
0.971248977652,-0.00680871072213
0.985703291708,-0.00346215670635
1.0,0.0
