1.0,0.0
0.987246613976,0.00657192637351
0.974136707,0.0129547798944
0.960670279072,0.0191485605628
0.946847330192,0.0251532683786
0.93266786036,0.0309689033418
0.918131869576,0.0365954654524
0.90323935784,0.0420329547104
0.887990325153,0.0472813711159
0.872384771513,0.0523407146688
0.856422696921,0.0572109853691
0.840104101378,0.0618921832168
0.823428984883,0.0663843082119
0.806397347436,0.0706873603545
0.789009189036,0.0748013396445
0.771264509685,0.0787262460819
0.753163309382,0.0824620796667
0.734705588127,0.086008840399
0.715891345921,0.0893665282786
0.696720582762,0.0925351433057
0.677193298651,0.0955146854802
0.65762056689,0.098334301225
0.638313460778,0.101023136963
0.619271980318,0.103581192694
0.600496125507,0.106008468418
0.581985896347,0.108304964135
0.563741292837,0.110470679846
0.545762314978,0.112505615549
0.528048962769,0.114409771246
0.51060123621,0.116183146936
0.493419135302,0.117825742619
0.476502660044,0.119337558295
0.459851810436,0.120718593964
0.443466586479,0.121968849626
0.427346988172,0.123088325281
0.411493015515,0.12407702093
0.395904668509,0.124934936572
0.380581947153,0.125662072206
0.365524851448,0.126258427834
0.350733381392,0.126724003455
0.336207536988,0.127058799069
0.321933984671,0.127235009895
0.30789939088,0.12722483115
0.294103755615,0.127028262836
0.280547078877,0.126645304951
0.267229360664,0.126075957497
0.254150600977,0.125320220472
0.241310799817,0.124378093878
0.228709957182,0.123249577713
0.216348073074,0.121934671978
0.204225147491,0.120433376673
0.192341180434,0.118745691798
0.180696171904,0.116871617353
0.169290121899,0.114811153338
0.158123030421,0.112564299753
0.147194897468,0.110131056598
0.136505723041,0.107511423873
0.126055507141,0.104705401578
0.115844249766,0.101712989713
0.105871950918,0.0985341882773
0.0961386105952,0.0951689972719
0.0867650960622,0.0917104874577
0.0778722745821,0.0882517295956
0.0694601461551,0.0847927236857
0.061528710781,0.081333469728
0.0540779684598,0.0778739677226
0.0471079191917,0.0744142176694
0.0406185629765,0.0709542195683
0.0346098998143,0.0674939734195
0.0290819297051,0.0640334792229
0.0240346526488,0.0605727369785
0.0194680686455,0.0571117466863
0.0153821776952,0.0536505083464
0.0117769797979,0.0501890219586
0.00865247495357,0.0467272875231
0.0060086631622,0.0432653050397
0.00384554442381,0.0398030745086
0.00216311873839,0.0363405959297
0.000961386105952,0.032877869303
0.000240346526488,0.0294148946285
0.0,0.0259516719062
0.000250126585661,0.0224868465564
0.00100050634264,0.0190190639992
0.00225113927095,0.0155483242346
0.00400202537057,0.0120746272627
0.00625316464152,0.00859797308349
0.00900455708378,0.00511836169691
0.0122562026974,0.00163579310298
0.0160081014823,-0.00184973269831
0.0202602534385,-0.00533821570694
0.0250126585661,-0.00882965592291
0.0302653168649,-0.0123240533462
0.0360182283351,-0.0158214079769
0.0422713929766,-0.0193217198149
0.0490248107895,-0.0228249888603
0.0562784817736,-0.026331215113
0.0640324059291,-0.0298403985731
0.0722865832559,-0.0333525392405
0.081041013754,-0.0368676371152
0.0902956974235,-0.0403856921973
0.100050634264,-0.0439067044868
0.11018355515,-0.0473200147529
0.120572190955,-0.0505149637651
0.131216541678,-0.0534915515232
0.14211660732,-0.0562497780274
0.153272387881,-0.0587896432776
0.164683883361,-0.0611111472738
0.176351093759,-0.0632142900161
0.188274019076,-0.0650990715043
0.200452659312,-0.0667654917386
0.212887014467,-0.0682135507188
0.22557708454,-0.0694432484451
0.238522869533,-0.0704545849174
0.251724369444,-0.0712475601357
0.265181584273,-0.0718221741001
0.278894514022,-0.0721784268104
0.292863158689,-0.0723163182668
0.307087518275,-0.0722358484692
0.32156759278,-0.0719370174176
0.336303382204,-0.071419825112
0.351294886546,-0.0706842715524
0.366442166308,-0.0698286712702
0.381645281991,-0.0689513387966
0.396904233594,-0.0680522741316
0.412219021117,-0.0671314772753
0.427589644561,-0.0661889482277
0.443016103925,-0.0652246869887
0.45849839921,-0.0642386935583
0.474036530416,-0.0632309679366
0.489630497542,-0.0622015101236
0.505280300588,-0.0611503201191
0.520985939555,-0.0600773979234
0.536747414442,-0.0589827435363
0.55256472525,-0.0578663569578
0.568437871978,-0.056728238188
0.584366854627,-0.0555683872268
0.600351673196,-0.0543868040743
0.616392327686,-0.0531834887304
0.632488818096,-0.0519584411952
0.648641144427,-0.0507116614686
0.664849306678,-0.0494431495506
0.681111459612,-0.0481041325638
0.697425757992,-0.0466458376306
0.713792201817,-0.045068264751
0.730210791088,-0.043371413925
0.746681525804,-0.0415552851527
0.763204405965,-0.0396198784339
0.779779431572,-0.0375651937687
0.796406602625,-0.0353912311572
0.813085919122,-0.0330979905992
0.829817381066,-0.0306854720949
0.846600988455,-0.0281536756442
0.863436741289,-0.0255026012471
0.880324639569,-0.0227322489035
0.897264683294,-0.0198426186136
0.914256872465,-0.0168337103774
0.931301207081,-0.0137055241947
0.948397687142,-0.0104580600656
0.965546312649,-0.00709131799012
0.982747083602,-0.00360529796825
1.0,0.0
