1.0,-0.00143268127464
0.98025,0.0100918184977
0.961,0.0211208225225
0.94225,0.0316543307995
0.924,0.0416923433288
0.90625,0.0512348601105
0.889,0.0602818811446
0.87225,0.0688334064309
0.856,0.0768894359696
0.84025,0.0844499697606
0.825,0.0915150078039
0.81025,0.0980845500995
0.796,0.104158596647
0.78225,0.109737147448
0.769,0.1148202025
0.75625,0.119407761805
0.744,0.123499825363
0.73225,0.127096393172
0.721,0.130197465234
0.71025,0.132803041548
0.7,0.134913122115
0.69,0.136739279355
0.68,0.138493085688
0.67,0.140174541116
0.66,0.141783645637
0.65,0.143320399252
0.64,0.144784801961
0.63,0.146176853764
0.62,0.147496554661
0.61,0.148743904651
0.6,0.149918903736
0.59,0.151021551914
0.58,0.152051849186
0.57,0.153009795552
0.56,0.153895391012
0.55,0.154708635566
0.54,0.155449529214
0.53,0.156118071955
0.52,0.156714263791
0.51,0.15723810472
0.5,0.157689594743
0.49,0.158122526224
0.48,0.158590691526
0.47,0.15909409065
0.46,0.159632723595
0.45,0.160206590362
0.44,0.16081569095
0.43,0.161460025359
0.42,0.16213959359
0.41,0.162854395643
0.4,0.163604431517
0.39,0.164389701212
0.38,0.165210204729
0.37,0.166065942067
0.36,0.166956913227
0.35,0.167883118208
0.34,0.16884455701
0.33,0.169841229634
0.32,0.17087313608
0.31,0.171940276347
0.3,0.173042650435
0.29,0.174028203103
0.28,0.174744879107
0.27,0.175192678449
0.26,0.175371601127
0.25,0.175281647142
0.24,0.174922816494
0.23,0.174295109183
0.22,0.173398525209
0.21,0.172233064571
0.2,0.170798727271
0.19,0.169095513307
0.18,0.16712342268
0.17,0.16488245539
0.16,0.162372611437
0.15,0.159593890821
0.14,0.156546293542
0.13,0.1532298196
0.12,0.149644468994
0.11,0.145790241726
0.1,0.141667137794
0.09025,0.137436558348
0.081,0.133259904535
0.07225,0.129137176355
0.064,0.125068373809
0.05625,0.121053496897
0.049,0.117092545618
0.04225,0.113185519972
0.036,0.109332419961
0.03025,0.105533245582
0.025,0.101787996837
0.02025,0.098096673726
0.016,0.0944592762482
0.01225,0.0908758044039
0.009,0.0873462581931
0.00625,0.0838706376158
0.004,0.0804489426721
0.00225,0.0770811733618
0.001,0.0737673296851
0.00025,0.0705074116419
0.0,0.0673014192322
0.00025,0.0641205735932
0.001,0.0609360958618
0.00225,0.0577479860381
0.004,0.0545562441221
0.00625,0.0513608701139
0.009,0.0481618640133
0.01225,0.0449592258205
0.016,0.0417529555353
0.02025,0.0385430531578
0.025,0.0353295186881
0.03025,0.032112352126
0.036,0.0288915534717
0.04225,0.0256671227251
0.049,0.0224390598861
0.05625,0.0192073649549
0.064,0.0159720379313
0.07225,0.0127330788155
0.081,0.00949048760736
0.09025,0.00624426430693
0.1,0.0029944089142
0.11,-0.000166029611606
0.12,-0.00314400231127
0.13,-0.00593950918479
0.14,-0.00855255023217
0.15,-0.0109831254534
0.16,-0.0132312348485
0.17,-0.0152968784174
0.18,-0.0171800561603
0.19,-0.0188807680769
0.2,-0.0203990141674
0.21,-0.0217347944318
0.22,-0.0228881088701
0.23,-0.0238589574822
0.24,-0.0246473402681
0.25,-0.0252532572279
0.26,-0.0256767083616
0.27,-0.0259176936691
0.28,-0.0259762131505
0.29,-0.0258522668057
0.3,-0.0255458546348
0.31,-0.0250871831374
0.32,-0.024506458813
0.33,-0.0238036816617
0.34,-0.0229788516835
0.35,-0.0220319688784
0.36,-0.0209630332463
0.37,-0.0197720447873
0.38,-0.0184590035014
0.39,-0.0170239093885
0.4,-0.0154667624487
0.41,-0.013787562682
0.42,-0.0119863100884
0.43,-0.0100630046678
0.44,-0.00801764642031
0.45,-0.00585023534589
0.46,-0.00356077144454
0.47,-0.00114925471627
0.48,0.00138431483893
0.49,0.00403993722106
0.5,0.00681761243011
0.51,0.00958025162267
0.52,0.0121907659553
0.53,0.014649155428
0.54,0.0169554200408
0.55,0.0191095597936
0.56,0.0211115746865
0.57,0.0229614647195
0.58,0.0246592298926
0.59,0.0262048702057
0.6,0.0275983856589
0.61,0.0288397762522
0.62,0.0299290419855
0.63,0.030866182859
0.64,0.0316511988724
0.65,0.032284090026
0.66,0.0327648563196
0.67,0.0330934977534
0.68,0.0332700143271
0.69,0.033294406041
0.7,0.0331666728949
0.71025,0.0328865687122
0.721,0.0324538473163
0.73225,0.0318685087072
0.744,0.0311305528848
0.75625,0.0302399798492
0.769,0.0291967896003
0.78225,0.0280009821382
0.796,0.0266525574628
0.81025,0.0251515155742
0.825,0.0234978564723
0.84025,0.0216915801572
0.856,0.0197326866289
0.87225,0.0176211758873
0.889,0.0153570479325
0.90625,0.0129403027644
0.924,0.0103709403831
0.94225,0.0076489607885
0.961,0.0047743639807
0.98025,0.00174714995965
1.0,-0.0014326812746439433
