1.0,0.0
0.989100188153,0.00691608881782
0.977722891255,0.013607928313
0.965868109304,0.0200755184856
0.953535842303,0.0263188593356
0.940726090249,0.032337950863
0.927438853144,0.0381327930678
0.913674130988,0.04370338595
0.899431923779,0.0490497295096
0.884712231519,0.0541718237465
0.869515054208,0.0590696686609
0.853840391844,0.0637432642526
0.837688244429,0.0681926105218
0.821058611963,0.0724177074683
0.803951494445,0.0764185550923
0.786366891875,0.0801951533936
0.768304804254,0.0837475023723
0.749765231581,0.0870756020284
0.730748173856,0.0901794523619
0.711253631079,0.0930590533728
0.691281603252,0.0957144050611
0.671212321767,0.0982163175094
0.65142601802,0.1006356008
0.631922692011,0.102972254934
0.612702343739,0.10522627991
0.593764973206,0.107397675729
0.57511058041,0.10948644239
0.556739165353,0.111492579894
0.538650728033,0.11341608824
0.520845268451,0.11525696743
0.503322786607,0.117015217461
0.486083282501,0.118690838336
0.469126756132,0.120283830053
0.452453207502,0.121794192612
0.436062636609,0.123221926014
0.419955043454,0.124567030259
0.404130428038,0.125829505347
0.388588790359,0.127009351277
0.373330130417,0.128106568049
0.358354448214,0.129121155664
0.343661743749,0.130053114122
0.329226621557,0.130825372245
0.315023686176,0.131360858857
0.301052937606,0.131659573956
0.287314375846,0.131721517544
0.273808000896,0.13154668962
0.260533812756,0.131135090184
0.247491811427,0.130486719237
0.234681996908,0.129601576777
0.2221043692,0.128479662806
0.209758928302,0.127120977323
0.197645674214,0.125525520328
0.185764606937,0.123693291822
0.17411572647,0.121624291803
0.162699032814,0.119318520273
0.151514525967,0.116775977231
0.140562205932,0.113996662677
0.129842072706,0.110980576611
0.119354126291,0.107727719033
0.109098366686,0.104238089944
0.0990747938919,0.100511689343
0.0894150014874,0.0966667424626
0.0802505830524,0.0928214745354
0.0715815385869,0.0889758855615
0.0634078680908,0.0851299755408
0.0557295715642,0.0812837444734
0.048546649007,0.0774371923592
0.0418591004193,0.0735903191983
0.0356669258011,0.0697431249907
0.0299701251523,0.0658956097363
0.024768698473,0.0620477734351
0.0200626457631,0.0581996160872
0.0158519670227,0.0543511376925
0.0121366622518,0.0505023382511
0.00891673145027,0.046653217763
0.00619217461824,0.0428037762281
0.00396299175568,0.0389540136464
0.00222918286257,0.035103930018
0.000990747938919,0.0312535253429
0.00024768698473,0.027402799621
0.0,0.0235517528523
0.000196959267623,0.0197266553876
0.00078783707049,0.0159537775774
0.0017726334086,0.0122331194218
0.00315134828196,0.00856468092082
0.00492398169056,0.00494846207437
0.00709053363441,0.0013844628825
0.00965100411351,-0.0021273166548
0.0126053931278,-0.00558687653752
0.0159537006774,-0.00899421676568
0.0196959267623,-0.0123493373393
0.0238320713823,-0.0156522382583
0.0283621345377,-0.0189029195227
0.0332861162282,-0.0221013811326
0.038604016454,-0.0252476230879
0.0443158352151,-0.0283416453886
0.0504215725114,-0.0313834480347
0.0569212283429,-0.0343730310263
0.0638148027097,-0.0373103943633
0.0711022956118,-0.0401955380457
0.078783707049,-0.0430284620736
0.086935769692,-0.0457493198253
0.0956352162109,-0.0482982646793
0.104882046606,-0.0506752966356
0.114676260877,-0.0528804156941
0.125017859024,-0.054913621855
0.135906841047,-0.0567749151181
0.147343206946,-0.0584642954835
0.159326956721,-0.0599817629512
0.171858090372,-0.0613273175212
0.1849366079,-0.0625009591934
0.198562509303,-0.063502687968
0.212735794582,-0.0643325038448
0.227456463737,-0.0649904068239
0.242724516769,-0.0654763969053
0.258539953676,-0.065790474089
0.274902774459,-0.0659326383749
0.291812979119,-0.0659028897632
0.309270567654,-0.0657012282537
0.327275540066,-0.0653276538465
0.345827896353,-0.0647821665416
0.364591255018,-0.064142208887
0.383229234561,-0.0634852234309
0.401741834982,-0.0628112101732
0.420129056282,-0.0621201691139
0.43839089846,-0.061412100253
0.456527361516,-0.0606870035906
0.474538445451,-0.0599448791266
0.492424150264,-0.059185726861
0.510184475955,-0.0584095467938
0.527819422524,-0.0576163389251
0.545328989972,-0.0568061032548
0.562713178299,-0.0559788397829
0.579971987503,-0.0551345485094
0.597105417586,-0.0542732294344
0.614113468548,-0.0533948825578
0.630996140387,-0.0524995078796
0.647753433105,-0.0515871053998
0.664385346701,-0.0506576751184
0.680891881176,-0.0497112170355
0.697273036529,-0.048747731151
0.71353239644,-0.0477024620271
0.729673544589,-0.046510654226
0.745696480977,-0.0451723077476
0.761601205603,-0.0436874225921
0.777387718466,-0.0420559987593
0.793056019568,-0.0402780362492
0.808606108908,-0.038353535062
0.824037986486,-0.0362824951975
0.839351652303,-0.0340649166558
0.854547106357,-0.0317007994368
0.86962434865,-0.0291901435407
0.884583379181,-0.0265329489673
0.89942419795,-0.0237292157167
0.914146804957,-0.0207789437888
0.928751200202,-0.0176821331837
0.943237383685,-0.0144387839015
0.957605355407,-0.0110488959419
0.971855115366,-0.00751246930518
0.985986663564,-0.0038295039912
1.0,0.0
