1.0,0.0
0.989881321569,0.00681471017415
0.979169824999,0.0134160832159
0.96786551029,0.0198041191251
0.955968377441,0.0259788179019
0.943478426453,0.0319401795462
0.930395657326,0.0376882040581
0.91672007006,0.0432228914375
0.902451664654,0.0485442416845
0.88759044111,0.053652254799
0.872136399426,0.0585469307811
0.856089539603,0.0632282696307
0.83944986164,0.0676962713478
0.822217365539,0.0719509359325
0.804392051298,0.0759922633848
0.785973918918,0.0798202537045
0.766962968399,0.0834349068919
0.747359199741,0.0868362229467
0.727162612943,0.0900242018692
0.706373208006,0.0929988436591
0.68499098493,0.0957601483166
0.663524876606,0.0983705130011
0.642483815923,0.100892334872
0.621867802883,0.103325613929
0.601676837486,0.105670350173
0.58191091973,0.107926543603
0.562570049617,0.110094194219
0.543654227147,0.112173302022
0.525163452318,0.114163867011
0.507097725132,0.116065889186
0.489457045588,0.117879368548
0.472241413687,0.119604305097
0.455450829427,0.121240698831
0.43908529281,0.122788549752
0.423144803836,0.12424785786
0.407629362503,0.125618623153
0.392538968813,0.126900845633
0.377873622765,0.1280945253
0.36363332436,0.129199662153
0.349818073597,0.130216256192
0.336427870476,0.131144307418
0.323323819312,0.131907526491
0.310367024419,0.132429624072
0.297557485797,0.132710600162
0.284895203447,0.132750454761
0.272380177368,0.132549187867
0.26001240756,0.132106799483
0.247791894024,0.131423289606
0.235718636759,0.130498658239
0.223792635765,0.129332905379
0.212013891043,0.127926031028
0.200382402591,0.126278035186
0.188898170412,0.124388917852
0.177561194503,0.122258679026
0.166371474866,0.119887318709
0.1553290115,0.1172748369
0.144433804405,0.1144212336
0.133685853582,0.111326508808
0.123085159029,0.107990662524
0.112631720749,0.104413694749
0.102325538739,0.100595605483
0.0923487987119,0.0966660151036
0.0828836863786,0.0927545439913
0.0739302017389,0.0888611921456
0.065488344793,0.0849859595667
0.0575581155407,0.0811288462544
0.0501395139821,0.0772898522088
0.0432325401172,0.0734689774298
0.036837193946,0.0696662219176
0.0309534754685,0.065881585672
0.0255813846847,0.0621150686931
0.0207209215946,0.0583666709809
0.0163720861982,0.0546363925354
0.0125348784955,0.0509242333566
0.00920929848651,0.0472301934444
0.00639534617119,0.043554272799
0.00409302154956,0.0398964714202
0.00230232462163,0.036256789308
0.00102325538739,0.0326352264626
0.000255813846847,0.0290317828838
0.0,0.0254464585718
0.000185253590985,0.0218807820405
0.000741014363941,0.018336281804
0.00166728231887,0.0148129578623
0.00296405745576,0.0113108102156
0.00463133977463,0.00782983886359
0.00666912927547,0.00437004380648
0.00907742595828,0.000931425044198
0.0118562298231,-0.00248601742324
0.0150055408698,-0.00588228359584
0.0185253590985,-0.0092573734736
0.0224156845092,-0.0126112870565
0.0266765171019,-0.0159440243446
0.0313078568765,-0.0192555853379
0.0363097038331,-0.0225459700363
0.0416820579717,-0.0258151784398
0.0474249192922,-0.0290632105485
0.0535382877947,-0.0322900663624
0.0600221634792,-0.0354957458815
0.0668765463457,-0.0386802491057
0.0741014363941,-0.0418435760351
0.0818065694148,-0.0448971388277
0.0901016811981,-0.0477523496417
0.0989867717439,-0.050409208477
0.108461841052,-0.0528677153337
0.118526889123,-0.0551278702118
0.129181915957,-0.0571896731112
0.140426921553,-0.059053124032
0.152261905911,-0.0607182229741
0.164686869033,-0.0621849699376
0.177701810916,-0.0634533649225
0.191306731563,-0.0645234079287
0.205501630971,-0.0653950989563
0.220286509143,-0.0660684380052
0.235661366077,-0.0665434250755
0.251626201773,-0.0668200601671
0.268181016233,-0.0668983432802
0.285325809454,-0.0667782744145
0.303060581438,-0.0664598535702
0.321385332185,-0.0659430807473
0.340300061695,-0.0652279559458
0.359448517956,-0.0644113297229
0.37847444896,-0.0635900526359
0.397377854707,-0.062764124685
0.416158735196,-0.06193354587
0.434817090427,-0.061098316191
0.4533529204,-0.0602584356479
0.471766225115,-0.0594139042409
0.490057004573,-0.0585647219697
0.508225258773,-0.0577108888346
0.526270987716,-0.0568524048354
0.544194191401,-0.0559892699722
0.561994869828,-0.055121484245
0.579673022997,-0.0542490476537
0.597228650909,-0.0533719601984
0.614661753563,-0.0524902218791
0.631972330959,-0.0516038326957
0.649160383098,-0.0507127926483
0.666225909979,-0.0498171017369
0.683168911602,-0.0489167599614
0.699989387968,-0.048011767322
0.716660667547,-0.0470297857357
0.733156078814,-0.04589847712
0.749475621767,-0.0446178414749
0.765619296406,-0.0431878788003
0.781587102732,-0.0416085890962
0.797379040744,-0.0398799723627
0.812995110443,-0.0380020285997
0.828435311829,-0.0359747578072
0.843699644901,-0.0337981599853
0.858788109659,-0.031472235134
0.873700706104,-0.0289969832531
0.888437434235,-0.0263724043428
0.902998294053,-0.0235984984031
0.917383285557,-0.0206752654339
0.931592408748,-0.0176027054352
0.945625663626,-0.0143808184071
0.959483050189,-0.0110096043495
0.97316456844,-0.00748906326247
0.986670218377,-0.00381919514596
1.0,0.0
