1.0,0.0
0.989242747366,0.00695859996232
0.97798786398,0.0136904519811
0.96623534984,0.0201955560562
0.953985204948,0.0264739121878
0.941237429303,0.0325255203759
0.927992022905,0.0383503806203
0.914248985754,0.0439484929212
0.900008317851,0.0493198572785
0.885270019195,0.0544644736922
0.870034089785,0.0593823421624
0.854300529623,0.064073462689
0.838069338708,0.068537835272
0.821340517041,0.0727754599114
0.80411406462,0.0767863366073
0.786389981447,0.0805704653596
0.76816826752,0.0841278461683
0.749448922841,0.0874584790334
0.730231947409,0.090562363955
0.710517341225,0.093439500933
0.690305104287,0.0960898899674
0.670000053108,0.0985841378526
0.650007004198,0.100992851383
0.630325957558,0.103316030559
0.610956913187,0.10555367538
0.591899871086,0.107705785846
0.573154831255,0.109772361958
0.554721793693,0.111753403714
0.536600758401,0.113648911116
0.518791725378,0.115458884163
0.501294694625,0.117183322856
0.484109666142,0.118822227193
0.467236639928,0.120375597176
0.450675615983,0.121843432805
0.434426594309,0.123225734078
0.418489574903,0.124522500997
0.402864557768,0.12573373356
0.387551542901,0.12685943177
0.372550530305,0.127899595624
0.357861519978,0.128854225124
0.343484511921,0.129723320268
0.329367437118,0.130434206788
0.315458226554,0.130914210411
0.30175688023,0.131163331138
0.288263398145,0.131181568968
0.2749777803,0.130968923903
0.261900026694,0.130525395941
0.249030137327,0.129850985083
0.2363681122,0.128945691329
0.223913951312,0.127809514678
0.211667654664,0.126442455132
0.199629222255,0.124844512689
0.187798654086,0.123015687349
0.176175950155,0.120955979114
0.164761110465,0.118665387982
0.153554135013,0.116143913954
0.142555023801,0.11339155703
0.131763776829,0.11040831721
0.121180394095,0.107194194493
0.110804875602,0.10374918888
0.100637221347,0.100073300371
0.0908250922658,0.0962860016715
0.0815161492912,0.0925067654869
0.0727103924233,0.0887355918173
0.0644078216622,0.0849724806627
0.0566084370078,0.0812174320232
0.0493122384601,0.0774704458987
0.0425192260192,0.0737315222892
0.036229399685,0.0700006611948
0.0304427594575,0.0662778626154
0.0251593053368,0.0625631265511
0.0203790373228,0.0588564530018
0.0161019554156,0.0551578419675
0.012328059615,0.0514672934483
0.00905734992125,0.0477848074441
0.0062898263342,0.044110383955
0.00402548885389,0.0404440229809
0.00226433748031,0.0367857245218
0.00100637221347,0.0331354885777
0.000251593053368,0.0294933151487
0.0,0.0258592042348
0.000193884594035,0.0222420522465
0.000775538376141,0.0186507555947
0.00174496134632,0.0150853142792
0.00310215350456,0.0115457283002
0.00484711485088,0.00803199765751
0.00697984538527,0.00454412235124
0.00950034510773,0.00108210238136
0.0124086140183,-0.00235406225213
0.0157046521169,-0.00576437154922
0.0193884594035,-0.00914882550992
0.0234600358783,-0.0125074241342
0.0279193815411,-0.0158401674221
0.032766496392,-0.0191470553737
0.0380013804309,-0.0224280879888
0.0436240336579,-0.0256832652675
0.049634456073,-0.0289125872099
0.0560326476762,-0.0321160538158
0.0628186084674,-0.0352936650853
0.0699923384467,-0.0384454210185
0.0775538376141,-0.0415713216153
0.0855947653441,-0.0445878811226
0.0942067810113,-0.0474116137876
0.103389884616,-0.0500425196101
0.113144076157,-0.0524805985902
0.123469355636,-0.0547258507279
0.134365723052,-0.0567782760232
0.145833178405,-0.058637874476
0.157871721695,-0.0603046460865
0.170481352922,-0.0617785908545
0.183662072087,-0.0630597087801
0.197413879189,-0.0641479998633
0.211736774228,-0.0650434641041
0.226630757204,-0.0657461015024
0.242095828117,-0.0662559120584
0.258131986967,-0.0665728957719
0.274739233755,-0.066697052643
0.29191756848,-0.0666283826717
0.309666991142,-0.066366885858
0.327987501741,-0.0659125622018
0.346879100277,-0.0652654117033
0.365987380906,-0.0645171981197
0.384957937782,-0.0637596852086
0.403790770905,-0.0629928729699
0.422485880276,-0.0622167614036
0.441043265894,-0.0614313505097
0.459462927759,-0.0606366402882
0.477744865872,-0.0598326307391
0.495889080232,-0.0590193218625
0.51389557084,-0.0581967136582
0.531764337695,-0.0573648061264
0.549495380797,-0.056523599267
0.567088700146,-0.05567309308
0.584544295744,-0.0548132875654
0.601862167588,-0.0539441827233
0.61904231568,-0.0530657785535
0.636084740019,-0.0521780750562
0.652989440605,-0.0512810722313
0.669756417439,-0.0503747700788
0.68638567052,-0.0494591685987
0.702877199849,-0.048534267791
0.719221540929,-0.0475298591736
0.735409229265,-0.0463757342644
0.751440264856,-0.0450718930635
0.767314647702,-0.0436183355707
0.783032377804,-0.0420150617861
0.798593455162,-0.0402620717096
0.813997879775,-0.0383593653414
0.829245651644,-0.0363069426814
0.844336770768,-0.0341048037296
0.859271237148,-0.0317529484859
0.874049050783,-0.0292513769505
0.888670211674,-0.0266000891232
0.903134719821,-0.0237990850041
0.917442575223,-0.0208483645932
0.93159377788,-0.0177479278906
0.945588327793,-0.0144977748961
0.959426224961,-0.0110979056098
0.973107469385,-0.00754832003165
0.986632061065,-0.00384901816173
1.0,0.0
