1.0,0.0
0.985119472576,0.00610325682207
0.970099907173,0.0120642640267
0.95494130379,0.0178830216138
0.939643662428,0.0235595295835
0.924206983088,0.0290937879357
0.908631265768,0.0344857966705
0.892916510469,0.0397355557878
0.87706271719,0.0448430652876
0.861069885933,0.04980832517
0.844938016696,0.0546313354349
0.828667109481,0.0593120960823
0.812257164286,0.0638506071123
0.795708181112,0.0682468685248
0.779020159958,0.0725008803198
0.762193100826,0.0766126424974
0.745227003715,0.0805821550576
0.728121868624,0.0844094180002
0.710877695554,0.0880944313254
0.693494484505,0.0916371950331
0.675972235477,0.0950377091234
0.65845536832,0.098282593089
0.641088302886,0.101358466423
0.623871039175,0.104265329125
0.606803577186,0.107003181195
0.589885916919,0.109572022633
0.573118058375,0.11197185344
0.556500001553,0.114202673615
0.540031746454,0.116264483158
0.523713293077,0.118157282069
0.507544641423,0.119881070348
0.491525791491,0.121435847996
0.475656743281,0.122821615011
0.459937496794,0.124038371395
0.44436805203,0.125086117147
0.428948408988,0.125964852268
0.413678567668,0.126674576756
0.398558528071,0.127215290613
0.383588290196,0.127586993837
0.368767854044,0.12778968643
0.354097219615,0.127823368392
0.33960620453,0.127694571338
0.325324626415,0.127409826886
0.311252485268,0.126969135035
0.297389781089,0.126372495787
0.28373651388,0.12561990914
0.270292683638,0.124711375095
0.257058290366,0.123646893651
0.244033334062,0.12242646481
0.231217814726,0.12105008857
0.21861173236,0.119517764932
0.206215086961,0.117829493895
0.194027878532,0.115985275461
0.182050107071,0.113985109628
0.170281772579,0.111828996397
0.158722875055,0.109516935767
0.1473734145,0.10704892774
0.136233390913,0.104424972314
0.125302804295,0.10164506949
0.114581654646,0.0987092192673
0.104069941965,0.0956174216466
0.0939231226232,0.0924401490157
0.0842966529915,0.0892478737626
0.0751905330696,0.0860405958873
0.0666047628575,0.0828183153897
0.0585393423552,0.0795810322699
0.0509942715628,0.0763287465279
0.0439695504801,0.0730614581637
0.0374651791073,0.0697791671772
0.0314811574444,0.0664818735685
0.0260174854912,0.0631695773376
0.0210741632479,0.0598422784845
0.0166511907144,0.0564999770091
0.0127485678907,0.0531426729115
0.00936629477683,0.0497703661917
0.0065043713728,0.0463830568497
0.00416279767859,0.0429807448854
0.00234157369421,0.0395634302989
0.00104069941965,0.0361311130902
0.000260174854912,0.0326837932593
0.0,0.0292214708061
0.000228041133887,0.025742819408
0.000912164535549,0.0222465127422
0.00205237020499,0.0187325508086
0.0036486581422,0.0152009336074
0.00570102834718,0.0116516611385
0.00820948081994,0.00808473340185
0.0111740155605,0.00450015039752
0.0145946325688,0.000897912125482
0.0184713318449,-0.00272198141426
0.0228041133887,-0.00635953022169
0.0275929772004,-0.0100147342968
0.0328379232798,-0.0136875936397
0.0385389516269,-0.0173781082502
0.0446960622419,-0.0210862781285
0.0513092551246,-0.0248121032744
0.0583785302751,-0.0285555836881
0.0659038876934,-0.0323167193694
0.0738853273795,-0.0360955103185
0.0823228493333,-0.0398919565352
0.0912164535549,-0.0437060580197
0.100481859954,-0.047410639072
0.110034788439,-0.0508785239926
0.119875239011,-0.0541097127813
0.13000321167,-0.0571042054382
0.140418706416,-0.0598620019633
0.151121723248,-0.0623831023565
0.162112262167,-0.0646675066179
0.173390323173,-0.0667152147475
0.184955906265,-0.0685262267453
0.196809011444,-0.0701005426112
0.20894963871,-0.0714381623453
0.221377788062,-0.0725390859475
0.234093459501,-0.073403313418
0.247096653027,-0.0740308447566
0.260387368639,-0.0744216799633
0.273965606339,-0.0745758190383
0.287831366124,-0.0744932619814
0.301984647997,-0.0741740087927
0.316425451956,-0.0736180594721
0.331153778002,-0.0728254140197
0.346100471046,-0.071895226909
0.361196376,-0.0709266526133
0.376441492864,-0.0699196911327
0.391835821637,-0.0688743424672
0.407379362321,-0.0677906066168
0.423072114914,-0.0666684835815
0.438914079417,-0.0655079733613
0.45490525583,-0.0643090759561
0.471045644153,-0.0630717913661
0.487335244385,-0.0617961195911
0.503774056528,-0.0604820606312
0.52036208058,-0.0591296144864
0.537099316542,-0.0577387811567
0.553985764414,-0.0563095606421
0.571021424195,-0.0548419529425
0.588206295887,-0.0533359580581
0.605540379488,-0.0517915759887
0.623023674999,-0.0502088067344
0.64065618242,-0.0485876502952
0.658437901751,-0.0469281066711
0.676255316018,-0.0452159860487
0.693994908248,-0.0434370986146
0.71165667844,-0.0415914443688
0.729240626595,-0.0396790233113
0.746746752713,-0.0376998354421
0.764175056793,-0.0356538807612
0.781525538836,-0.0335411592685
0.798798198842,-0.0313616709642
0.81599303681,-0.0291154158482
0.833110052742,-0.0268023939205
0.850149246635,-0.0244226051811
0.867110618492,-0.02197604963
0.883994168311,-0.0194627272672
0.900799896093,-0.0168826380927
0.917527801837,-0.0142357821065
0.934177885544,-0.0115221593086
0.950750147214,-0.008741769699
0.967244586847,-0.0058946132777
0.983661204442,-0.0029806900447
1.0,0.0
