1.0,0.0
0.985246591763,0.006051224439
0.970350548223,0.0119674948375
0.95531186938,0.0177488111954
0.940130555235,0.0233951735128
0.924806605788,0.0289065817896
0.909340021038,0.0342830360259
0.893730800986,0.0395245362217
0.877978945632,0.0446310823769
0.862084454975,0.0496026744916
0.846047329015,0.0544393125658
0.829867567753,0.0591409965994
0.813545171189,0.0637077265924
0.797080139322,0.068139502545
0.780472472153,0.072436324457
0.763722169681,0.0765981923284
0.746829231907,0.0806251061593
0.72979365883,0.0845170659497
0.712615450451,0.0882740716995
0.69529460677,0.0918961234088
0.677831127786,0.0953832210776
0.660362354881,0.0987148600181
0.643025629436,0.101870535543
0.625820951451,0.104850247651
0.608748320926,0.107653996344
0.591807737862,0.110281781621
0.574999202257,0.112733603482
0.558322714113,0.115009461927
0.541778273429,0.117109356957
0.525365880205,0.11903328857
0.509085534441,0.120781256767
0.492937236137,0.122353261549
0.476920985293,0.123749302914
0.46103678191,0.124969380864
0.445284625987,0.126013495398
0.429664517523,0.126881646516
0.41417645652,0.127573834218
0.398820442978,0.128090058504
0.383596476895,0.128430319374
0.368504558272,0.128594616828
0.35354468711,0.128582950867
0.338767428097,0.128405859929
0.324223345924,0.128073882454
0.309912440591,0.127587018443
0.295834712097,0.126945267895
0.281990160443,0.12614863081
0.268378785629,0.125197107189
0.255000587654,0.124090697031
0.241855566519,0.122829400336
0.228943722224,0.121413217105
0.216265054768,0.119842147337
0.203819564152,0.118116191032
0.191607250376,0.11623534819
0.179628113439,0.114199618812
0.167882153342,0.112009002897
0.156369370085,0.109663500446
0.145089763667,0.107163111457
0.134043334089,0.104507835932
0.12323008135,0.101697673871
0.112650005452,0.0987326252724
0.102303106393,0.0956126901374
0.0923285535193,0.0924094287738
0.082865516178,0.0891944014898
0.0739139943686,0.0859676082855
0.0654739880913,0.0827290491607
0.0575454973458,0.0794787241155
0.0501285221324,0.0762166331499
0.0432230624509,0.0729427762638
0.0368291183013,0.0696571534574
0.0309466896838,0.0663597647306
0.0255757765981,0.0630506100834
0.0207163790445,0.0597296895157
0.0163684970228,0.0563970030277
0.0125321305331,0.0530525506192
0.00920727957533,0.0496963322904
0.00639394414954,0.0463283480411
0.0040921242557,0.0429485978715
0.00230181989383,0.0395570817814
0.00102303106393,0.0361537997709
0.000255757765981,0.03273875184
0.0,0.0293119379887
0.000238810757342,0.0258678611616
0.000955243029367,0.022401024303
0.00214929681608,0.018911427413
0.00382097211747,0.0153990704917
0.00597026893355,0.0118639535389
0.00859718726431,0.00830607655477
0.0117017271098,0.00472543953925
0.0152838884699,0.00112204249233
0.0193436713447,-0.00250411458598
0.0238810757342,-0.00615303169567
0.0288961016384,-0.00982470883675
0.0343887490572,-0.0135191460092
0.0403590179908,-0.0172363432131
0.046806908439,-0.0209763004483
0.0537324204019,-0.024739017715
0.0611355538795,-0.028524495013
0.0690163088718,-0.0323327323424
0.0773746853788,-0.0361637297033
0.0862106834004,-0.0400174870955
0.0955243029367,-0.0438940045191
0.105194130973,-0.0476619987663
0.115098754495,-0.0511901866293
0.125238173502,-0.0544785681083
0.135612387995,-0.0575271432031
0.146221397973,-0.0603359119137
0.157065203436,-0.0629048742402
0.168143804385,-0.0652340301826
0.179457200819,-0.0673233797408
0.191005392739,-0.0691729229149
0.202788380144,-0.0707826597048
0.214806163034,-0.0721525901106
0.22705874141,-0.0732827141322
0.239546115272,-0.0741730317697
0.252268284618,-0.0748235430231
0.26522524945,-0.0752342478923
0.278417009768,-0.0754051463774
0.291843565571,-0.0753362384783
0.305504916859,-0.0750275241951
0.319401063633,-0.0744790035277
0.333532005892,-0.0736906764762
0.347869118362,-0.072761151093
0.362383775769,-0.0717890354305
0.377075978113,-0.0707743294886
0.391945725393,-0.0697170332675
0.406993017611,-0.068617146767
0.422217854765,-0.0674746699872
0.437620236856,-0.0662896029282
0.453200163883,-0.0650619455898
0.468957635848,-0.0637916979721
0.484892652749,-0.0624788600751
0.501005214587,-0.0611234318987
0.517295321361,-0.0597254134431
0.533762973073,-0.0582848047082
0.550408169721,-0.0568016056939
0.567230911306,-0.0552758164004
0.584231197827,-0.0537074368275
0.601409029286,-0.0520964669753
0.618764405681,-0.0504429068438
0.636297327013,-0.048746756433
0.654007793282,-0.0470080157429
0.671782050599,-0.0452184616653
0.689506345076,-0.0433698710919
0.707180676713,-0.0414622440228
0.72480504551,-0.039495580458
0.742379451466,-0.0374698803974
0.759903894583,-0.0353851438411
0.777378374859,-0.033241370789
0.794802892295,-0.0310385612412
0.812177446891,-0.0287767151977
0.829502038647,-0.0264558326584
0.846776667563,-0.0240759136234
0.864001333639,-0.0216369580926
0.881176036874,-0.0191389660661
0.89830077727,-0.0165819375439
0.915375554825,-0.0139658725259
0.93240036954,-0.0112907710122
0.949375221415,-0.00855663300278
0.96630011045,-0.00576345849759
0.983175036645,-0.00291124749667
1.0,0.0
