  
       XFOIL         Version 6.99
  
 Calculated polar for: G05A3                                           
  
 1 1 Reynolds number fixed          Mach number fixed         
  
 xtrf =   1.000 (top)        1.000 (bottom)  
 Mach =   0.000     Re =     0.200 e 6     Ncrit =   9.000
  
   alpha    CL        CD       CDp       CM     Top_Xtr  Bot_Xtr
  ------ -------- --------- --------- -------- -------- --------
 -13.000  -1.0061   0.02206   0.01602  -0.0540   0.9714   0.2572
 -12.750  -0.9886   0.02136   0.01536  -0.0539   0.9627   0.2826
 -12.500  -0.9678   0.02098   0.01492  -0.0536   0.9543   0.3004
 -12.250  -0.9460   0.02072   0.01460  -0.0531   0.9463   0.3138
 -12.000  -0.9195   0.02042   0.01418  -0.0534   0.9393   0.3257
 -11.750  -0.8858   0.02018   0.01379  -0.0549   0.9357   0.3375
 -11.500  -0.8636   0.02010   0.01371  -0.0540   0.9273   0.3452
 -11.250  -0.8366   0.01995   0.01341  -0.0541   0.9215   0.3543
 -11.000  -0.8000   0.01974   0.01318  -0.0559   0.9183   0.3623
 -10.750  -0.7828   0.01977   0.01312  -0.0539   0.9092   0.3699
 -10.500  -0.7560   0.01958   0.01285  -0.0538   0.9034   0.3776
 -10.250  -0.7206   0.01948   0.01274  -0.0552   0.9000   0.3851
 -10.000  -0.7100   0.01949   0.01258  -0.0521   0.8911   0.3917
  -9.750  -0.6790   0.01930   0.01244  -0.0526   0.8860   0.3980
  -9.500  -0.6484   0.01922   0.01231  -0.0530   0.8818   0.4057
  -9.250  -0.6326   0.01917   0.01214  -0.0509   0.8750   0.4128
  -9.000  -0.6057   0.01915   0.01220  -0.0505   0.8693   0.4190
  -8.750  -0.5796   0.01898   0.01193  -0.0502   0.8647   0.4250
  -8.500  -0.5533   0.01870   0.01146  -0.0500   0.8610   0.4301
  -8.250  -0.5319   0.01853   0.01136  -0.0489   0.8543   0.4340
  -8.000  -0.5066   0.01839   0.01121  -0.0484   0.8491   0.4384
  -7.750  -0.4799   0.01818   0.01091  -0.0482   0.8452   0.4433
  -7.500  -0.4538   0.01799   0.01054  -0.0479   0.8417   0.4485
  -7.250  -0.4329   0.01785   0.01048  -0.0467   0.8357   0.4525
  -7.000  -0.4087   0.01775   0.01039  -0.0460   0.8305   0.4570
  -6.750  -0.3826   0.01759   0.01016  -0.0457   0.8266   0.4620
  -6.500  -0.3561   0.01744   0.00986  -0.0455   0.8233   0.4673
  -6.250  -0.3311   0.01732   0.00982  -0.0450   0.8187   0.4717
  -6.000  -0.3107   0.01730   0.00982  -0.0437   0.8131   0.4764
  -5.750  -0.2861   0.01720   0.00967  -0.0431   0.8089   0.4816
  -5.500  -0.2591   0.01705   0.00944  -0.0429   0.8056   0.4869
  -5.250  -0.2262   0.01689   0.00931  -0.0439   0.8028   0.4921
  -5.000  -0.2108   0.01699   0.00945  -0.0417   0.7968   0.4971
  -4.750  -0.1901   0.01698   0.00939  -0.0404   0.7919   0.5028
  -4.500  -0.1623   0.01685   0.00927  -0.0404   0.7883   0.5080
  -4.250  -0.1321   0.01674   0.00919  -0.0408   0.7853   0.5139
  -4.000  -0.1053   0.01674   0.00914  -0.0406   0.7820   0.5207
  -3.750  -0.0912   0.01684   0.00931  -0.0382   0.7757   0.5263
  -3.500  -0.0669   0.01684   0.00937  -0.0376   0.7715   0.5322
  -3.250  -0.0396   0.01679   0.00929  -0.0375   0.7680   0.5399
  -3.000  -0.0084   0.01668   0.00921  -0.0381   0.7652   0.5472
  -2.750   0.0124   0.01680   0.00939  -0.0368   0.7607   0.5545
  -2.500   0.0272   0.01697   0.00959  -0.0346   0.7550   0.5625
  -2.250   0.0530   0.01697   0.00969  -0.0342   0.7510   0.5702
  -2.000   0.0816   0.01692   0.00961  -0.0343   0.7477   0.5807
  -1.750   0.1145   0.01685   0.00963  -0.0351   0.7450   0.5898
  -1.500   0.1249   0.01718   0.01001  -0.0321   0.7392   0.6001
  -1.250   0.1445   0.01732   0.01027  -0.0306   0.7339   0.6090
  -1.000   0.1714   0.01731   0.01029  -0.0303   0.7301   0.6209
  -0.750   0.2030   0.01729   0.01033  -0.0309   0.7272   0.6326
  -0.500   0.2363   0.01730   0.01037  -0.0318   0.7247   0.6442
  -0.250   0.2361   0.01776   0.01094  -0.0268   0.7163   0.6555
   0.000   0.2653   0.01764   0.01089  -0.0268   0.7114   0.6664
   0.250   0.3033   0.01732   0.01057  -0.0283   0.7075   0.6797
   0.500   0.3216   0.01741   0.01076  -0.0263   0.7007   0.6908
   0.750   0.3414   0.01744   0.01086  -0.0247   0.6943   0.7022
   1.000   0.3740   0.01727   0.01071  -0.0254   0.6901   0.7144
   1.250   0.4120   0.01708   0.01056  -0.0270   0.6868   0.7249
   1.750   0.4449   0.01722   0.01091  -0.0226   0.6731   0.7473
   2.000   0.4811   0.01697   0.01066  -0.0238   0.6690   0.7591
   2.250   0.4971   0.01707   0.01089  -0.0215   0.6622   0.7696
   2.500   0.5185   0.01698   0.01088  -0.0202   0.6553   0.7806
   2.750   0.5560   0.01667   0.01060  -0.0216   0.6504   0.7913
   3.000   0.5712   0.01668   0.01073  -0.0191   0.6426   0.8024
   3.250   0.5957   0.01647   0.01057  -0.0182   0.6352   0.8144
   3.500   0.6268   0.01609   0.01025  -0.0184   0.6268   0.8252
   3.750   0.6468   0.01569   0.00989  -0.0164   0.6156   0.8381
   4.000   0.6654   0.01544   0.00974  -0.0143   0.6041   0.8500
   4.250   0.6978   0.01507   0.00937  -0.0148   0.5938   0.8617
   4.500   0.7068   0.01501   0.00943  -0.0110   0.5814   0.8774
   4.750   0.7292   0.01492   0.00943  -0.0098   0.5680   0.8920
   5.000   0.7564   0.01489   0.00946  -0.0097   0.5522   0.9064
   5.250   0.7839   0.01496   0.00956  -0.0097   0.5331   0.9218
   5.500   0.8146   0.01516   0.00976  -0.0106   0.5100   0.9367
   5.750   0.8450   0.01551   0.01007  -0.0117   0.4803   0.9513
   6.000   0.8757   0.01607   0.01050  -0.0132   0.4423   0.9652
   6.250   0.9030   0.01694   0.01116  -0.0146   0.3979   0.9803
   6.500   0.9315   0.01817   0.01213  -0.0170   0.3504   0.9966
   6.750   0.9156   0.01863   0.01243  -0.0109   0.3321   1.0000
   7.000   0.9031   0.01934   0.01298  -0.0050   0.3134   1.0000
   7.250   0.8965   0.02023   0.01373  -0.0002   0.2926   1.0000
   7.500   0.8926   0.02123   0.01462   0.0038   0.2701   1.0000
   7.750   0.8888   0.02238   0.01564   0.0075   0.2472   1.0000
   8.000   0.8847   0.02370   0.01680   0.0110   0.2245   1.0000
   8.250   0.8828   0.02506   0.01804   0.0140   0.2005   1.0000
   8.500   0.8798   0.02660   0.01941   0.0168   0.1793   1.0000
   8.750   0.8782   0.02817   0.02083   0.0193   0.1621   1.0000
   9.000   0.8792   0.02968   0.02223   0.0215   0.1480   1.0000
   9.250   0.8831   0.03109   0.02357   0.0232   0.1363   1.0000
   9.500   0.8885   0.03245   0.02490   0.0248   0.1270   1.0000
   9.750   0.8925   0.03394   0.02629   0.0264   0.1196   1.0000
  10.000   0.9004   0.03523   0.02757   0.0276   0.1129   1.0000
  10.250   0.9070   0.03663   0.02891   0.0290   0.1073   1.0000
  10.500   0.9162   0.03789   0.03018   0.0299   0.1021   1.0000
  10.750   0.9246   0.03922   0.03140   0.0311   0.0977   1.0000
  11.000   0.9352   0.04045   0.03271   0.0319   0.0934   1.0000
  11.250   0.9456   0.04169   0.03391   0.0327   0.0900   1.0000
  11.500   0.9580   0.04283   0.03502   0.0335   0.0865   1.0000
  11.750   0.9680   0.04416   0.03641   0.0342   0.0831   1.0000
  12.000   0.9806   0.04530   0.03750   0.0348   0.0804   1.0000
  12.250   0.9960   0.04632   0.03848   0.0355   0.0777   1.0000
  12.500   1.0059   0.04774   0.04001   0.0360   0.0752   1.0000
  12.750   1.0175   0.04901   0.04128   0.0365   0.0728   1.0000
  13.000   1.0389   0.04968   0.04180   0.0369   0.0703   1.0000
