1.0,0.0
0.983189846911,0.00575211325503
0.966316792711,0.0113899474548
0.949380837401,0.0169135025993
0.932381980979,0.0223227786885
0.915320223447,0.0276177757225
0.898195564804,0.0327984937012
0.88100800505,0.0378649326247
0.863757544185,0.0428170924929
0.846444182209,0.0476549733058
0.829067919123,0.0523785750635
0.811628754925,0.0569878977659
0.794126689617,0.061482941413
0.776561723198,0.0658637060049
0.758933855668,0.0701301915415
0.741243087027,0.0742823980229
0.723489417275,0.078320325449
0.705672846413,0.0822439738198
0.687793374439,0.0860533431354
0.669851001355,0.0897484333957
0.65184572716,0.0933292446007
0.633923513212,0.0967604868943
0.616230320869,0.10000687042
0.598766150131,0.103068395178
0.581531000997,0.105945061169
0.564524873469,0.108636868392
0.547747767545,0.111143816847
0.531199683226,0.113465906535
0.514880620512,0.115603137455
0.498790579403,0.117555509607
0.482929559899,0.119323022992
0.467297562,0.120905677609
0.451894585705,0.122303473458
0.436720631016,0.123516410539
0.421775697931,0.124544488853
0.407059786451,0.1253877084
0.392572896576,0.126046069178
0.378315028306,0.126519571189
0.364286181641,0.126808214432
0.350486356581,0.126911998908
0.336915553125,0.126830924616
0.323542727005,0.126586817062
0.310336833951,0.126201501752
0.297297873964,0.125674978687
0.284425847042,0.125007247865
0.271720753187,0.124198309288
0.259182592398,0.123248162955
0.246811364675,0.122156808866
0.234607070018,0.120924247021
0.222569708428,0.11955047742
0.210699279903,0.118035500063
0.198995784445,0.11637931495
0.187459222053,0.114581922082
0.176089592727,0.112643321457
0.164886896467,0.110563513077
0.153851133273,0.108342496941
0.142982303146,0.105980273049
0.132280406084,0.103476841401
0.121745442089,0.100832201997
0.11137741116,0.0980463548378
0.101176313297,0.0951192999223
0.0913116227509,0.0921061901126
0.0819528137709,0.0890621782703
0.0730998863574,0.0859872643955
0.0647528405103,0.0828814484881
0.0569116762298,0.0797447305482
0.0495763935157,0.0765771105758
0.0427469923682,0.0733785885708
0.0364234727871,0.0701491645332
0.0306058347725,0.0668888384631
0.0252940783244,0.0635976103605
0.0204882034427,0.0602754802253
0.0161882101276,0.0569224480575
0.0123940983789,0.0535385138572
0.00910586819677,0.0501236776244
0.00632351958109,0.046677939359
0.0040470525319,0.0432012990611
0.00227646704919,0.0396937567306
0.00101176313297,0.0361553123676
0.000252940783244,0.032585965972
0.0,0.0289857175439
0.000247455499381,0.0253683304369
0.000989821997526,0.0217475680046
0.00222709949443,0.0181234302469
0.0039592879901,0.014495917164
0.00618638748454,0.0108650287558
0.00890839797773,0.00723076502225
0.0121253194697,0.00359312596343
0.0158371519604,-4.78884206936e-05
0.0200438954499,-0.00369227813011
0.0247455499381,-0.00734004316483
0.0299421154252,-0.0109911835248
0.0356335919109,-0.0146456992102
0.0418199793955,-0.0183035902208
0.0485012778788,-0.0219648565567
0.0556774873608,-0.0256294982179
0.0633486078417,-0.0292975152044
0.0715146393212,-0.0329689075162
0.0801755817996,-0.0366436751533
0.0893314352767,-0.0403218181157
0.0989821997526,-0.0440033364034
0.109000377564,-0.047573343906
0.119258471048,-0.0509169545132
0.129756480203,-0.0540341682249
0.140494405031,-0.0569249850412
0.151472245531,-0.0595894049621
0.162690001704,-0.0620274279876
0.174147673548,-0.0642390541176
0.185845261065,-0.0662242833521
0.197782764254,-0.0679831156913
0.209960183116,-0.069515551135
0.222377517649,-0.0708215896832
0.235034767855,-0.071901231336
0.247931933732,-0.0727544760934
0.261069015282,-0.0733813239554
0.274446012505,-0.0737817749219
0.288062925399,-0.073955828993
0.301919753966,-0.0739034861686
0.316016498205,-0.0736247464488
0.330353158116,-0.0731196098336
0.344929733699,-0.0723880763229
0.359652018116,-0.0715136150095
0.374425804527,-0.070579694986
0.389251092933,-0.0695863162524
0.404127883334,-0.0685334788087
0.41905617573,-0.067421182655
0.43403597012,-0.0662494277912
0.449067266505,-0.0650182142174
0.464150064885,-0.0637275419334
0.479284365259,-0.0623774109394
0.494470167628,-0.0609678212353
0.509707471992,-0.0594987728212
0.52499627835,-0.0579702656969
0.540336586703,-0.0563822998626
0.555728397051,-0.0547348753182
0.571171709394,-0.0530279920638
0.586666523731,-0.0512616500992
0.602212840063,-0.0494358494246
0.617810658389,-0.04755059004
0.633459978711,-0.0456058719452
0.649160801027,-0.0436016951404
0.664978143672,-0.0415604800507
0.680977024981,-0.0395046471012
0.697157444953,-0.0374341962921
0.713519403589,-0.0353491276232
0.730062900888,-0.0332494410946
0.746787936851,-0.0311351367063
0.763694511477,-0.0290062144583
0.780782624767,-0.0268626743506
0.79805227672,-0.0247045163831
0.815503467337,-0.022531740556
0.833136196617,-0.0203443468691
0.850950464561,-0.0181423353225
0.868946271169,-0.0159257059162
0.88712361644,-0.0136944586502
0.905482500374,-0.0114485935244
0.924022922972,-0.00918811053898
0.942744884234,-0.00691300969381
0.961648384159,-0.00462329098892
0.980733422748,-0.00231895442432
1.0,0.0
