1.0,0.0
0.982642944961,0.00573245707982
0.965274344668,0.0113526474938
0.947894199121,0.016860571242
0.93050250832,0.0222562283244
0.913099272265,0.027539618741
0.895684490956,0.0327107424917
0.878258164393,0.0377695995766
0.860820292576,0.0427161899957
0.843370875505,0.047550513749
0.825909913181,0.0522725708365
0.808437405602,0.0568823612582
0.790953352769,0.061379885014
0.773457754682,0.0657651421041
0.755950611342,0.0700381325283
0.738431922747,0.0741988562867
0.720901688898,0.0782473133793
0.703359909796,0.082183503806
0.685806585439,0.086007427567
0.668241715829,0.0897190846621
0.650665300964,0.0933184750914
0.633184581223,0.0967699117234
0.615906796981,0.100037707426
0.59883194824,0.1031218622
0.581960034998,0.106022376045
0.565291057257,0.108739248962
0.548825015015,0.111272480949
0.532561908273,0.113622072007
0.516501737031,0.115788022136
0.50064450129,0.117770331337
0.484990201048,0.119568999608
0.469538836306,0.12118402695
0.454290407064,0.122615413364
0.439244913322,0.123863158848
0.42440235508,0.124927263404
0.409762732338,0.125807727031
0.395326045096,0.126504549728
0.381092293354,0.127017731497
0.367061477111,0.127347272337
0.353233596369,0.127493172248
0.339608651127,0.12745543123
0.326167793227,0.127253638339
0.31289217451,0.126907382633
0.299781794978,0.12641666411
0.28683665463,0.125781482772
0.274056753467,0.125001838618
0.261442091487,0.124077731648
0.248992668691,0.123009161862
0.23670848508,0.12179612926
0.224589540652,0.120438633842
0.212635835409,0.118936675608
0.20084736935,0.117290254559
0.189224142475,0.115499370693
0.177766154784,0.113564024012
0.166473406277,0.111484214514
0.155345896954,0.109259942201
0.144383626815,0.106891207072
0.133586595861,0.104378009127
0.12295480409,0.101720348366
0.112488251504,0.0989182247892
0.102186938102,0.0959716383964
0.0922237116369,0.0929385966381
0.0827714198625,0.0898771069646
0.0738300627786,0.0867871693759
0.0653996403852,0.083668783872
0.0574801526823,0.080521950453
0.0500715996699,0.0773466691187
0.043173981348,0.0741429398693
0.0367872977167,0.0709107627046
0.0309115487758,0.0676501376248
0.0255467345255,0.0643610646298
0.0206928549656,0.0610435437195
0.0163499100963,0.0576975748941
0.0125178999175,0.0543231581535
0.00919682442916,0.0509202934977
0.00638668363136,0.0474889809268
0.00408747752407,0.0440292204406
0.00229920610729,0.0405410120392
0.00102186938102,0.0370243557227
0.000255467345255,0.0334792514909
0.0,0.029905699344
0.000248562694224,0.0263146409985
0.000994250776895,0.022717018171
0.00223706424801,0.0191128308615
0.00397700310758,0.0155020790701
0.0062140673556,0.0118847627967
0.00894825699206,0.00826088204125
0.012179572017,0.00463043680387
0.0159080124303,0.000993427084512
0.0201335782321,-0.00265014711682
0.0248562694224,-0.00630028580014
0.0300760860011,-0.00995698896543
0.0357930279682,-0.0136202566127
0.0420070953238,-0.0172900887419
0.0487182880679,-0.0209664853532
0.0559266062004,-0.0246494464464
0.0636320497213,-0.0283389720215
0.0718346186307,-0.0320350620787
0.0805343129285,-0.0357377166178
0.0897311326148,-0.0394469356389
0.0994250776895,-0.043162719142
0.109486142291,-0.0467696869069
0.119784320559,-0.0501524587132
0.130319612492,-0.0533110345611
0.14109201809,-0.0562454144504
0.152101537354,-0.0589555983813
0.163348170284,-0.0614415863537
0.174831916879,-0.0637033783675
0.18655277714,-0.0657409744229
0.198510751067,-0.0675543745198
0.210705838659,-0.0691435786583
0.223138039917,-0.0705085868382
0.23580735484,-0.0716493990596
0.248713783429,-0.0725660153226
0.261857325684,-0.073258435627
0.275237981604,-0.073726659973
0.28885575119,-0.0739706883604
0.302710634441,-0.0739905207894
0.316802631358,-0.0737861572599
0.331131741941,-0.0733575977719
0.345697966189,-0.0727048423254
0.360405454793,-0.0719083788404
0.375158358441,-0.071048695237
0.389956677133,-0.070125791515
0.404800410871,-0.0691396676746
0.419689559653,-0.0680903237158
0.43462412348,-0.0669777596385
0.449604102351,-0.0658019754426
0.464629496267,-0.0645629711284
0.479700305228,-0.0632607466956
0.494816529233,-0.0618953021444
0.509978168284,-0.0604666374747
0.525185222378,-0.0589747526866
0.540437691518,-0.0574196477799
0.555735575702,-0.0558013227548
0.571078874931,-0.0541197776113
0.586467589205,-0.0523750123492
0.601901718523,-0.0505670269687
0.617381262886,-0.0486958214697
0.632906222294,-0.0467613958522
0.648476596746,-0.0447637501163
0.66416883313,-0.0427240477356
0.680059378333,-0.0406634521839
0.696148232354,-0.038581963461
0.712435395195,-0.0364795815671
0.728920866854,-0.0343563065022
0.745604647332,-0.0322121382662
0.762486736629,-0.0300470768591
0.779567134745,-0.0278611222809
0.796845841679,-0.0256542745317
0.814322857433,-0.0234265336114
0.831998182005,-0.0211778995201
0.849871815396,-0.0189083722577
0.867943757605,-0.0166179518242
0.886214008634,-0.0143066382196
0.904682568481,-0.011974431444
0.923349437147,-0.00962133149735
0.942214614632,-0.00724733837961
0.961278100936,-0.0048524520908
0.980539896059,-0.00243667263093
1.0,0.0
