1.0,0.0
0.982919238691,0.00566584112758
0.965820739052,0.0112225025259
0.948704501084,0.0166699841949
0.931570524787,0.0220082861347
0.91441881016,0.0272374083453
0.897249357204,0.0323573508265
0.880062165919,0.0373681135785
0.862857236305,0.0422696966012
0.845634568361,0.0470620998947
0.828394162088,0.0517453234589
0.811136017485,0.0563193672938
0.793860134554,0.0607842313995
0.776566513292,0.0651399157759
0.759255153702,0.069386420423
0.741926055782,0.0735237453409
0.724579219533,0.0775518905295
0.707214644955,0.0814708559888
0.689832332047,0.0852806417189
0.672432280811,0.0889812477197
0.655014491244,0.0925726739913
0.637664537422,0.0960155067742
0.620467993419,0.0992703323093
0.603424859233,0.102337150597
0.586535134866,0.105215961636
0.569798820317,0.107906765427
0.553215915585,0.110409561971
0.536786420673,0.112724351267
0.520510335578,0.114851133315
0.504387660301,0.116789908115
0.488418394842,0.118540675667
0.472602539202,0.120103435971
0.45694009338,0.121478189027
0.441431057376,0.122664934836
0.42607543119,0.123663673397
0.410873214822,0.124474404709
0.395824408272,0.125097128774
0.380929011541,0.125531845591
0.366187024627,0.12577855516
0.351598447532,0.125837257482
0.337163280255,0.125707952555
0.322921806126,0.125417789863
0.308914308473,0.124993918887
0.295140787297,0.124436339629
0.281601242599,0.123745052087
0.268295674377,0.122920056261
0.255224082632,0.121961352153
0.242386467365,0.120868939761
0.229782828574,0.119642819086
0.21741316626,0.118282990127
0.205277480423,0.116789452885
0.193375771063,0.11516220736
0.18170803818,0.113401253552
0.170274281774,0.11150659146
0.159074501845,0.109478221086
0.148108698393,0.107316142427
0.137376871418,0.105020355486
0.12687902092,0.102590860261
0.116615146899,0.100027656753
0.106585249355,0.0973307449619
0.0967893282875,0.0945001248873
0.0873523687795,0.0915860461265
0.0783993559129,0.0886387582763
0.0699302896877,0.0856582613368
0.061945170104,0.0826445553079
0.0544439971617,0.0795976401898
0.0474267708609,0.0765175159824
0.0408934912015,0.0734041826856
0.0348441581835,0.0702576402996
0.029278771807,0.0670778888242
0.0241973320719,0.0638649282595
0.0195998389782,0.0606187586055
0.015486292526,0.0573393798622
0.0118566927152,0.0540267920296
0.00871103954587,0.0506809951076
0.00604933301797,0.0473019890964
0.0038715731315,0.0438897739958
0.00217775988647,0.0404443498059
0.000967893282875,0.0369657165268
0.000241973320719,0.0334538741583
0.0,0.0299088227004
0.000247853678727,0.0263403362202
0.000991414714908,0.0227581887843
0.00223068310854,0.0191623803929
0.00396565885963,0.0155529110459
0.00619634196817,0.0119297807433
0.00892273243417,0.0082929894851
0.0121448302576,0.00464253727132
0.0158626354385,0.00097842410195
0.0200761479769,-0.002699350023
0.0247853678727,-0.00639078510354
0.029990295126,-0.0100958811397
0.0356909297367,-0.0138146381314
0.0418872717048,-0.0175470560787
0.0485793210305,-0.0212931349816
0.0557670777136,-0.02505287484
0.0634505417541,-0.0288262756541
0.0716297131521,-0.0326133374238
0.0803045919075,-0.036414060149
0.0894751780204,-0.0402284438298
0.0991414714908,-0.0440564884662
0.109175549576,-0.0477728945257
0.119449489534,-0.0512523624756
0.129963291365,-0.0544948923161
0.140716955069,-0.0575004840471
0.151710480645,-0.0602691376686
0.162943868095,-0.0628008531806
0.174417117417,-0.0650956305831
0.186130228611,-0.0671534698761
0.198083201679,-0.0689743710596
0.210276036619,-0.0705583341336
0.222708733432,-0.0719053590982
0.235381292117,-0.0730154459532
0.248293712676,-0.0738885946988
0.261445995107,-0.0745248053348
0.274838139411,-0.0749240778614
0.288470145587,-0.0750864122784
0.302342013637,-0.075011808586
0.316453743559,-0.0747002667841
0.330805335354,-0.0741517868727
0.345396789021,-0.0733663688518
0.360133716701,-0.0724338017718
0.374921730531,-0.0714438746829
0.389760830513,-0.0703965875852
0.404651016646,-0.0692919404787
0.41959228893,-0.0681299333634
0.434584647365,-0.0669105662392
0.449628091951,-0.0656338391063
0.464722622689,-0.0642997519645
0.479868239577,-0.0629083048139
0.495064942617,-0.0614594976545
0.510312731807,-0.0599533304863
0.525611607149,-0.0583898033092
0.540961568642,-0.0567689161234
0.556362616286,-0.0550906689287
0.571814750081,-0.0533550617252
0.587317970028,-0.0515620945129
0.602872276125,-0.0497117672917
0.618477668374,-0.0478040800618
0.634134146773,-0.045839032823
0.649841711324,-0.0438166255754
0.665663559291,-0.0417585511221
0.681662887938,-0.0396865022661
0.697839697266,-0.0376004790074
0.714193987275,-0.035500481346
0.730725757965,-0.033386509282
0.747435009335,-0.0312585628153
0.764321741386,-0.0291166419459
0.781385954118,-0.0269607466738
0.798627647531,-0.024790876999
0.816046821624,-0.0226070329216
0.833643476399,-0.0204092144415
0.851417611854,-0.0181974215587
0.869369227989,-0.0159716542732
0.887498324806,-0.0137319125851
0.905804902303,-0.0114781964943
0.924288960481,-0.00921050600078
0.942950499339,-0.0069288411046
0.961789518879,-0.00463320180574
0.980806019099,-0.00232358810421
1.0,0.0
