  
       XFOIL         Version 6.99
  
 Calculated polar for: G87A9                                           
  
 1 1 Reynolds number fixed          Mach number fixed         
  
 xtrf =   1.000 (top)        1.000 (bottom)  
 Mach =   0.000     Re =     0.200 e 6     Ncrit =   9.000
  
   alpha    CL        CD       CDp       CM     Top_Xtr  Bot_Xtr
  ------ -------- --------- --------- -------- -------- --------
 -13.000  -1.2058   0.03204   0.02460  -0.0226   1.0000   0.1113
 -12.750  -1.2039   0.03137   0.02389  -0.0184   1.0000   0.1159
 -12.500  -1.2022   0.03065   0.02313  -0.0141   1.0000   0.1214
 -12.250  -1.2004   0.03011   0.02258  -0.0097   1.0000   0.1269
 -12.000  -1.1976   0.02954   0.02194  -0.0054   1.0000   0.1330
 -11.750  -1.1953   0.02912   0.02151  -0.0009   1.0000   0.1386
 -11.500  -1.1924   0.02868   0.02099   0.0037   1.0000   0.1453
 -11.250  -1.1890   0.02833   0.02065   0.0081   1.0000   0.1506
 -11.000  -1.1874   0.02813   0.02026   0.0132   1.0000   0.1568
 -10.750  -1.1809   0.02774   0.01997   0.0171   1.0000   0.1621
 -10.500  -1.1783   0.02757   0.01972   0.0220   1.0000   0.1676
 -10.250  -1.1731   0.02729   0.01934   0.0263   1.0000   0.1727
 -10.000  -1.1661   0.02705   0.01915   0.0303   1.0000   0.1774
  -9.750  -1.1585   0.02687   0.01889   0.0343   1.0000   0.1823
  -9.500  -1.1498   0.02664   0.01852   0.0380   1.0000   0.1872
  -9.250  -1.1359   0.02633   0.01830   0.0406   1.0000   0.1920
  -9.000  -1.1241   0.02614   0.01807   0.0438   1.0000   0.1968
  -8.750  -1.1148   0.02601   0.01778   0.0474   1.0000   0.2015
  -8.500  -1.0952   0.02558   0.01742   0.0488   1.0000   0.2060
  -8.250  -1.0784   0.02546   0.01731   0.0509   0.9996   0.2105
  -8.000  -1.0577   0.02555   0.01733   0.0523   0.9982   0.2156
  -7.750  -1.0263   0.02586   0.01757   0.0514   0.9949   0.2210
  -7.500  -0.9988   0.02602   0.01780   0.0513   0.9927   0.2263
  -7.250  -0.9643   0.02630   0.01803   0.0499   0.9857   0.2327
  -6.750  -0.8531   0.02682   0.01857   0.0389   0.9544   0.2494
  -6.500  -0.8085   0.02664   0.01837   0.0356   0.9442   0.2577
  -6.250  -0.7602   0.02655   0.01834   0.0317   0.9375   0.2656
  -6.000  -0.7293   0.02613   0.01785   0.0313   0.9279   0.2722
  -5.750  -0.6698   0.02582   0.01766   0.0250   0.9236   0.2813
  -5.500  -0.6408   0.02522   0.01705   0.0250   0.9133   0.2889
  -5.250  -0.5942   0.02463   0.01652   0.0215   0.9062   0.2976
  -5.000  -0.5479   0.02403   0.01595   0.0182   0.8981   0.3084
  -4.750  -0.5094   0.02326   0.01526   0.0164   0.8884   0.3186
  -4.500  -0.4557   0.02245   0.01444   0.0119   0.8814   0.3328
  -4.250  -0.4235   0.02145   0.01358   0.0115   0.8673   0.3438
  -3.750  -0.3988   0.01989   0.01214   0.0190   0.8093   0.3627
  -3.500  -0.2148   0.01622   0.00783  -0.0100   0.6366   0.4013
  -3.250  -0.1801   0.01635   0.00754  -0.0114   0.5803   0.4171
  -3.000  -0.1530   0.01633   0.00745  -0.0114   0.5548   0.4322
  -2.750  -0.1263   0.01631   0.00735  -0.0112   0.5382   0.4486
  -2.500  -0.1018   0.01623   0.00728  -0.0106   0.5257   0.4666
  -2.250  -0.0745   0.01615   0.00720  -0.0106   0.5153   0.4882
  -2.000  -0.0511   0.01597   0.00714  -0.0098   0.5073   0.5134
  -1.750  -0.0257   0.01579   0.00707  -0.0093   0.5000   0.5478
  -1.500   0.0041   0.01543   0.00701  -0.0099   0.4937   0.6096
  -1.250   0.2265   0.01807   0.01041  -0.0484   0.4768   0.8434
  -1.000   0.2550   0.01881   0.01106  -0.0479   0.4720   0.8711
  -0.750   0.2930   0.01960   0.01181  -0.0494   0.4669   0.8881
  -0.500   0.3323   0.02038   0.01252  -0.0512   0.4617   0.9031
  -0.250   0.4093   0.02123   0.01320  -0.0610   0.4552   0.9093
   0.000   0.4583   0.02193   0.01382  -0.0651   0.4503   0.9210
   0.250   0.5189   0.02231   0.01418  -0.0717   0.4452   0.9269
   0.500   0.5610   0.02275   0.01458  -0.0747   0.4407   0.9372
   0.750   0.6261   0.02298   0.01470  -0.0825   0.4354   0.9431
   1.000   0.6840   0.02359   0.01518  -0.0891   0.4306   0.9521
   1.250   0.7366   0.02350   0.01514  -0.0944   0.4266   0.9589
   1.500   0.7817   0.02365   0.01529  -0.0983   0.4224   0.9683
   1.750   0.8329   0.02363   0.01524  -0.1035   0.4180   0.9759
   2.000   0.8965   0.02352   0.01505  -0.1115   0.4134   0.9849
   2.250   0.9861   0.02332   0.01479  -0.1252   0.4082   0.9976
   2.500   1.0149   0.02323   0.01478  -0.1259   0.4053   1.0000
   2.750   1.0342   0.02341   0.01500  -0.1247   0.4021   1.0000
   3.000   1.0560   0.02361   0.01522  -0.1239   0.3989   1.0000
   3.250   1.0799   0.02383   0.01543  -0.1236   0.3956   1.0000
   3.500   1.1114   0.02416   0.01571  -0.1250   0.3924   1.0000
   3.750   1.1535   0.02484   0.01634  -0.1288   0.3888   1.0000
   4.000   1.1663   0.02500   0.01662  -0.1260   0.3867   1.0000
   4.250   1.1805   0.02522   0.01694  -0.1236   0.3838   1.0000
   4.500   1.1951   0.02544   0.01724  -0.1213   0.3806   1.0000
   4.750   1.2120   0.02566   0.01750  -0.1194   0.3773   1.0000
   5.000   1.2339   0.02595   0.01781  -0.1186   0.3746   1.0000
   5.250   1.2607   0.02633   0.01818  -0.1189   0.3720   1.0000
   5.500   1.2998   0.02713   0.01893  -0.1221   0.3687   1.0000
   5.750   1.3017   0.02722   0.01919  -0.1169   0.3660   1.0000
   6.000   1.3047   0.02730   0.01939  -0.1121   0.3621   1.0000
   6.250   1.3095   0.02733   0.01948  -0.1076   0.3581   1.0000
   6.500   1.3191   0.02731   0.01944  -0.1041   0.3544   1.0000
   6.750   1.3493   0.02754   0.01953  -0.1052   0.3495   1.0000
   7.000   1.3477   0.02767   0.01981  -0.0994   0.3467   1.0000
   7.250   1.3418   0.02770   0.01998  -0.0927   0.3433   1.0000
   7.500   1.3432   0.02775   0.02011  -0.0876   0.3399   1.0000
   7.750   1.3516   0.02781   0.02023  -0.0840   0.3366   1.0000
   8.000   1.3645   0.02776   0.02013  -0.0812   0.3331   1.0000
   8.250   1.3852   0.02800   0.02034  -0.0803   0.3296   1.0000
   8.500   1.3740   0.02810   0.02062  -0.0727   0.3263   1.0000
   8.750   1.3724   0.02823   0.02089  -0.0672   0.3228   1.0000
   9.000   1.3744   0.02822   0.02093  -0.0624   0.3189   1.0000
   9.250   1.3829   0.02817   0.02088  -0.0589   0.3156   1.0000
   9.500   1.3972   0.02820   0.02084  -0.0566   0.3119   1.0000
   9.750   1.3879   0.02848   0.02133  -0.0498   0.3083   1.0000
  10.000   1.3844   0.02862   0.02159  -0.0442   0.3039   1.0000
  10.250   1.3857   0.02862   0.02161  -0.0395   0.2996   1.0000
  10.500   1.3930   0.02857   0.02150  -0.0360   0.2954   1.0000
  10.750   1.3863   0.02896   0.02207  -0.0301   0.2906   1.0000
  11.000   1.3838   0.02924   0.02247  -0.0251   0.2855   1.0000
  11.250   1.3856   0.02942   0.02266  -0.0208   0.2809   1.0000
  11.500   1.3853   0.02979   0.02311  -0.0163   0.2755   1.0000
  11.750   1.3818   0.03030   0.02376  -0.0115   0.2691   1.0000
  12.000   1.3806   0.03068   0.02411  -0.0071   0.2625   1.0000
  12.250   1.3767   0.03139   0.02500  -0.0025   0.2543   1.0000
  12.500   1.3716   0.03211   0.02569   0.0022   0.2455   1.0000
  12.750   1.3641   0.03311   0.02679   0.0069   0.2330   1.0000
  13.000   1.3535   0.03441   0.02812   0.0116   0.2178   1.0000
