1.0,0.0
0.990106004188,0.00711918581032
0.979604129535,0.0139987346406
0.968494376039,0.020638646491
0.956776743702,0.0270389213613
0.944451232522,0.0331995592516
0.931517842501,0.0391205601619
0.917976573638,0.0448019240922
0.903827425933,0.0502436510426
0.889070399387,0.0554457410129
0.873705493998,0.0604081940032
0.857732709768,0.0651310100135
0.841152046695,0.0696141890439
0.823963504781,0.0738577310942
0.806167084025,0.0778616361645
0.787762784427,0.0816259042548
0.768750605987,0.0851505353651
0.749130548706,0.0884355294955
0.728902612582,0.0914808866458
0.708066797617,0.0942866068161
0.68662310381,0.0968526900064
0.665083336849,0.0992667623752
0.643959302425,0.101616450081
0.623251000536,0.103901753123
0.602958431184,0.106122671502
0.583081594367,0.108279205218
0.563620490086,0.110371354271
0.54457511834,0.11239911866
0.525945479131,0.114362498386
0.507731572457,0.116261493449
0.489933398319,0.118096103849
0.472550956718,0.119866329586
0.455584247651,0.121572170659
0.439033271121,0.123213627069
0.422898027127,0.124790698816
0.407178515668,0.1263033859
0.391874736745,0.127751688321
0.376986690358,0.129135606078
0.362514376507,0.130455139172
0.348457795192,0.131710287603
0.334816946412,0.132901051371
0.321469179562,0.133926251525
0.308291844034,0.134684709113
0.295284939828,0.135176424136
0.282448466944,0.135401396595
0.269782425383,0.135359626488
0.257286815145,0.135051113816
0.244961636228,0.134475858579
0.232806888634,0.133633860777
0.220822572362,0.13252512041
0.209008687413,0.131149637478
0.197365233786,0.12950741198
0.185892211481,0.127598443918
0.174589620499,0.125422733291
0.163457460839,0.122980280098
0.152495732501,0.12027108434
0.141704435486,0.117295146017
0.131083569793,0.11405246513
0.120633135422,0.110543041677
0.110353132374,0.106766875659
0.100243560648,0.102723967075
0.0904698134849,0.098561538331
0.0811972841249,0.0944268118291
0.0724259725682,0.0903197875698
0.0641558788148,0.086240465553
0.0563870028645,0.0821888457788
0.0491193447175,0.0781649282471
0.0423529043738,0.074168712958
0.0360876818333,0.0702001999115
0.030323677096,0.0662593891075
0.025060890162,0.062346280546
0.0202993210312,0.0584608742271
0.0160389697037,0.0546031701508
0.0122798361794,0.050773168317
0.00902192045833,0.0469708687257
0.0062652225405,0.043196271377
0.00400974242592,0.0394493762709
0.00225548011458,0.0357301834073
0.00100243560648,0.0320386927862
0.00025060890162,0.0283749044077
0.0,0.0247388182718
0.000208807008644,0.021135044326
0.000835228034575,0.0175681925179
0.00187926307779,0.0140382628475
0.0033409121383,0.0105452553148
0.00522017521609,0.00708916991986
0.00751705231118,0.00367000666261
0.0102315434235,0.000287765543078
0.0133636485532,-0.00305755343874
0.0169133677001,-0.00636595028285
0.0208807008644,-0.00963742498925
0.0252656480459,-0.0128719775579
0.0300682092447,-0.0160696079889
0.0352883844608,-0.0192303162822
0.0409261736942,-0.0223541024377
0.0469815769448,-0.0254409664555
0.0534545942128,-0.0284909083356
0.060345225498,-0.0315039280781
0.0676534708006,-0.0344800256827
0.0753793301204,-0.0374192011497
0.0835228034575,-0.040321454479
0.0921278671863,-0.0431243383934
0.101238497681,-0.045765405616
0.110854694942,-0.0482446561467
0.120976458969,-0.0505620899854
0.131603789761,-0.0527177071323
0.14273668732,-0.0547115075872
0.154375151645,-0.0565434913503
0.166519182736,-0.0582136584214
0.179168780592,-0.0597220088007
0.192323945215,-0.061068542488
0.205984676604,-0.0622532594834
0.220150974759,-0.063276159787
0.234822839679,-0.0641372433986
0.250000271366,-0.0648365103183
0.265683269819,-0.0653739605462
0.281871835038,-0.0657495940821
0.298565967023,-0.0659634109261
0.315765665773,-0.0660154110783
0.33347093129,-0.0659055945385
0.351681763573,-0.0656339613068
0.370101005629,-0.0652627656368
0.388431500466,-0.064854261782
0.406673248084,-0.0644084497423
0.424826248482,-0.0639253295179
0.442890501662,-0.0634049011087
0.460866007622,-0.0628471645147
0.478752766363,-0.0622521197359
0.496550777884,-0.0616197667723
0.514260042187,-0.0609501056239
0.53188055927,-0.0602431362907
0.549412329134,-0.0594988587727
0.566855351779,-0.0587172730699
0.584209627204,-0.0578983791823
0.601475155411,-0.0570421771099
0.618651936398,-0.0561486668527
0.635739970166,-0.0552178484107
0.652739256714,-0.0542497217839
0.669649796044,-0.0532442869723
0.686471588154,-0.0522015439759
0.703204633045,-0.0511214927947
0.71980085918,-0.0499499190528
0.736212195021,-0.0486326083743
0.752438640569,-0.0471695607592
0.768480195824,-0.0455607762075
0.784336860785,-0.0438062547191
0.800008635453,-0.0419059962941
0.815495519827,-0.0398600009326
0.830797513909,-0.0376682686344
0.845914617696,-0.0353307993995
0.860846831191,-0.0328475932281
0.875594154392,-0.0302186501201
0.8901565873,-0.0274439700754
0.904534129914,-0.0245235530941
0.918726782235,-0.0214573991763
0.932734544263,-0.0182455083217
0.946557415997,-0.0148878805306
0.960195397438,-0.0113845158029
0.973648488585,-0.00773541413854
0.986916689439,-0.00394057553758
1.0,0.0
