1.0,0.0
0.989752725206,0.00700631776553
0.978933270271,0.0137801269505
0.967541635196,0.0203214275548
0.955577819981,0.0266302195786
0.943041824626,0.0327065030217
0.92993364913,0.0385502778843
0.916253293494,0.0441615441662
0.902000757718,0.0495403018676
0.887176041801,0.0546865509884
0.871779145744,0.0596002915285
0.855810069547,0.0642815234881
0.83926881321,0.0687302468671
0.822155376732,0.0729464616655
0.804469760114,0.0769301678833
0.786211963356,0.0806813655204
0.767381986457,0.084200054577
0.747979829418,0.087486235053
0.728005492239,0.0905399069484
0.70745897492,0.0933610702632
0.68634027746,0.0959497249975
0.665133551122,0.0983897248877
0.644322947169,0.10076492367
0.623908465601,0.103075321346
0.603890106418,0.105320917914
0.584267869619,0.107501713374
0.565041755204,0.109617707727
0.546211763175,0.111668900973
0.52777789353,0.113655293111
0.50974014627,0.115576884142
0.492098521394,0.117433674065
0.474853018903,0.119225662881
0.458003638797,0.12095285059
0.441550381075,0.122615237191
0.425493245738,0.124212822685
0.409832232786,0.125745607071
0.394567342218,0.12721359035
0.379698574035,0.128616772521
0.365225928237,0.129955153585
0.351149404823,0.131228733541
0.337469003794,0.132437512391
0.324070415447,0.133479670116
0.310839330077,0.134253386702
0.297775747686,0.134758662148
0.284879668274,0.134995496455
0.272151091839,0.134963889622
0.259590018383,0.134663841649
0.247196447905,0.134095352537
0.234970380405,0.133258422285
0.222911815884,0.132153050893
0.211020754341,0.130779238361
0.199297195776,0.12913698469
0.187741140189,0.12722628988
0.176352587581,0.125047153929
0.165131537951,0.122599576839
0.154077991299,0.119883558609
0.143191947625,0.11689909924
0.13247340693,0.113646198731
0.121922369213,0.110124857082
0.111538834474,0.106335074294
0.101322802714,0.102276850366
0.0914438294491,0.0981004346227
0.0820714701981,0.093956076389
0.0732057249606,0.0898437756648
0.0648465937367,0.08576353245
0.0569940765264,0.0817153467446
0.0496481733297,0.0776992185487
0.0428088841465,0.0737151478623
0.0364762089769,0.0697631346852
0.0306501478209,0.0658431790177
0.0253307006784,0.0619552808595
0.0205178675495,0.0580994402109
0.0162116484342,0.0542756570716
0.0124120433324,0.0504839314418
0.00911905224423,0.0467242633215
0.0063326751696,0.0429966527106
0.00405291210855,0.0393010996092
0.00227976306106,0.0356376040172
0.00101322802714,0.0320061659346
0.000253307006784,0.0284067853615
0.0,0.0248394622978
0.000199091647935,0.0213028371009
0.000796366591741,0.0177955501279
0.00179182483142,0.0143176013788
0.00318546636696,0.0108689908537
0.00497729119838,0.00744971855258
0.00716729932567,0.00405978447538
0.00975549074883,0.000699188622144
0.0127418654679,-0.00263206900714
0.0161264234828,-0.00593398841248
0.0199091647935,-0.00920656959386
0.0240900894002,-0.0124498125513
0.0286691973027,-0.0156637172848
0.0336464885011,-0.0188482837943
0.0390219629953,-0.0220035120798
0.0447956207854,-0.0251294021415
0.0509674618714,-0.0282259539791
0.0575374862533,-0.0312931675928
0.064505693931,-0.0343310429826
0.0718720849046,-0.0373395801484
0.0796366591741,-0.0403187790902
0.087872530737,-0.0431976664411
0.096652813591,-0.045905268834
0.105977507736,-0.0484415862689
0.115846613172,-0.0508066187457
0.126260129899,-0.0530003662646
0.137218057917,-0.0550228288255
0.148720397227,-0.0568740064284
0.160767147827,-0.0585538990732
0.173358309718,-0.0600625067601
0.1864938829,-0.061399829489
0.200173867374,-0.0625658672599
0.214398263138,-0.0635606200727
0.229167070194,-0.0643840879276
0.24448028854,-0.0650362708245
0.260337918178,-0.0655171687634
0.276739959106,-0.0658267817443
0.293686411326,-0.0659651097671
0.311177274837,-0.065932152832
0.329212549638,-0.0657279109389
0.347792235731,-0.0653523840878
0.366584284517,-0.0648806652869
0.385256647399,-0.0643878475447
0.403809324376,-0.0638739308609
0.422242315449,-0.0633389152358
0.440555620618,-0.0627828006692
0.458749239882,-0.0622055871611
0.476823173242,-0.0616072747117
0.494777420698,-0.0609878633207
0.512611982249,-0.0603473529884
0.530326857896,-0.0596857437146
0.547922047639,-0.0590030354994
0.565397551477,-0.0582992283427
0.582753369411,-0.0575743222446
0.59998950144,-0.056828317205
0.617105947565,-0.056061213224
0.634102707786,-0.0552730103016
0.650979782102,-0.0544637084377
0.667737170514,-0.0536333076324
0.684374873022,-0.0527818078857
0.700892889625,-0.0519092091975
0.71727592237,-0.0509404454235
0.733508673301,-0.0498004504195
0.749591142419,-0.0484892241853
0.765523329724,-0.0470067667211
0.781305235216,-0.0453530780267
0.796936858894,-0.0435281581023
0.812418200759,-0.0415320069478
0.827749260811,-0.0393646245631
0.842930039049,-0.0370260109484
0.857960535475,-0.0345161661036
0.872840750087,-0.0318350900286
0.887570682886,-0.0289827827236
0.902150333871,-0.0259592441885
0.916579703044,-0.0227644744233
0.930858790403,-0.019398473428
0.944987595949,-0.0158612412026
0.958966119681,-0.0121527777471
0.972794361601,-0.00827308306148
0.986472321707,-0.00422215714579
1.0,0.0
