1.0,0.0
0.989010917453,0.00699298326463
0.97751005954,0.0137582318175
0.965497426261,0.0202957456585
0.952973017615,0.0266055247877
0.939936833603,0.032687569205
0.926388874224,0.0385418789106
0.912329139479,0.0441684539044
0.897757629368,0.0495672941863
0.88267434389,0.0547383997565
0.867079283045,0.0596817706148
0.850972446835,0.0643974067613
0.834353835257,0.068885308196
0.817223448314,0.0731454749189
0.799581286004,0.07717790693
0.781427348327,0.0809826042293
0.762761635284,0.0845595668167
0.743584146875,0.0879087946924
0.723894883099,0.0910302878562
0.703693843957,0.0939240463082
0.682981029449,0.0965900700484
0.662196472137,0.0991040359323
0.641780204584,0.101541620815
0.62173222679,0.103902824698
0.602052538756,0.106187647579
0.582741140481,0.108396089459
0.563798031965,0.110528150339
0.545223213209,0.112583830218
0.527016684212,0.114563129096
0.509178444974,0.116466046973
0.491708495495,0.118292583849
0.474606835776,0.120042739725
0.457873465816,0.121716514599
0.441508385615,0.123313908473
0.425511595173,0.124834921346
0.409883094491,0.126279553218
0.394622883568,0.127647804089
0.379730962404,0.128939673959
0.365207331,0.130155162829
0.351051989355,0.131294270698
0.337264937469,0.132356997565
0.323750558304,0.133256217835
0.31041323482,0.13390480591
0.297252967018,0.134302761789
0.284269754898,0.134450085474
0.27146359846,0.134346776963
0.258834497704,0.133992836256
0.246382452629,0.133388263355
0.234107463237,0.132533058259
0.222009529526,0.131427220967
0.210088651496,0.13007075148
0.198344829149,0.128463649798
0.186778062483,0.126605915921
0.1753883515,0.124497549849
0.164175696198,0.122138551581
0.153140096577,0.119528921118
0.142281552639,0.116668658461
0.131600064382,0.113557763607
0.121095631808,0.110196236559
0.110768254915,0.106584077316
0.100617933703,0.102721285877
0.0908076851673,0.0987391784814
0.0815005262997,0.0947690713665
0.0726964571007,0.0908109645324
0.0643954775702,0.0868648579793
0.0565975877081,0.082930751707
0.0493027875147,0.0790086457155
0.0425110769897,0.075098540005
0.0362224561332,0.0712004345753
0.0304369249453,0.0673143294264
0.0251544834258,0.0634402245585
0.0203751315749,0.0595781199714
0.0160988693925,0.0557280156652
0.0123256968787,0.0518899116398
0.0090556140333,0.0480638078953
0.00628862085646,0.0442497044317
0.00402471734813,0.040447601249
0.00226390350833,0.0366574983471
0.00100617933703,0.0328793957261
0.000251544834258,0.0291132933859
0.0,0.0253591913267
0.000194982123138,0.0216347033601
0.000779928492551,0.017957443298
0.00175483910824,0.0143274111405
0.0031197139702,0.0107446068875
0.00487455307844,0.00720903053909
0.00701935643295,0.00372068209517
0.00955412403374,0.000279561555778
0.0124788558808,-0.00311433107908
0.0157935519741,-0.00646099580941
0.0194982123138,-0.00976043263521
0.0235928368997,-0.0130126415565
0.0280774257318,-0.0162176225732
0.0329519788103,-0.0193753756854
0.038216496135,-0.0224859008931
0.043870977706,-0.0255491981962
0.0499154235232,-0.0285652675949
0.0563498335868,-0.0315341090889
0.0631742078966,-0.0344557226785
0.0703885464527,-0.0373301083635
0.0779928492551,-0.040157266144
0.0860607581331,-0.042880612359
0.0946659149163,-0.0454435633475
0.103808319605,-0.0478461191096
0.113487972198,-0.0500882796452
0.123704872697,-0.0521700449543
0.1344590211,-0.054091415037
0.145750417409,-0.0558523898932
0.157579061623,-0.057452969523
0.169944953742,-0.0588931539263
0.182848093766,-0.0601729431031
0.196288481696,-0.0612923370534
0.21026611753,-0.0622513357773
0.22478100127,-0.0630499392748
0.239833132914,-0.0636881475457
0.255422512464,-0.0641659605903
0.271549139919,-0.0644833784083
0.288213015279,-0.0646404009999
0.305414138544,-0.064637028365
0.323152509715,-0.0644732605037
0.34142812879,-0.0641490974159
0.359956172895,-0.0637305044408
0.378451819154,-0.0632834469176
0.396915067567,-0.0628079248463
0.415345918135,-0.062303938227
0.433744370856,-0.0617714870596
0.452110425731,-0.0612105713441
0.47044408276,-0.0606211910805
0.488745341943,-0.0600033462688
0.507014203281,-0.059357036909
0.525250666772,-0.0586822630012
0.543454732417,-0.0579790245452
0.561626400217,-0.0572473215412
0.57976567017,-0.0564871539891
0.597872542278,-0.0556985218889
0.615947016539,-0.0548814252406
0.633989092955,-0.0540358640443
0.651998771524,-0.0531618382998
0.669976052248,-0.0522593480073
0.687920935125,-0.0513283931667
0.705833420157,-0.0503689737779
0.72357030841,-0.0493180822639
0.740988400951,-0.0481127110472
0.75808769778,-0.0467528601279
0.774868198898,-0.045238529506
0.791329904305,-0.0435697191815
0.807472813999,-0.0417464291544
0.823296927982,-0.0397686594246
0.838802246253,-0.0376364099923
0.853988768813,-0.0353496808573
0.868856495661,-0.0329084720197
0.883405426797,-0.0303127834795
0.897635562222,-0.0275626152367
0.911546901935,-0.0246579672912
0.925139445936,-0.0215988396432
0.938413194226,-0.0183852322925
0.951368146804,-0.0150171452393
0.964004303671,-0.0114945784834
0.976321664825,-0.00781753202486
0.988320230269,-0.00398600586374
1.0,0.0
