  
       XFOIL         Version 6.99
  
 Calculated polar for: G20A17                                          
  
 1 1 Reynolds number fixed          Mach number fixed         
  
 xtrf =   1.000 (top)        1.000 (bottom)  
 Mach =   0.000     Re =     0.200 e 6     Ncrit =   9.000
  
   alpha    CL        CD       CDp       CM     Top_Xtr  Bot_Xtr
  ------ -------- --------- --------- -------- -------- --------
 -13.000  -1.1719   0.02455   0.01838  -0.0346   0.9878   0.2051
 -12.750  -1.1524   0.02424   0.01803  -0.0343   0.9821   0.2307
 -12.500  -1.1347   0.02404   0.01776  -0.0332   0.9753   0.2453
 -12.250  -1.1086   0.02397   0.01764  -0.0335   0.9700   0.2571
 -12.000  -1.0840   0.02390   0.01746  -0.0335   0.9650   0.2668
 -11.750  -1.0632   0.02384   0.01733  -0.0325   0.9582   0.2750
 -11.500  -1.0309   0.02379   0.01719  -0.0337   0.9544   0.2834
 -11.250  -1.0104   0.02380   0.01715  -0.0325   0.9479   0.2900
 -11.000  -0.9874   0.02368   0.01688  -0.0319   0.9419   0.2973
 -10.750  -0.9509   0.02376   0.01700  -0.0336   0.9388   0.3041
 -10.500  -0.9310   0.02369   0.01680  -0.0323   0.9324   0.3100
 -10.250  -0.9076   0.02351   0.01654  -0.0317   0.9264   0.3152
 -10.000  -0.8715   0.02358   0.01665  -0.0332   0.9232   0.3214
  -9.750  -0.8360   0.02348   0.01637  -0.0348   0.9208   0.3284
  -9.500  -0.8271   0.02335   0.01622  -0.0313   0.9114   0.3324
  -9.250  -0.7929   0.02339   0.01632  -0.0324   0.9077   0.3382
  -9.000  -0.7587   0.02332   0.01610  -0.0337   0.9050   0.3456
  -8.750  -0.7187   0.02302   0.01580  -0.0360   0.9033   0.3514
  -8.250  -0.6784   0.02271   0.01543  -0.0332   0.8897   0.3592
  -8.000  -0.6428   0.02234   0.01490  -0.0347   0.8874   0.3642
  -7.750  -0.6021   0.02181   0.01432  -0.0373   0.8859   0.3686
  -7.000  -0.5234   0.02113   0.01353  -0.0364   0.8703   0.3818
  -6.750  -0.4829   0.02063   0.01296  -0.0388   0.8689   0.3868
  -6.500  -0.4377   0.02019   0.01258  -0.0421   0.8679   0.3914
  -5.750  -0.3591   0.01949   0.01172  -0.0411   0.8520   0.4058
  -5.500  -0.3135   0.01906   0.01135  -0.0445   0.8507   0.4110
  -5.250  -0.2693   0.01866   0.01092  -0.0476   0.8493   0.4169
  -4.750  -0.2322   0.01838   0.01059  -0.0440   0.8349   0.4260
  -4.500  -0.1882   0.01797   0.01021  -0.0470   0.8330   0.4318
  -4.250  -0.1450   0.01760   0.00980  -0.0499   0.8311   0.4380
  -4.000  -0.1458   0.01779   0.00993  -0.0443   0.8197   0.4418
  -3.750  -0.1044   0.01733   0.00956  -0.0469   0.8168   0.4477
  -3.500  -0.0619   0.01696   0.00920  -0.0496   0.8142   0.4542
  -3.250  -0.0484   0.01701   0.00921  -0.0468   0.8060   0.4594
  -3.000  -0.0174   0.01672   0.00897  -0.0474   0.8006   0.4649
  -2.750   0.0226   0.01638   0.00866  -0.0496   0.7971   0.4716
  -2.500   0.0659   0.01607   0.00829  -0.0526   0.7941   0.4795
  -2.250   0.0720   0.01612   0.00843  -0.0483   0.7837   0.4843
  -2.000   0.1094   0.01581   0.00816  -0.0500   0.7791   0.4916
  -1.250   0.1970   0.01526   0.00769  -0.0505   0.7599   0.5161
  -1.000   0.2214   0.01514   0.00765  -0.0498   0.7527   0.5244
  -0.750   0.2445   0.01502   0.00759  -0.0487   0.7450   0.5345
  -0.500   0.2832   0.01474   0.00736  -0.0507   0.7399   0.5468
  -0.250   0.2965   0.01476   0.00746  -0.0478   0.7308   0.5592
   0.000   0.3266   0.01456   0.00735  -0.0481   0.7241   0.5746
   0.250   0.3524   0.01444   0.00733  -0.0476   0.7169   0.5923
   0.500   0.3712   0.01434   0.00737  -0.0456   0.7082   0.6128
   0.750   0.4067   0.01414   0.00725  -0.0469   0.7022   0.6393
   1.000   0.4160   0.01415   0.00743  -0.0431   0.6922   0.6637
   1.250   0.4468   0.01400   0.00736  -0.0434   0.6852   0.6941
   1.500   0.4613   0.01399   0.00752  -0.0405   0.6758   0.7207
   1.750   0.4894   0.01389   0.00751  -0.0402   0.6677   0.7489
   2.000   0.5071   0.01390   0.00763  -0.0380   0.6585   0.7756
   2.250   0.5357   0.01385   0.00766  -0.0378   0.6496   0.8001
   2.500   0.5576   0.01390   0.00783  -0.0363   0.6397   0.8243
   2.750   0.5907   0.01391   0.00787  -0.0371   0.6302   0.8475
   3.000   0.6154   0.01404   0.00811  -0.0363   0.6192   0.8699
   3.250   0.6566   0.01416   0.00822  -0.0387   0.6088   0.8879
   3.500   0.6892   0.01435   0.00848  -0.0396   0.5962   0.9045
   3.750   0.7257   0.01459   0.00874  -0.0413   0.5836   0.9191
   4.000   0.7632   0.01482   0.00894  -0.0432   0.5714   0.9329
   4.250   0.8100   0.01512   0.00921  -0.0471   0.5564   0.9397
   4.500   0.8415   0.01541   0.00949  -0.0479   0.5397   0.9516
   4.750   0.8789   0.01571   0.00973  -0.0500   0.5200   0.9605
   5.000   0.9124   0.01602   0.01001  -0.0515   0.4997   0.9710
   5.250   0.9457   0.01633   0.01029  -0.0532   0.4789   0.9821
   5.500   0.9818   0.01665   0.01056  -0.0555   0.4572   0.9921
   5.750   1.0176   0.01695   0.01080  -0.0580   0.4363   1.0000
   6.000   1.0023   0.01700   0.01078  -0.0504   0.4268   1.0000
   6.250   0.9918   0.01713   0.01087  -0.0436   0.4157   1.0000
   6.500   0.9876   0.01735   0.01105  -0.0380   0.4043   1.0000
   6.750   0.9870   0.01766   0.01128  -0.0331   0.3924   1.0000
   7.000   0.9871   0.01801   0.01160  -0.0284   0.3794   1.0000
   7.250   0.9895   0.01841   0.01197  -0.0242   0.3664   1.0000
   7.500   0.9927   0.01887   0.01239  -0.0203   0.3533   1.0000
   7.750   0.9961   0.01941   0.01286  -0.0166   0.3403   1.0000
   8.000   0.9998   0.01999   0.01341  -0.0130   0.3262   1.0000
   8.250   1.0042   0.02061   0.01402  -0.0097   0.3118   1.0000
   8.500   1.0080   0.02132   0.01471  -0.0064   0.2967   1.0000
   8.750   1.0110   0.02213   0.01548  -0.0032   0.2805   1.0000
   9.000   1.0130   0.02306   0.01638  -0.0001   0.2624   1.0000
   9.250   1.0126   0.02419   0.01742   0.0031   0.2419   1.0000
   9.500   1.0104   0.02553   0.01866   0.0063   0.2171   1.0000
   9.750   1.0043   0.02721   0.02019   0.0095   0.1886   1.0000
  10.000   0.9958   0.02922   0.02201   0.0127   0.1596   1.0000
  10.250   0.9893   0.03128   0.02391   0.0154   0.1377   1.0000
  10.500   0.9842   0.03339   0.02589   0.0177   0.1231   1.0000
  10.750   0.9826   0.03536   0.02782   0.0196   0.1131   1.0000
  11.000   0.9818   0.03736   0.02977   0.0213   0.1060   1.0000
  11.250   0.9817   0.03937   0.03174   0.0228   0.0998   1.0000
  11.500   0.9835   0.04130   0.03367   0.0240   0.0946   1.0000
  11.750   0.9866   0.04317   0.03554   0.0251   0.0902   1.0000
  12.000   0.9892   0.04511   0.03743   0.0262   0.0864   1.0000
  12.250   0.9953   0.04684   0.03922   0.0270   0.0825   1.0000
  12.500   1.0010   0.04858   0.04092   0.0278   0.0796   1.0000
  12.750   1.0081   0.05022   0.04256   0.0286   0.0765   1.0000
  13.000   1.0160   0.05186   0.04426   0.0292   0.0738   1.0000
