1.0,0.0
0.980108109873,0.00567916342507
0.960447660777,0.0112520297917
0.941018652712,0.0167185990999
0.921821085678,0.0220788713497
0.902854959675,0.0273328465411
0.884120274703,0.032480524674
0.865617030762,0.0375219057485
0.847345227851,0.0424569897646
0.829304865972,0.0472857767222
0.811495945124,0.0520082666215
0.793918465307,0.0566244594623
0.77657242652,0.0611343552446
0.759457828765,0.0655379539686
0.74257467204,0.0698352556341
0.725922956347,0.0740262602412
0.709502681684,0.0781109677899
0.693313848053,0.0820893782801
0.677356455452,0.0859614917119
0.661630503883,0.0897273080853
0.646135993344,0.0933868274002
0.630769245636,0.0968961285267
0.615426582558,0.100211290335
0.60010800411,0.103332312824
0.584813510292,0.106259195994
0.569543101104,0.108991939846
0.554296776546,0.11153054438
0.539074536619,0.113875009595
0.523876381321,0.116025335491
0.508702310654,0.117981522068
0.493552324616,0.119743569327
0.478426423209,0.121311477268
0.463324606431,0.122685245889
0.448246874284,0.123864875193
0.433193226767,0.124850365177
0.41816366388,0.125641715843
0.403158185623,0.12623892719
0.388176791996,0.126641999219
0.373219482999,0.126850931929
0.358286258633,0.126865725321
0.343377118896,0.126686379393
0.328609441229,0.126348570381
0.314100603071,0.125887974517
0.299850604423,0.125304591802
0.285859445285,0.124598422234
0.272127125655,0.123769465815
0.258653645535,0.122817722545
0.245439004924,0.121743192422
0.232483203823,0.120545875448
0.219786242231,0.119225771622
0.207348120149,0.117782880945
0.195168837576,0.116217203416
0.183248394512,0.114528739035
0.171586790958,0.112717487803
0.160184026913,0.110783449718
0.149040102377,0.108726624783
0.138155017351,0.106547012995
0.127528771834,0.104244614356
0.117161365827,0.101819428865
0.107052799329,0.0992714565222
0.0972030723399,0.0966006973279
0.0877257727867,0.0938427031925
0.0787344885953,0.0910330260264
0.0702292197656,0.0881716658296
0.0622099662975,0.0852586226022
0.0546767281912,0.0822938963442
0.0476295054465,0.0792774870554
0.0410682980636,0.0762093947361
0.0349931060424,0.073089619386
0.0294039293828,0.0699181610053
0.024300768085,0.066695019594
0.0196836221488,0.063420195152
0.0155524915744,0.0600936876793
0.0119073763616,0.056715497176
0.00874827651059,0.0532856236421
0.00607519202124,0.0498040670775
0.00388812289359,0.0462708274822
0.00218706912765,0.0426859048563
0.000972030723399,0.0390492991997
0.00024300768085,0.0353610105125
0.0,0.0316210387946
0.000252125202739,0.0278593853654
0.00100850081096,0.0241060515443
0.00226912682465,0.0203610373312
0.00403400324382,0.0166243427262
0.00630313006848,0.0128959677292
0.0090765072986,0.00917591234031
0.0123541349342,0.00546417655946
0.0161360129753,0.00176076038666
0.0204221414219,-0.00193433617808
0.0252125202739,-0.00562111313477
0.0305071495314,-0.0092995704834
0.0363060291944,-0.012969708224
0.0426091592629,-0.0166315263565
0.0494165397368,-0.020285024881
0.0567281706163,-0.0239302037974
0.0645440519012,-0.0275670631057
0.0728641835916,-0.031195602806
0.0816885656874,-0.0348158228983
0.0910171981888,-0.0384277233825
0.100850081096,-0.0420313042586
0.111045577179,-0.0455285516329
0.121462049208,-0.0488214516116
0.132099497184,-0.0519100041947
0.142957921107,-0.0547942093822
0.154037320977,-0.0574740671742
0.165337696793,-0.0599495775705
0.176859048556,-0.0622207405712
0.188601376266,-0.0642875561763
0.200564679922,-0.0661500243858
0.212748959525,-0.0678081451998
0.225154215075,-0.0692619186181
0.237780446572,-0.0705113446408
0.250627654015,-0.071556423268
0.263695837405,-0.0723971544995
0.276984996741,-0.0730335383355
0.290495132024,-0.0734655747758
0.304226243254,-0.0736932638205
0.318178330431,-0.0737166054697
0.332351393554,-0.0735355997232
0.346745432624,-0.0731502465812
0.361270099314,-0.0726181406196
0.375835045296,-0.0719968764145
0.390440270571,-0.071286453966
0.405085775139,-0.070486873274
0.419771559,-0.0695981343384
0.434497622154,-0.0686202371594
0.449263964601,-0.067553181737
0.46407058634,-0.066396968071
0.478917487372,-0.0651515961616
0.493804667697,-0.0638170660086
0.508732127315,-0.0623933776122
0.523699866225,-0.0608805309723
0.538707884429,-0.059278526089
0.553756181925,-0.0575873629621
0.568844758714,-0.0558070415918
0.583973614796,-0.053937561978
0.59914275017,-0.0519789241207
0.614352164838,-0.0499311280199
0.629601858798,-0.0477941736756
0.644891832051,-0.0455680610879
0.660324209725,-0.0432969838112
0.676001116949,-0.0410251353999
0.691922553723,-0.0387525158542
0.708088520047,-0.036479125174
0.72449901592,-0.0342049633593
0.741154041344,-0.0319300304101
0.758053596317,-0.0296543263265
0.77519768084,-0.0273778511083
0.792586294913,-0.0251006047556
0.810219438535,-0.0228225872685
0.828097111708,-0.0205437986469
0.84621931443,-0.0182642388907
0.864586046702,-0.0159839080001
0.883197308523,-0.013702805975
0.902053099895,-0.0114209328154
0.921153420816,-0.00913828852129
0.940498271288,-0.0068548730927
0.960087651309,-0.00457068652963
0.979921560879,-0.00228572883206
1.0,0.0
