1.0,0.0
0.979403562424,0.00551701358141
0.959111441965,0.0109406802243
0.939123638623,0.0162709999286
0.919440152398,0.0215079726944
0.90006098329,0.0266515985216
0.880986131299,0.0317018774103
0.862215596425,0.0366588093604
0.843749378668,0.041522394372
0.825587478027,0.0462926324451
0.807729894504,0.0509695235796
0.790176628097,0.0555530677755
0.772927678808,0.0600432650329
0.755983046635,0.0644401153518
0.73934273158,0.0687436187321
0.723006733641,0.0729537751739
0.706975052819,0.0770705846771
0.691247689114,0.0810940472418
0.675824642526,0.0850241628679
0.660705913055,0.0888609315555
0.645891500701,0.0926043533046
0.631203894293,0.0962032240996
0.616465582662,0.099606339925
0.601676565807,0.102813700781
0.586836843728,0.105825306667
0.571946416426,0.108641157584
0.557005283899,0.111261253532
0.542013446149,0.113685594509
0.526970903175,0.115914180518
0.511877654977,0.117947011556
0.496733701556,0.119784087626
0.481539042911,0.121425408725
0.466293679042,0.122870974856
0.450997609949,0.124120786016
0.435650835632,0.125174842207
0.420253356092,0.126033143429
0.404805171328,0.126695689681
0.38930628134,0.127162480963
0.373756686128,0.127433517276
0.358156385693,0.12750879862
0.342505380034,0.127388324994
0.326988753473,0.127105745237
0.311791590332,0.126694708189
0.296913890612,0.126155213851
0.282355654311,0.12548726222
0.268116881431,0.124690853299
0.254197571972,0.123765987086
0.240597725932,0.122712663582
0.227317343313,0.121530882787
0.214356424114,0.120220644701
0.201714968335,0.118781949323
0.189392975977,0.117214796654
0.177390447039,0.115519186694
0.165707381521,0.113695119443
0.154343779423,0.1117425949
0.143299640745,0.109661613067
0.132574965488,0.107452173942
0.122169753651,0.105114277525
0.112084005234,0.102647923818
0.102317720238,0.100053112819
0.0928708986615,0.0973298445291
0.083815986042,0.0945197281381
0.0752254279159,0.0916643728361
0.067099224283,0.0887637786232
0.0594373751434,0.0858179454993
0.0522398804971,0.0828268734646
0.0455067403442,0.0797905625189
0.0392379546845,0.0767090126622
0.0334335235182,0.0735822238947
0.0280934468451,0.0704101962162
0.0232177246654,0.0671929296268
0.018806356979,0.0639304241265
0.0148593437858,0.0606226797152
0.011376685086,0.057269696393
0.00835838087954,0.0538714741599
0.00580443116635,0.0504280130159
0.00371483594646,0.0469393129609
0.00208959521988,0.043405373995
0.000928708986615,0.0398261961182
0.000232177246654,0.0362017793304
0.0,0.0325321236317
0.000245997273565,0.0288414458248
0.000983989094261,0.0251539627125
0.00221397546209,0.0214696742948
0.00393595637704,0.0177885805716
0.00614993183913,0.0141106815429
0.00885590184835,0.0104359772088
0.0120538664047,0.00676446756927
0.0157438255082,0.00309615262428
0.0199257791588,-0.000568967626152
0.0245997273565,-0.00423089318203
0.0297656701014,-0.00788962404335
0.0354236073934,-0.0115451602101
0.0415735392325,-0.0151975016823
0.0482154656188,-0.01884664846
0.0553493865522,-0.0224926005431
0.0629753020327,-0.0261353579317
0.0710932120604,-0.0297749206257
0.0797031166351,-0.0334112886251
0.0888050157571,-0.03704446193
0.0983989094261,-0.0406744405403
0.108351081166,-0.044200760492
0.118527814501,-0.047522957821
0.128929109431,-0.0506410325272
0.139554965956,-0.0535549846107
0.150405384077,-0.0562648140714
0.161480363792,-0.0587705209094
0.172779905102,-0.0610721051247
0.184304008007,-0.0631695667173
0.196052672507,-0.0650629056871
0.208025898602,-0.0667521220342
0.220223686292,-0.0682372157585
0.232646035577,-0.0695181868601
0.245292946457,-0.070595035339
0.258164418932,-0.0714677611951
0.271260453002,-0.0721363644286
0.284581048667,-0.0726008450392
0.298126205927,-0.0728612030272
0.311895924782,-0.0729174383924
0.325890205232,-0.0727695511349
0.340109047277,-0.0724175412546
0.354498782031,-0.0719190626185
0.36900574061,-0.0713317690935
0.383629923012,-0.0706556606795
0.398371329239,-0.0698907373766
0.41322995929,-0.0690369991848
0.428205813166,-0.0680944461041
0.443298890865,-0.0670630781344
0.458509192388,-0.0659428952758
0.473836717736,-0.0647338975283
0.489281466907,-0.0634360848918
0.504843439903,-0.0620494573664
0.520522636723,-0.0605740149521
0.536319057367,-0.0590097576488
0.552232701835,-0.0573566854566
0.568263570128,-0.0556147983755
0.584411662244,-0.0537840964055
0.600676978185,-0.0518645795465
0.61705951795,-0.0498562477986
0.633559281538,-0.0477591011617
0.650176268951,-0.0455731396359
0.666892647638,-0.0433403562651
0.683690585047,-0.0411027440932
0.700570081179,-0.03886030312
0.717531136034,-0.0366130333457
0.734573749611,-0.0343609347703
0.751697921911,-0.0321040073937
0.768903652934,-0.029842251216
0.78619094268,-0.027575666237
0.803559791148,-0.025304252457
0.821010198339,-0.0230280098758
0.838542164253,-0.0207469384934
0.856155688889,-0.0184610383099
0.873850772248,-0.0161703093252
0.89162741433,-0.0138747515393
0.909485615135,-0.0115743649523
0.927425374663,-0.00926914956418
0.945446692913,-0.00695910537487
0.963549569886,-0.0046442323844
0.981734005582,-0.00232453059278
1.0,0.0
