0.989744159905,0.000883611780809
0.968090324737,0.00707611766404
0.946824153999,0.0131147405888
0.925945647691,0.0189994805552
0.905454805815,0.0247303375631
0.88535162837,0.0303073116125
0.865636115355,0.0357304027036
0.846308266771,0.0409996108361
0.827368082618,0.0461149360103
0.808815562896,0.051076378226
0.790650707605,0.0558839374832
0.772873516744,0.0605376137821
0.755483990315,0.0650374071224
0.738482128316,0.0693833175044
0.721867930748,0.0735753449279
0.705641397611,0.0776134893929
0.689802528904,0.0814977508995
0.674351324629,0.0852281294477
0.659287784784,0.0888046250374
0.64461190937,0.0922272376687
0.630323698388,0.0954959673416
0.61631423035,0.0986164176192
0.602474583771,0.101594192065
0.588804758652,0.104429290679
0.575304754993,0.107121713461
0.561974572793,0.109671460411
0.548814212052,0.112078531529
0.535823672771,0.114342926815
0.523002954949,0.116464646269
0.510352058587,0.118443689891
0.497870983684,0.120280057681
0.485559730241,0.121973749639
0.473418298257,0.123524765766
0.461446687733,0.12493310606
0.449644898667,0.126198770523
0.438012931062,0.127321759153
0.426550784916,0.128302071952
0.415258460229,0.129139708919
0.404135957002,0.129834670054
0.393183275234,0.130386955356
0.382400414926,0.130796564827
0.371625637938,0.131085617923
0.36069720613,0.1312762341
0.349615119505,0.131368413359
0.33837937806,0.131362155699
0.326989981796,0.13125746112
0.315446930713,0.131054329623
0.303750224812,0.130752761208
0.291899864091,0.130352755874
0.279895848552,0.129854313621
0.267738178193,0.12925743445
0.255426853016,0.12856211836
0.24296187302,0.127768365351
0.230343238205,0.126876175425
0.217570948571,0.125885548579
0.204645004118,0.124796484815
0.191565404846,0.123608984133
0.178332150755,0.122323046532
0.164945241846,0.120938672012
0.151404678117,0.119455860574
0.13771045957,0.117874612217
0.124283689762,0.116156303078
0.111545472251,0.114262309292
0.099495807039,0.112192630859
0.0881346941245,0.109947267779
0.0774621335079,0.107526220053
0.0674781251891,0.104929487681
0.0581826691681,0.102157070661
0.049575765445,0.0992089689948
0.0416574140198,0.0960851826819
0.0344276148924,0.0927857117223
0.0278863680628,0.089310556116
0.0220336735311,0.085659715863
0.0168695312973,0.0818331909633
0.0123939413613,0.0778309814169
0.0086069037231,0.0736530872238
0.00550841838278,0.069299508384
0.00309848534032,0.0647702448975
0.0013771045957,0.0600652967643
0.000344276148924,0.0551846639844
0.0,0.0501283465579
0.000268831046559,0.045008802307
0.00107532418624,0.0399384890542
0.00241947941904,0.0349174067996
0.00430129674495,0.0299455555431
0.00672077616399,0.0250229352847
0.00967791767614,0.0201495460244
0.0131727212814,0.0153253877622
0.0172051869798,0.0105504604981
0.0217753147713,0.00582476423218
0.0268831046559,0.00114829896435
0.0325285566337,-0.00347893530537
0.0387116707046,-0.00805693857697
0.0454324468685,-0.0125857108505
0.0526908851257,-0.0170652521258
0.0604869854759,-0.0214955624031
0.0688207479192,-0.0258766416822
0.0776921724557,-0.0302084899633
0.0871012590853,-0.0344911072462
0.097048007808,-0.038724493531
0.107532418624,-0.0429086488176
0.118376653465,-0.0469402219807
0.129402874263,-0.0507158618947
0.140611081018,-0.0542355685597
0.15200127373,-0.0574993419755
0.1635734524,-0.0605071821423
0.175327617026,-0.06325908906
0.18726376761,-0.0657550627286
0.199381904151,-0.0679951031481
0.211682026648,-0.0699792103186
0.224164135103,-0.07170738424
0.236828229516,-0.0731796249123
0.249674309885,-0.0743959323355
0.262702376211,-0.0753563065096
0.275912428495,-0.0760607474347
0.289304466735,-0.0765092551107
0.302878490933,-0.0767018295376
0.316634501088,-0.0766384707154
0.3305724972,-0.0763191786442
0.344692479269,-0.0757439533239
0.358994447295,-0.0749127947545
0.373333539323,-0.0739386284856
0.387564893396,-0.0729343800669
0.401688509516,-0.0719000494983
0.415704387682,-0.0708356367799
0.429612527894,-0.0697411419117
0.443412930151,-0.0686165648936
0.457105594455,-0.0674619057257
0.470690520805,-0.0662771644079
0.4841677092,-0.0650623409403
0.497537159642,-0.0638174353228
0.51079887213,-0.0625424475555
0.523952846664,-0.0612373776383
0.536999083243,-0.0599022255713
0.549937581869,-0.0585369913545
0.562768342541,-0.0571416749878
0.575491365258,-0.0557162764712
0.588106650022,-0.0542607958049
0.600614196832,-0.0527752329886
0.613014005687,-0.0512595880225
0.625306076589,-0.0497138609066
0.637843463626,-0.0481046374436
0.650979220886,-0.0463985034362
0.664713348371,-0.0445954588845
0.67904584608,-0.0426955037884
0.693976714014,-0.040698638148
0.709505952171,-0.0386048619632
0.725633560552,-0.0364141752341
0.742359539158,-0.0341265779606
0.759683887987,-0.0317420701427
0.777606607041,-0.0292606517805
0.796127696319,-0.026682322874
0.815247155821,-0.0240070834231
0.834964985547,-0.0212349334278
0.855281185497,-0.0183658728882
0.876195755672,-0.0153999018043
0.89770869607,-0.012337020176
0.919820006693,-0.0091772280033
0.94252968754,-0.00592052528628
0.96583773861,-0.00256691202491
0.9897441599054502,0.0008836117808093465
