1.0,0.0
0.987450687524,0.00645114841822
0.974553799918,0.0127249451924
0.961309337181,0.0188213903226
0.947717299314,0.0247404838088
0.933777686316,0.030482225651
0.919490498187,0.0360466158492
0.904855734928,0.0414336544034
0.889873396538,0.0466433413136
0.874543483018,0.0516756765797
0.858865994367,0.0565306602019
0.842840930586,0.06120829218
0.826468291674,0.0657085725141
0.809748077631,0.0700315012043
0.792680288458,0.0741770782504
0.775264924154,0.0781453036525
0.75750198472,0.0819361774106
0.739391470155,0.0855496995247
0.72093338046,0.0889858699948
0.702127715634,0.0922446888208
0.682974475677,0.0953261560029
0.66377282811,0.0982489927566
0.644821940453,0.101031920298
0.626121812706,0.103674938626
0.607672444868,0.106178047742
0.58947383694,0.108541247645
0.571525988922,0.110764538335
0.553828900814,0.112847919813
0.536382572615,0.114791392078
0.519187004327,0.11659495513
0.502242195948,0.11825860897
0.485548147478,0.119782353597
0.469104858919,0.121166189011
0.452912330269,0.122410115213
0.436970561529,0.123514132201
0.421279552699,0.124478239978
0.405839303779,0.125302438541
0.390649814768,0.125986727892
0.375711085668,0.12653110803
0.361023116476,0.126935578956
0.346585907195,0.127200140669
0.332377539085,0.127305844546
0.318376093406,0.127233741964
0.304581570158,0.126983832923
0.290993969342,0.126556117423
0.277613290957,0.125950595465
0.264439535004,0.125167267047
0.251472701482,0.124206132171
0.238712790392,0.123067190836
0.226159801733,0.121750443041
0.213813735506,0.120255888788
0.20167459171,0.118583528076
0.189742370346,0.116733360905
0.178017071413,0.114705387275
0.166498694912,0.112499607187
0.155187240842,0.110116020639
0.144082709204,0.107554627632
0.133185099997,0.104815428167
0.122494413222,0.101898422242
0.112010648878,0.0988036098588
0.101733806966,0.0955309910165
0.0918147607867,0.0921675593709
0.0824043836423,0.0888003085775
0.0735026755328,0.0854292386364
0.0651096364581,0.0820543495475
0.0572252664183,0.0786756413109
0.0498495654133,0.0752931139265
0.0429825334431,0.0719067673943
0.0366241705077,0.0685166017144
0.0307744766072,0.0651226168867
0.0254334517415,0.0617248129113
0.0206010959106,0.0583231897881
0.0162774091145,0.0549177475172
0.0124623913533,0.0515084860985
0.00915604262693,0.0480954055321
0.00635836293536,0.0446785058179
0.00406935227863,0.0412577869559
0.00228901065673,0.0378332489462
0.00101733806966,0.0344048917887
0.000254334517415,0.0309727154835
0.0,0.0275367200305
0.000222635624278,0.0240914660609
0.000890542497113,0.0206315142057
0.0020037206185,0.017156864465
0.00356216998845,0.0136675168387
0.00556589060696,0.0101634713269
0.00801488247402,0.00664472792958
0.0109091455896,0.00311128664671
0.0142486799538,-0.000436852521704
0.0180334855665,-0.00399968957566
0.0222635624278,-0.00757722451515
0.0269389105377,-0.0111694573402
0.0320595298961,-0.0147763880508
0.037625420503,-0.0183980166469
0.0436365823586,-0.0220343431285
0.0500930154626,-0.0256853674957
0.0569947198153,-0.0293510897484
0.0643416954164,-0.0330315098867
0.0721339422662,-0.0367266279105
0.0803714603645,-0.0404364438199
0.0890542497113,-0.0441609576148
0.0981282698576,-0.0477755412063
0.107539480354,-0.0511555665056
0.117287881201,-0.0543010335127
0.127373472399,-0.0572119422275
0.137796253946,-0.05988829265
0.148556225845,-0.0623300847803
0.159653388093,-0.0645373186184
0.171087740692,-0.0665099941642
0.182859283641,-0.0682481114178
0.194968016941,-0.0697516703791
0.207413940591,-0.0710206710482
0.220197054591,-0.072055113425
0.233317358941,-0.0728549975096
0.246774853642,-0.073420323302
0.260569538694,-0.0737510908021
0.274701414096,-0.0738473000099
0.289170479848,-0.0737089509255
0.30397673595,-0.0733360435489
0.319120182403,-0.07272857788
0.334600819206,-0.0718865539189
0.350275611972,-0.0709142978972
0.366001526314,-0.0699161360467
0.381778562231,-0.0688920683673
0.397606719723,-0.067842094859
0.413485998791,-0.0667662155219
0.429416399434,-0.0656644303559
0.445397921653,-0.064536739361
0.461430565448,-0.0633831425373
0.477514330818,-0.0622036398848
0.493649217763,-0.0609982314033
0.509835226284,-0.059766917093
0.52607235638,-0.0585096969539
0.542360608052,-0.0572265709859
0.558699981299,-0.055917539189
0.575090476121,-0.0545826015633
0.59153209252,-0.0532217581087
0.608024830493,-0.0518350088252
0.624568690042,-0.0504223537129
0.641163671167,-0.0489837927717
0.657809773867,-0.0475193260017
0.674503329746,-0.0459969789864
0.691240670406,-0.0443847773096
0.708021795849,-0.0426827209712
0.724846706073,-0.0408908099713
0.741715401079,-0.0390090443098
0.758627880867,-0.0370374239868
0.775584145437,-0.0349759490021
0.792584194789,-0.032824619356
0.809628028923,-0.0305834350482
0.826715647839,-0.0282523960789
0.843847051536,-0.025831502448
0.861022240016,-0.0233207541556
0.878241213277,-0.0207201512016
0.895503971321,-0.0180296935861
0.912810514146,-0.015249381309
0.930160841753,-0.0123792143703
0.947554954142,-0.00941919277007
0.964992851313,-0.00636931650827
0.982474533265,-0.00322958558492
1.0,0.0
