1.0,0.0
0.986961587501,0.00637313018197
0.973639569155,0.0125731733192
0.960033944961,0.0186001294117
0.946144714921,0.0244539984595
0.931971879033,0.0301347804625
0.917515437297,0.0356424754208
0.902775389715,0.0409770833343
0.887751736285,0.0461386042032
0.872444477008,0.0511270380273
0.856853611883,0.0559423848066
0.840979140912,0.0605846445412
0.824821064093,0.0650538172311
0.808379381427,0.0693499028763
0.791654092913,0.0734729014767
0.774645198552,0.0774228130324
0.757352698344,0.0811996375433
0.739776592289,0.0848033750095
0.721916880387,0.088234025431
0.703773562637,0.0914915888078
0.68534663904,0.0945760651398
0.666863657252,0.0975031879221
0.64855216493,0.10028869065
0.630412162074,0.102932573323
0.612443648683,0.105434835941
0.594646624758,0.107795478505
0.577021090299,0.110014501014
0.559567045306,0.112091903469
0.542284489778,0.114027685869
0.525173423717,0.115821848214
0.508233847121,0.117474390505
0.49146575999,0.118985312741
0.474869162326,0.120354614923
0.458444054127,0.12158229705
0.442190435394,0.122668359122
0.426108306127,0.12361280114
0.410197666325,0.124415623103
0.39445851599,0.125076825011
0.37889085512,0.125596406865
0.363494683715,0.125974368664
0.348270001777,0.126210710408
0.333263437214,0.12629090405
0.318521617938,0.126200421542
0.304044543947,0.125939262884
0.289832215242,0.125507428075
0.275884631824,0.124904917116
0.262201793691,0.124131730006
0.248783700844,0.123187866747
0.235630353284,0.122073327336
0.222741751009,0.120788111776
0.21011789402,0.119332220065
0.197758782317,0.117705652204
0.1856644159,0.115908408193
0.173834794769,0.113940488032
0.162269918924,0.11180189172
0.150969788366,0.109492619258
0.139934403093,0.107012670645
0.129163763106,0.104362045882
0.118657868405,0.101540744969
0.10841671899,0.0985487679058
0.0984403148605,0.0953861146921
0.0888423841616,0.0921323687009
0.079736655037,0.0888671133047
0.0711231274867,0.0855903485038
0.0630018015108,0.082302074298
0.0553726771091,0.0790022906873
0.0482357542817,0.0756909976718
0.0415910330286,0.0723681952515
0.0354385133498,0.0690338834263
0.0297781952453,0.0656880621963
0.0246100787151,0.0623307315615
0.0199341637593,0.0589618915218
0.0157504503777,0.0555815420772
0.0120589385704,0.0521896832278
0.00885962833745,0.0487863149736
0.00615251967878,0.0453714373145
0.00393761259442,0.0419450502506
0.00221490708436,0.0385071537818
0.000984403148605,0.0350577479082
0.000246100787151,0.0315968326297
0.0,0.0281244079464
0.000229385644164,0.0246400596443
0.000917542576657,0.0211433735093
0.00206447079748,0.0176343495416
0.00367017030663,0.014112987741
0.0057346411041,0.0105792881075
0.00825788318991,0.00703325064125
0.011239896564,0.00347487534217
0.0146806812265,-9.58377897458e-05
0.0185802371773,-0.00367888875448
0.0229385644164,-0.00727427755205
0.0277556629439,-0.0108820041824
0.0330315327596,-0.0145020686457
0.0387661738637,-0.0181344709417
0.0449595862562,-0.0217792110706
0.0516117699369,-0.0254362890323
0.058722724906,-0.0291057048268
0.0662924511634,-0.0327874584541
0.0743209487092,-0.0364815499143
0.0828082175433,-0.0401879792073
0.0917542576657,-0.0439067463331
0.101091402674,-0.0475154194038
0.110751986167,-0.0508915665315
0.120736008145,-0.0540351877162
0.131043468606,-0.0569462829578
0.141674367552,-0.0596248522564
0.152628704982,-0.062070895612
0.163906480896,-0.0642844130245
0.175507695294,-0.066265404494
0.187432348177,-0.0680138700205
0.199680439544,-0.069529809604
0.212251969395,-0.0708132232444
0.225146937731,-0.0718641109418
0.238365344551,-0.0726824726961
0.251907189855,-0.0732683085075
0.265772473643,-0.0736216183758
0.279961195915,-0.0737424023011
0.294473356672,-0.0736306602833
0.309308955913,-0.0732863923225
0.324467993638,-0.0727095984187
0.339950469848,-0.0719002785719
0.355626598221,-0.0709608619289
0.371366592437,-0.0699937776365
0.387170452496,-0.0689990256948
0.403038178398,-0.0679766061038
0.418969770143,-0.0669265188635
0.434965227731,-0.0658487639738
0.451024551162,-0.0647433414348
0.467147740436,-0.0636102512465
0.483334795552,-0.0624494934089
0.499585716512,-0.0612610679219
0.515900503315,-0.0600449747856
0.53227915596,-0.058801214
0.548721674449,-0.057529785565
0.56522805878,-0.0562306894807
0.581798308955,-0.0549039257471
0.598432424972,-0.0535494943642
0.615130406832,-0.0521673953319
0.631892254535,-0.0507576286503
0.648717968082,-0.0493201943194
0.665607547471,-0.0478550923391
0.682518965297,-0.0463304655936
0.699410194155,-0.0447144569669
0.716281234045,-0.043007066459
0.733132084966,-0.0412082940698
0.749962746919,-0.0393181397995
0.766773219903,-0.0373366036479
0.783563503919,-0.0352636856152
0.800333598966,-0.0330993857013
0.817083505046,-0.0308437039061
0.833813222156,-0.0284966402297
0.850522750298,-0.0260581946722
0.867212089472,-0.0235283672334
0.883881239678,-0.0209071579135
0.900530200915,-0.0181945667123
0.917158973183,-0.0153905936299
0.933767556483,-0.0124952386663
0.950355950815,-0.00950850182156
0.966924156179,-0.00643038309558
0.983472172573,-0.00326088248839
1.0,0.0
