1.0,0.0
0.987021093573,0.0065088128668
0.973710770847,0.0128322083828
0.96006903182,0.018970186548
0.946095876494,0.0249227473624
0.931791304869,0.030689890826
0.917155316943,0.0362716169387
0.902187912718,0.0416679257007
0.886889092193,0.0468788171119
0.871258855369,0.0519042911723
0.855297202244,0.0567443478818
0.83900413282,0.0613989872406
0.822379647097,0.0658682092485
0.805423745073,0.0701520139057
0.78813642675,0.074250401212
0.770517692127,0.0781633711676
0.752567541205,0.0818909237723
0.734285973983,0.0854330590263
0.715672990461,0.0887897769294
0.696728590639,0.0919610774817
0.677452774518,0.0949469606833
0.658135517593,0.0977753666853
0.639066795362,0.100474235639
0.620246607825,0.103043567545
0.601674954981,0.105483362403
0.58335183683,0.107793620212
0.565277253373,0.109974340973
0.54745120461,0.112025524687
0.52987369054,0.113947171352
0.512544711163,0.115739280969
0.49546426648,0.117401853537
0.478632356491,0.118934889058
0.462048981195,0.12033838753
0.445714140592,0.121612348955
0.429627834683,0.122756773331
0.413790063467,0.123771660659
0.398200826945,0.124657010939
0.382860125116,0.125412824171
0.367767957981,0.126039100354
0.35292432554,0.12653583949
0.338329227791,0.126903041577
0.323978141995,0.127110419403
0.30986654541,0.127127685752
0.295994438035,0.126954840626
0.282361819871,0.126591884025
0.268968690917,0.126038815948
0.255815051174,0.125295636395
0.242900900642,0.124362345366
0.23022623932,0.123238942862
0.217791067209,0.121925428882
0.205595384308,0.120421803427
0.193639190619,0.118728066496
0.181922486139,0.116844218089
0.170445270871,0.114770258206
0.159207544813,0.112506186848
0.148209307966,0.110052004014
0.137450560329,0.107407709705
0.126931301903,0.10457330392
0.116651532687,0.101548786659
0.106611252683,0.0983341579223
0.0968104618885,0.0949294177101
0.0873714418543,0.0914316334225
0.0784164741297,0.0879378724595
0.0699455587144,0.0844481348213
0.0619586956086,0.0809624205076
0.0544558848123,0.0774807295187
0.0474371263253,0.0740030618544
0.0409024201479,0.0705294175148
0.0348517662798,0.0670597964998
0.0292851647213,0.0635941988096
0.0242026154721,0.060132624444
0.0196041185324,0.056675073403
0.0154896739022,0.0532215456867
0.0118592815813,0.0497720412951
0.00871294156996,0.0463265602282
0.00605065386803,0.0428851024859
0.00387241847554,0.0394476680684
0.00217823539249,0.0360142569754
0.000968104618885,0.0325848692072
0.000242026154721,0.0291595047636
0.0,0.0257381636447
0.000234533305292,0.0223147423921
0.000938133221167,0.0188831375476
0.00211079974763,0.0154433491112
0.00375253288467,0.0119953770828
0.0058633326323,0.00853922146255
0.00844319899051,0.00507488225032
0.0114921319593,0.00160235944616
0.0150101315387,-0.00187834694995
0.0189971977286,-0.00536723693798
0.0234533305292,-0.00886431051796
0.0283785299403,-0.0123695676899
0.033772795962,-0.0158830084537
0.0396361285943,-0.0194046328095
0.0459685278372,-0.0229344407572
0.0527699936907,-0.0264724322969
0.0600405261547,-0.0300186074285
0.0677801252293,-0.033572966152
0.0759887909145,-0.0371355084674
0.0846665232103,-0.0407062343748
0.0938133221167,-0.0442851438742
0.103351355987,-0.0477564981002
0.113202793175,-0.0510045581875
0.123367633681,-0.0540293241362
0.133845877505,-0.0568307959463
0.144637524646,-0.0594089736177
0.155742575105,-0.0617638571504
0.167161028881,-0.0638954465446
0.178892885975,-0.0658037418001
0.190938146387,-0.0674887429169
0.203296810116,-0.0689504498951
0.215968877163,-0.0701888627347
0.228954347528,-0.0712039814356
0.24225322121,-0.0719958059979
0.255865498211,-0.0725643364216
0.269791178528,-0.0729095727066
0.284030262164,-0.0730315148529
0.298582749117,-0.0729301628607
0.313448639387,-0.0726055167297
0.328627932976,-0.0720575764602
0.344120629882,-0.071286342052
0.359785079635,-0.0703910098497
0.375479631764,-0.0694707761978
0.39120428627,-0.0685256410963
0.406959043152,-0.0675556045452
0.422743902411,-0.0665606665446
0.438558864046,-0.0655408270944
0.454403928058,-0.0644960861946
0.470279094446,-0.0634264438452
0.48618436321,-0.0623319000462
0.502119734351,-0.0612124547977
0.518085207868,-0.0600681080995
0.534080783762,-0.0588988599518
0.550106462032,-0.0577047103545
0.566162242678,-0.0564856593076
0.582248125701,-0.0552417068112
0.598364111101,-0.0539728528651
0.614510198876,-0.0526790974695
0.630686389029,-0.0513604406243
0.646892681557,-0.0500168823295
0.663129076462,-0.0486484225851
0.67941012756,-0.0472149365829
0.695750388665,-0.0456762995147
0.71214985978,-0.0440325113805
0.728608540902,-0.0422835721803
0.745126432033,-0.0404294819141
0.761703533172,-0.0384702405819
0.77833984432,-0.0364058481837
0.795035365476,-0.0342363047195
0.81179009664,-0.0319616101892
0.828604037813,-0.029581764593
0.845477188994,-0.0270967679307
0.862409550183,-0.0245066202024
0.879401121381,-0.0218113214082
0.896451902587,-0.0190108715479
0.913561893802,-0.0161052706216
0.930731095025,-0.0130945186293
0.947959506256,-0.00997861557098
0.965247127496,-0.00675756144666
0.982593958744,-0.00343135625634
1.0,0.0
