  
       XFOIL         Version 6.99
  
 Calculated polar for: G29A2                                           
  
 1 1 Reynolds number fixed          Mach number fixed         
  
 xtrf =   1.000 (top)        1.000 (bottom)  
 Mach =   0.000     Re =     0.200 e 6     Ncrit =   9.000
  
   alpha    CL        CD       CDp       CM     Top_Xtr  Bot_Xtr
  ------ -------- --------- --------- -------- -------- --------
   1.000   0.8741   0.02698   0.01735  -0.1202   0.3739   0.4550
   1.100   0.8843   0.02711   0.01753  -0.1201   0.3735   0.4559
   1.200   0.8947   0.02725   0.01772  -0.1201   0.3731   0.4568
   1.300   0.9049   0.02740   0.01792  -0.1201   0.3727   0.4577
   1.400   0.9152   0.02756   0.01812  -0.1200   0.3723   0.4587
   1.500   0.9255   0.02772   0.01832  -0.1200   0.3718   0.4598
   1.600   0.9358   0.02788   0.01853  -0.1200   0.3714   0.4609
   1.700   0.9460   0.02804   0.01873  -0.1200   0.3710   0.4621
   1.800   0.9563   0.02821   0.01893  -0.1200   0.3706   0.4635
   1.900   0.9665   0.02838   0.01913  -0.1200   0.3702   0.4650
   2.000   0.9768   0.02855   0.01932  -0.1200   0.3698   0.4666
   2.100   0.9869   0.02871   0.01950  -0.1200   0.3693   0.4682
   2.200   0.9972   0.02889   0.01969  -0.1200   0.3689   0.4700
   2.300   1.0073   0.02906   0.01988  -0.1200   0.3684   0.4715
   2.400   1.0172   0.02926   0.02014  -0.1199   0.3680   0.4726
   2.500   1.0270   0.02947   0.02042  -0.1198   0.3676   0.4737
   2.600   1.0368   0.02969   0.02069  -0.1197   0.3671   0.4749
   2.700   1.0465   0.02990   0.02096  -0.1196   0.3666   0.4763
   2.800   1.0562   0.03011   0.02120  -0.1195   0.3659   0.4777
   2.900   1.0661   0.03032   0.02145  -0.1195   0.3654   0.4793
   3.000   1.0760   0.03053   0.02169  -0.1194   0.3648   0.4810
   3.100   1.0861   0.03073   0.02192  -0.1194   0.3643   0.4830
   3.200   1.0964   0.03093   0.02214  -0.1194   0.3637   0.4850
   3.300   1.1067   0.03115   0.02236  -0.1195   0.3632   0.4875
   3.400   1.1170   0.03138   0.02260  -0.1196   0.3629   0.4896
   3.500   1.1271   0.03161   0.02288  -0.1196   0.3624   0.4908
   3.600   1.1371   0.03186   0.02318  -0.1196   0.3620   0.4921
   3.700   1.1472   0.03212   0.02350  -0.1196   0.3616   0.4936
   3.800   1.1568   0.03240   0.02382  -0.1195   0.3613   0.4953
   3.900   1.1665   0.03268   0.02415  -0.1194   0.3609   0.4971
   4.000   1.1764   0.03298   0.02447  -0.1194   0.3604   0.4993
   4.100   1.1862   0.03328   0.02480  -0.1194   0.3601   0.5017
   4.200   1.1961   0.03360   0.02514  -0.1195   0.3597   0.5048
   4.300   1.2062   0.03394   0.02548  -0.1196   0.3593   0.5076
   4.400   1.2158   0.03429   0.02589  -0.1195   0.3589   0.5091
   4.500   1.2254   0.03468   0.02634  -0.1195   0.3586   0.5107
   4.600   1.2352   0.03514   0.02685  -0.1196   0.3581   0.5126
   4.700   1.2450   0.03573   0.02748  -0.1197   0.3576   0.5147
   4.800   1.2532   0.03657   0.02836  -0.1196   0.3566   0.5171
   4.900   1.2554   0.03647   0.02834  -0.1180   0.3558   0.5196
   5.000   1.2569   0.03642   0.02837  -0.1164   0.3547   0.5221
   5.100   1.2591   0.03648   0.02849  -0.1149   0.3534   0.5249
   5.200   1.2620   0.03656   0.02867  -0.1136   0.3520   0.5266
   5.300   1.2656   0.03660   0.02878  -0.1124   0.3503   0.5282
   5.400   1.2710   0.03661   0.02884  -0.1115   0.3485   0.5301
   5.500   1.2790   0.03655   0.02880  -0.1110   0.3466   0.5325
   5.600   1.2903   0.03639   0.02863  -0.1111   0.3446   0.5357
   5.700   1.3047   0.03619   0.02836  -0.1118   0.3428   0.5396
   5.800   1.3190   0.03612   0.02822  -0.1125   0.3412   0.5433
   5.900   1.3322   0.03619   0.02828  -0.1131   0.3399   0.5456
   6.000   1.3478   0.03666   0.02872  -0.1143   0.3382   0.5484
   6.100   1.3517   0.03701   0.02914  -0.1132   0.3370   0.5506
   6.200   1.3521   0.03706   0.02929  -0.1114   0.3361   0.5529
   6.300   1.3524   0.03715   0.02946  -0.1096   0.3351   0.5554
   6.400   1.3537   0.03731   0.02969  -0.1081   0.3339   0.5581
   6.500   1.3556   0.03744   0.02988  -0.1066   0.3326   0.5606
   6.600   1.3587   0.03753   0.03006  -0.1054   0.3314   0.5623
   6.700   1.3629   0.03748   0.03006  -0.1043   0.3296   0.5644
   6.800   1.3691   0.03752   0.03014  -0.1036   0.3284   0.5666
   6.900   1.3778   0.03738   0.03001  -0.1032   0.3268   0.5694
   7.000   1.3889   0.03717   0.02978  -0.1033   0.3253   0.5726
   7.100   1.4009   0.03697   0.02954  -0.1036   0.3239   0.5761
   7.200   1.4130   0.03682   0.02936  -0.1039   0.3226   0.5790
   7.300   1.4281   0.03659   0.02910  -0.1047   0.3212   0.5816
   7.400   1.4445   0.03667   0.02914  -0.1059   0.3197   0.5847
   7.500   1.4481   0.03688   0.02941  -0.1049   0.3185   0.5871
   7.600   1.4439   0.03695   0.02959  -0.1023   0.3175   0.5890
   7.700   1.4404   0.03704   0.02977  -0.0998   0.3164   0.5910
   7.800   1.4372   0.03713   0.02992  -0.0975   0.3152   0.5929
   7.900   1.4362   0.03726   0.03011  -0.0955   0.3140   0.5951
   8.000   1.4358   0.03720   0.03011  -0.0936   0.3123   0.5969
   8.100   1.4384   0.03705   0.03000  -0.0922   0.3107   0.5988
   8.200   1.4438   0.03682   0.02979  -0.0913   0.3091   0.6011
   8.300   1.4502   0.03646   0.02943  -0.0905   0.3074   0.6037
   8.400   1.4593   0.03603   0.02898  -0.0901   0.3059   0.6065
   8.500   1.4701   0.03553   0.02842  -0.0900   0.3043   0.6096
   8.600   1.4834   0.03507   0.02786  -0.0904   0.3028   0.6128
   8.700   1.4940   0.03484   0.02762  -0.0905   0.3012   0.6151
   8.800   1.4856   0.03502   0.02792  -0.0873   0.3000   0.6164
   8.900   1.4808   0.03523   0.02825  -0.0849   0.2987   0.6180
   9.000   1.4758   0.03536   0.02848  -0.0824   0.2971   0.6197
   9.100   1.4724   0.03542   0.02862  -0.0803   0.2953   0.6214
   9.200   1.4720   0.03536   0.02861  -0.0786   0.2935   0.6238
   9.300   1.4735   0.03515   0.02842  -0.0771   0.2916   0.6261
   9.400   1.4759   0.03475   0.02801  -0.0757   0.2897   0.6286
   9.500   1.4795   0.03425   0.02748  -0.0745   0.2879   0.6309
   9.600   1.4854   0.03355   0.02672  -0.0736   0.2858   0.6333
   9.700   1.4820   0.03362   0.02688  -0.0716   0.2839   0.6353
   9.800   1.4758   0.03398   0.02738  -0.0692   0.2815   0.6368
   9.900   1.4718   0.03411   0.02762  -0.0672   0.2786   0.6388
  10.000   1.4703   0.03401   0.02756  -0.0655   0.2756   0.6408
  10.100   1.4706   0.03373   0.02729  -0.0640   0.2727   0.6432
  10.200   1.4707   0.03333   0.02685  -0.0624   0.2695   0.6455
  10.300   1.4676   0.03381   0.02750  -0.0608   0.2637   0.6477
  10.400   1.4664   0.03360   0.02729  -0.0592   0.2569   0.6494
  10.500   1.4659   0.03369   0.02746  -0.0578   0.2461   0.6515
  10.600   1.4626   0.03373   0.02744  -0.0561   0.2302   0.6535
  10.700   1.4544   0.03412   0.02766  -0.0539   0.2090   0.6550
  10.800   1.4410   0.03510   0.02842  -0.0513   0.1850   0.6562
  10.900   1.4244   0.03661   0.02974  -0.0487   0.1618   0.6569
  11.000   1.4102   0.03821   0.03124  -0.0466   0.1452   0.6578
  11.100   1.3944   0.04005   0.03299  -0.0444   0.1315   0.6586
  11.200   1.3815   0.04178   0.03469  -0.0427   0.1227   0.6595
  11.300   1.3690   0.04356   0.03646  -0.0411   0.1162   0.6604
  11.400   1.3560   0.04544   0.03836  -0.0397   0.1109   0.6614
  11.500   1.3439   0.04736   0.04030  -0.0385   0.1073   0.6623
  11.600   1.3330   0.04927   0.04225  -0.0375   0.1046   0.6634
  11.700   1.3201   0.05146   0.04448  -0.0367   0.1021   0.6645
  11.800   1.3077   0.05375   0.04683  -0.0361   0.1004   0.6652
  12.000   1.2807   0.05913   0.05236  -0.0358   0.0985   0.6667
  12.100   1.2658   0.06233   0.05566  -0.0362   0.0981   0.6669
  12.200   1.2497   0.06606   0.05950  -0.0370   0.0979   0.6674
  12.300   1.2329   0.07029   0.06385  -0.0385   0.0980   0.6675
  12.400   1.2170   0.07441   0.06807  -0.0398   0.0979   0.6677
  12.500   1.2005   0.07829   0.07201  -0.0409   0.0975   0.6675
  12.600   1.1861   0.08174   0.07551  -0.0417   0.0971   0.6678
  12.700   1.1725   0.08498   0.07878  -0.0425   0.0962   0.6682
  12.800   1.1618   0.08781   0.08165  -0.0433   0.0948   0.6687
  12.900   1.1522   0.09047   0.08435  -0.0439   0.0933   0.6699
  13.000   1.1442   0.09289   0.08678  -0.0446   0.0918   0.6709
