1.0,0.0
0.98934710507,0.00701089045016
0.978169455146,0.0137886285368
0.966467050228,0.0203332142599
0.954239890317,0.0266446476195
0.941487975412,0.0327229286156
0.928211305513,0.0385680572482
0.914409880621,0.0441800335172
0.900083700735,0.0495588574227
0.885232765855,0.0547045289647
0.869857075982,0.0596170481432
0.853956631115,0.0642964149581
0.837531431255,0.0687426294095
0.8205814764,0.0729556914974
0.803106766552,0.0769356012218
0.785107301711,0.0806823585827
0.766583081876,0.08419596358
0.747534107047,0.0874764162138
0.727960377225,0.0905237164841
0.707861892408,0.0933378643909
0.687238652599,0.0959188599341
0.666531069976,0.0983483229544
0.646179556723,0.100707873292
0.626184112837,0.102997510948
0.606544738321,0.105217235921
0.587261433173,0.107367048212
0.568334197393,0.109446947821
0.549763030982,0.111456934747
0.53154793394,0.113397008991
0.513688906266,0.115267170552
0.496185947961,0.117067419431
0.479039059024,0.118797755628
0.462248239456,0.120458179142
0.445813489256,0.122048689974
0.429734808425,0.123569288124
0.414012196962,0.125019973591
0.398645654868,0.126400746376
0.383635182143,0.127711606479
0.368980778786,0.128952553899
0.354682444798,0.130123588637
0.340740180178,0.131224710692
0.32706618364,0.132162208538
0.313572653897,0.132842370648
0.300259590948,0.133265197022
0.287126994794,0.13343068766
0.274174865435,0.133338842562
0.26140320287,0.132989661727
0.248812007101,0.132383145156
0.236401278125,0.131519292849
0.224171015945,0.130398104806
0.212121220559,0.129019581027
0.200251891968,0.127383721512
0.188563030172,0.12549052626
0.177054635171,0.123339995273
0.165726706964,0.120932128549
0.154579245552,0.118266926089
0.143612250934,0.115344387893
0.132825723112,0.11216451396
0.122219662084,0.108727304292
0.11179406785,0.105032758887
0.101548940412,0.101080877747
0.0916479187217,0.0970095738898
0.0822546417336,0.0929567603374
0.0733691094476,0.0889224370893
0.0649913218636,0.0849066041454
0.0571212789817,0.0809092615059
0.0497589808018,0.0769304091707
0.042904427324,0.0729700471397
0.0365576185483,0.0690281754131
0.0307185544746,0.0651047939907
0.025387235103,0.0611999028727
0.0205636604334,0.0573135020589
0.0162478304659,0.0534455915494
0.0124397452005,0.0495961713442
0.00913940463707,0.0457652414434
0.00634680877574,0.0419528018468
0.00406195761647,0.0381588525545
0.00228485115927,0.0343833935665
0.00101548940412,0.0306264248828
0.00025387235103,0.0268879465034
0.0,0.0231679584283
0.000179467747789,0.0194801133419
0.000717870991157,0.0158380639286
0.0016152097301,0.0122418101885
0.00287148396463,0.00869135212154
0.00448669369473,0.00518668972771
0.00646083892041,0.00172782300703
0.00879391964167,-0.00168524804051
0.0114859358585,-0.00505252341491
0.0145368875709,-0.00837400311617
0.0179467747789,-0.0116496871443
0.0217155974825,-0.0148795754993
0.0258433556817,-0.0180636681811
0.0303300493764,-0.0212019651898
0.0351756785667,-0.0242944665253
0.0403802432526,-0.0273411721877
0.0459437434341,-0.030342082177
0.0518661791111,-0.0332971964931
0.0581475502837,-0.0362065151361
0.0647878569519,-0.0390700381059
0.0717870991157,-0.0418877654026
0.0792897441386,-0.044603039645
0.0874402593842,-0.0471592034519
0.0962386448525,-0.0495562568234
0.105684900543,-0.0517941997593
0.115779026457,-0.0538730322598
0.126521022593,-0.0557927543248
0.137910888953,-0.0575533659544
0.149948625534,-0.0591548671484
0.162634232339,-0.060597257907
0.175967709366,-0.0618805382301
0.189949056616,-0.0630047081178
0.204578274088,-0.06396976757
0.219855361783,-0.0647757165867
0.235780319701,-0.0654225551679
0.252353147842,-0.0659102833136
0.269573846205,-0.0662389010239
0.287442414791,-0.0664084082987
0.305958853599,-0.066418805138
0.325123162631,-0.0662700915419
0.344935341884,-0.0659622675102
0.364955114363,-0.0655562762285
0.384742203067,-0.0651130608822
0.404296607998,-0.0646326214712
0.423618329155,-0.0641149579956
0.442707366538,-0.0635600704554
0.461563720147,-0.0629679588505
0.480187389982,-0.062338623181
0.498578376043,-0.0616720634468
0.51673667833,-0.060968279648
0.534662296844,-0.0602272717845
0.552355231583,-0.0594490398564
0.569815482549,-0.0586335838637
0.587043049741,-0.0577809038063
0.604037933159,-0.0568909996843
0.620800132803,-0.0559638714976
0.637329648673,-0.0549995192463
0.65362648077,-0.0539979429304
0.669690629092,-0.0529591425498
0.685522093641,-0.0518831181045
0.701120874416,-0.0507698695947
0.716576389173,-0.0495676774056
0.731978055669,-0.0482248219228
0.747325873905,-0.0467413031462
0.76261984388,-0.0451171210759
0.777859965594,-0.0433522757118
0.793046239047,-0.041446767054
0.808178664239,-0.0394005951024
0.823257241171,-0.037213759857
0.838281969841,-0.0348862613179
0.853252850251,-0.0324180994851
0.8681698824,-0.0298092743584
0.883033066287,-0.0270597859381
0.897842401915,-0.024169634224
0.912597889281,-0.0211388192161
0.927299528386,-0.0179673409145
0.941947319231,-0.0146551993191
0.956541261814,-0.0112023944299
0.971081356137,-0.00760892624705
0.985567602199,-0.0038747947704
1.0,0.0
