1.0,0.0
0.989855708919,0.00700122029783
0.979126512384,0.0137755843643
0.967812410397,0.0203230921993
0.955913402957,0.0266437438029
0.943429490064,0.0327375391752
0.930360671718,0.0386044783161
0.916706947919,0.0442445612255
0.902468318667,0.0496577879036
0.887644783963,0.0548441583503
0.872236343805,0.0598036725656
0.856242998195,0.0645363305495
0.839664747131,0.069042132302
0.822501590615,0.0733210778231
0.804753528646,0.0773731671128
0.786420561224,0.0811984001711
0.767502688349,0.0847967769981
0.747999910022,0.0881682975936
0.727912226241,0.0913129619577
0.707239637008,0.0942307700905
0.685982142321,0.0969217219919
0.66463364352,0.0994584965037
0.643688041942,0.101913772468
0.623145337588,0.104287549884
0.603005530458,0.106579828753
0.583268620551,0.108790609074
0.563934607867,0.110919890848
0.545003492407,0.112967674074
0.52647527417,0.114933958752
0.508349953157,0.116818744882
0.490627529367,0.118622032465
0.473308002801,0.1203438215
0.456391373459,0.121984111987
0.439877641339,0.123542903927
0.423766806444,0.125020197319
0.408058868772,0.126415992164
0.392753828323,0.12773028846
0.377851685098,0.128963086209
0.363352439096,0.130114385411
0.349256090318,0.131184186065
0.335562638763,0.132172488171
0.322157132632,0.132994451675
0.308924620125,0.133565236523
0.295865101242,0.133884842714
0.282978575982,0.13395327025
0.270265044346,0.133770519129
0.257724506334,0.133336589352
0.245356961946,0.132651480919
0.233162411182,0.13171519383
0.221140854041,0.130527728084
0.209292290525,0.129089083683
0.197616720632,0.127399260625
0.186114144363,0.12545825891
0.174784561717,0.12326607854
0.163627972696,0.120822719514
0.152644377298,0.118128181831
0.141833775524,0.115182465492
0.131196167374,0.111985570497
0.120731552848,0.108537496845
0.110439931946,0.104838244538
0.100321304667,0.100887813574
0.0905399774621,0.0968243272182
0.0812602567804,0.0927859087347
0.072482142622,0.0887725581234
0.0642056349869,0.0847842753843
0.0564307338752,0.0808210605174
0.0491574392869,0.0768829135227
0.0423857512219,0.0729698344002
0.0361156696802,0.06908182315
0.0303471946618,0.065218879772
0.0250803261668,0.0613810042662
0.0203150641951,0.0575681966326
0.0160514087467,0.0537804568713
0.0122893598217,0.0500177849821
0.00902891742004,0.0462801809652
0.00627008154169,0.0425676448205
0.00401285218668,0.038880176548
0.00225722935501,0.0352177761478
0.00100321304667,0.0315804436197
0.000250803261668,0.0279681789639
0.0,0.0243809821803
0.000200691088633,0.0208234546352
0.000802764354531,0.017300197695
0.0018062197977,0.0138112113596
0.00321105741813,0.0103564956291
0.00501727721582,0.00693605050347
0.00722487919078,0.00354987598265
0.00983386334301,0.000197972066692
0.0128442296725,-0.00311966124442
0.0162559781793,-0.00640302395068
0.0200691088633,-0.00965211605208
0.0242836217246,-0.0128669375486
0.0288995167631,-0.0160474884403
0.0339167939789,-0.0191937687272
0.039335453372,-0.0223057784092
0.0451554949424,-0.0253835174863
0.05137691869,-0.0284269859586
0.0579997246149,-0.0314361838261
0.065023912717,-0.0344111110887
0.0724494829965,-0.0373517677464
0.0802764354531,-0.0402581537993
0.0885725772111,-0.0430647035565
0.0974057153943,-0.0457058513269
0.106775850003,-0.0481815971108
0.116682981036,-0.050491940908
0.127127108495,-0.0526368827186
0.13810823238,-0.0546164225425
0.149626352689,-0.0564305603797
0.161681469424,-0.0580792962303
0.174273582584,-0.0595626300943
0.187402692169,-0.0608805619716
0.20106879818,-0.0620330918623
0.215271900615,-0.0630202197664
0.230011999476,-0.0638419456837
0.245289094763,-0.0644982696145
0.261103186474,-0.0649891915586
0.277454274611,-0.065314711516
0.294342359173,-0.0654748294868
0.311767440161,-0.065469545471
0.329729517573,-0.0652988594685
0.348228591411,-0.0649627714793
0.366935972258,-0.0645288997445
0.3855229707,-0.0640648625047
0.403989586736,-0.0635706597602
0.422335820366,-0.0630462915107
0.440561671589,-0.0624917577565
0.458667140407,-0.0619070584974
0.47665222682,-0.0612921937334
0.494516930826,-0.0606471634646
0.512261252426,-0.059971967691
0.52988519162,-0.0592666064125
0.547388748409,-0.0585310796291
0.564771922791,-0.057765387341
0.582034714768,-0.056969529548
0.599177124339,-0.0561435062501
0.616199151503,-0.0552873174474
0.633100796262,-0.0544009631398
0.649882058615,-0.0534844433274
0.666542938562,-0.0525377580102
0.683083436103,-0.0515609071881
0.699503551239,-0.0505538908612
0.715796720096,-0.0494565120086
0.731956378804,-0.0482085736097
0.747982527363,-0.0468100756644
0.763875165772,-0.0452610181728
0.779634294032,-0.0435614011347
0.795259912143,-0.0417112245503
0.810752020104,-0.0397104884196
0.826110617916,-0.0375591927425
0.841335705578,-0.035257337519
0.856427283091,-0.0328049227491
0.871385350454,-0.0302019484328
0.886209907668,-0.0274484145702
0.900900954732,-0.0245443211612
0.915458491647,-0.0214896682059
0.929882518413,-0.0182844557042
0.944173035029,-0.0149286836561
0.958330041496,-0.0114223520616
0.972353537813,-0.00776546092078
0.986243523981,-0.00395801023357
1.0,0.0
