1.0,0.0
0.985883679558,0.00594539601725
0.971573169304,0.0117562356681
0.957068469236,0.0174325189524
0.942369579354,0.0229742458704
0.927476499659,0.0283814164218
0.912389230151,0.0336540306069
0.89710777083,0.0387920884255
0.881632121695,0.0437955898777
0.865962282747,0.0486645349634
0.850098253986,0.0533989236827
0.834040035411,0.0579987560356
0.817787627023,0.062464032022
0.801341028822,0.066794751642
0.784700240808,0.0709909148955
0.76786526298,0.0750525217826
0.750836095338,0.0789795723033
0.733612737884,0.0827720664575
0.716195190616,0.0864300042453
0.698583453535,0.0899533856667
0.680777526641,0.0933422107216
0.662944259824,0.0965819665871
0.645250502975,0.0996581404404
0.627696256094,0.102570732281
0.610281519181,0.10531974211
0.593006292236,0.107905169926
0.57587057526,0.110327015731
0.558874368251,0.112585279522
0.542017671211,0.114679961302
0.525300484138,0.116611061069
0.508722807034,0.118378578824
0.492284639897,0.119982514567
0.475985982729,0.121422868297
0.459826835529,0.122699640015
0.443807198297,0.123812829721
0.427927071033,0.124762437414
0.412186453737,0.125548463095
0.396585346409,0.126170906764
0.38112374905,0.126629768421
0.365801661658,0.126925048065
0.350619084234,0.127056745697
0.335634718781,0.127025139987
0.3209072673,0.126830509603
0.306436729792,0.126472854546
0.292223106255,0.125952174816
0.278266396691,0.125268470412
0.2645666011,0.124421741336
0.251123719481,0.123411987586
0.237937751834,0.122239209163
0.22500869816,0.120903406067
0.212336558458,0.119404578298
0.199921332728,0.117742725856
0.187763020971,0.11591784874
0.175861623186,0.113929946952
0.164217139374,0.11177902049
0.152829569534,0.109465069355
0.141698913666,0.106988093547
0.130825171771,0.104348093066
0.120208343848,0.101545067911
0.109848429898,0.0985790180835
0.0997454299195,0.0954499435827
0.0900202505023,0.0922325594616
0.0807937982348,0.0890015807727
0.0720660731168,0.0857570075162
0.0638370751485,0.0824988396921
0.0561068043297,0.0792270773002
0.0488752606606,0.0759417203408
0.042142444141,0.0726427688136
0.035908354771,0.0693302227188
0.0301729925506,0.0660040820564
0.0249363574799,0.0626643468262
0.0201984495587,0.0593110170284
0.0159592687871,0.055944092663
0.0122188151651,0.0525635737299
0.00897708869275,0.0491694602291
0.00623408936997,0.0457617521607
0.00398981719678,0.0423404495246
0.00224427217319,0.0389055523209
0.000997454299195,0.0354570605495
0.000249363574799,0.0319949742104
0.0,0.0285192933036
0.000236623161848,0.0250298323272
0.000946492647393,0.021526405779
0.00212960845663,0.0180090136591
0.00378597058957,0.0144776559674
0.00591557904621,0.010932332704
0.00851843382654,0.00737304386888
0.0115945349306,0.00379978946198
0.0151438823583,0.000212569483338
0.0191664761097,-0.00338861606705
0.0236623161848,-0.00700376718918
0.0286314025836,-0.0106328838831
0.0340737353062,-0.0142759661487
0.0399893143524,-0.017933013986
0.0463781397223,-0.0216040273951
0.0532402114159,-0.025289006376
0.0605755294332,-0.0289879509286
0.0683840937742,-0.0327008610529
0.0766659044389,-0.036427736749
0.0854209614272,-0.0401685780168
0.0946492647393,-0.0439233848564
0.104247552346,-0.0475681270794
0.114112562217,-0.0509787744977
0.124244294353,-0.0541553271111
0.134642748753,-0.0570977849197
0.145307925419,-0.0598061479234
0.156239824349,-0.0622804161224
0.167438445544,-0.0645205895166
0.178903789003,-0.0665266681059
0.190635854728,-0.0682986518904
0.202634642717,-0.0698365408701
0.214900152971,-0.071140335045
0.22743238549,-0.0722100344151
0.240231340273,-0.0730456389804
0.253297017322,-0.0736471487408
0.266629416635,-0.0740145636965
0.280228538213,-0.0741478838473
0.294094382055,-0.0740471091933
0.308226948163,-0.0737122397345
0.322626236535,-0.0731432754709
0.337292247172,-0.0723402164025
0.352146373784,-0.0714001789035
0.367110010082,-0.0704202793484
0.382183156065,-0.0694005177372
0.397365811735,-0.0683408940697
0.41265797709,-0.0672414083461
0.42805965213,-0.0661020605664
0.443570836857,-0.0649228507304
0.459191531269,-0.0637037788383
0.474921735366,-0.06244484489
0.49076144915,-0.0611460488856
0.506710672619,-0.059807390825
0.522769405774,-0.0584288707082
0.538937648614,-0.0570104885352
0.555215401141,-0.0555522443061
0.571602663353,-0.0540541380208
0.58809943525,-0.0525161696793
0.604705716833,-0.0509383392817
0.621421508103,-0.0493206468279
0.638246809057,-0.0476630923179
0.655181619698,-0.0459656757517
0.672183752857,-0.0442192813478
0.689211021371,-0.0424147933246
0.706263425237,-0.040552211682
0.723340964456,-0.0386315364201
0.740443639029,-0.0366527675389
0.757571448955,-0.0346159050383
0.774724394233,-0.0325209489184
0.791902474866,-0.0303678991791
0.809105690851,-0.0281567558205
0.826334042189,-0.0258875188426
0.843587528881,-0.0235601882454
0.860866150926,-0.0211747640288
0.878169908324,-0.0187312461929
0.895498801075,-0.0162296347376
0.91285282918,-0.013669929663
0.930231992638,-0.0110521309691
0.947636291448,-0.00837623865581
0.965065725612,-0.00564225272321
0.98252029513,-0.00285017317127
1.0,0.0
