1.0,0.0
0.988870189917,0.00666923997264
0.977269044907,0.0131425873393
0.96519656497,0.0194200420999
0.952652750105,0.0255016042546
0.939637600313,0.0313872738033
0.926151115593,0.037077050746
0.912193295946,0.0425709350827
0.897764141372,0.0478689268134
0.88286365187,0.0529710259381
0.867491827441,0.0578772324568
0.851648668085,0.0625875463696
0.835334173801,0.0671019676763
0.81854834459,0.0714204963771
0.801291180451,0.0755431324718
0.783562681386,0.0794698759606
0.765362847392,0.0832007268434
0.746691678472,0.0867356851202
0.727549174624,0.090074750791
0.707935335848,0.0932179238558
0.687850162146,0.0961652043146
0.667682670037,0.098952308004
0.647821876044,0.10161495076
0.628267780168,0.104153132584
0.609020382406,0.106566853475
0.590079682761,0.108856113432
0.571445681231,0.111020912457
0.553118377817,0.113061250549
0.535097772519,0.114977127708
0.517383865336,0.116768543934
0.49997665627,0.118435499228
0.482876145319,0.119977993588
0.466082332484,0.121396027016
0.449595217764,0.12268959951
0.433414801161,0.123858711072
0.417541082673,0.1249033617
0.401974062301,0.125823551396
0.386713740044,0.126619280159
0.371760115903,0.127290547989
0.357113189879,0.127837354886
0.342772961969,0.128259700851
0.328689624873,0.128522690814
0.314813371285,0.128591429707
0.301144201206,0.12846591753
0.287682114636,0.128146154284
0.274427111575,0.127632139969
0.261379192022,0.126923874583
0.248538355979,0.126021358128
0.235904603445,0.124924590604
0.223477934419,0.123633572009
0.211258348903,0.122148302345
0.199245846895,0.120468781611
0.187440428397,0.118595009808
0.175842093407,0.116526986935
0.164450841926,0.114264712992
0.153266673954,0.11180818798
0.142289589491,0.109157411898
0.131519588537,0.106312384746
0.120956671092,0.103273106525
0.110600837156,0.100039577234
0.100452086728,0.0966117968733
0.0906580082724,0.093082085881
0.08136619025,0.0895427646954
0.0725766326613,0.0859938333163
0.0642893355062,0.0824352917438
0.0565042987847,0.0788671399778
0.0492215224969,0.0752893780184
0.0424410066428,0.0717020058656
0.0361627512222,0.0681050235193
0.0303867562354,0.0644984309796
0.0251130216821,0.0608822282465
0.0203415475625,0.0572564153199
0.0160723338766,0.0536209921999
0.0123053806242,0.0499759588865
0.00904068780556,0.0463213153796
0.00627825542053,0.0426570616793
0.00401808346914,0.0389831977856
0.00226017195139,0.0352997236984
0.00100452086728,0.0316066394178
0.000251130216821,0.0279039449438
0.0,0.0241916402764
0.000221385357849,0.0204929958707
0.000885541431397,0.0168312821822
0.00199246822064,0.0132064992107
0.00354216572559,0.00961864695628
0.00553463394623,0.00606772541896
0.00796987288257,0.00255373459873
0.0108478825346,-0.000923325504424
0.0141686629023,-0.0043634548905
0.0179322139858,-0.00776665355949
0.0221385357849,-0.0111329215114
0.0267876282997,-0.0144622587462
0.0318794915303,-0.017754665264
0.0374141254765,-0.0210101410646
0.0433915301384,-0.0242286861482
0.0498117055161,-0.0274103005147
0.0566746516094,-0.0305549841642
0.0639803684184,-0.0336627370965
0.0717288559431,-0.0367335593118
0.0799201141835,-0.0397674508099
0.0885541431397,-0.042764411591
0.0975953888043,-0.0456534980441
0.10700829717,-0.048363766558
0.116792868238,-0.0508952171329
0.126949102006,-0.0532478497688
0.137476998476,-0.0554216644655
0.148376557648,-0.0574166612232
0.159647779521,-0.0592328400419
0.171290664095,-0.0608702009215
0.18330521137,-0.062328743862
0.195691421347,-0.0636084688635
0.208449294025,-0.0647093759259
0.221578829405,-0.0656314650492
0.235080027485,-0.0663747362335
0.248952888268,-0.0669391894787
0.263197411751,-0.0673248247848
0.277813597936,-0.0675316421519
0.292801446822,-0.0675596415799
0.30816095841,-0.0674088230689
0.323892132699,-0.0670791866188
0.339994969689,-0.0665707322296
0.356312507629,-0.0659591892695
0.372687784766,-0.0653202871066
0.389120801101,-0.0646540257408
0.405611556633,-0.0639604051722
0.422160051362,-0.0632394254008
0.438766285288,-0.0624910864266
0.455430258412,-0.0617153882495
0.472151970734,-0.0609123308696
0.488931422253,-0.0600819142869
0.505768612969,-0.0592241385014
0.522663542882,-0.0583390035131
0.539616211993,-0.0574265093219
0.556626620302,-0.0564866559279
0.573694767808,-0.055519443331
0.590820654511,-0.0545248715314
0.608004280411,-0.0535029405289
0.625245645509,-0.0524536503236
0.642544749804,-0.0513770009155
0.659901593297,-0.0502729923045
0.677316175987,-0.0491416244907
0.694694165221,-0.0479309753851
0.711941228347,-0.0465891228985
0.729057365364,-0.0451160670309
0.746042576272,-0.0435118077825
0.762896861071,-0.0417763451531
0.779620219761,-0.0399096791428
0.796212652342,-0.0379118097515
0.812674158815,-0.0357827369793
0.829004739179,-0.0335224608262
0.845204393434,-0.0311309812921
0.86127312158,-0.0286082983771
0.877210923618,-0.0259544120811
0.893017799546,-0.0231693224043
0.908693749366,-0.0202530293465
0.924238773077,-0.0172055329077
0.939652870679,-0.0140268330881
0.954936042173,-0.0107169298874
0.970088287557,-0.00727582330589
0.985109606833,-0.00370351334341
1.0,0.0
