1.0,0.0
0.988438932817,0.00673024307966
0.976431817429,0.0132591638751
0.963978653835,0.0195867623865
0.951079442034,0.0257130386136
0.937734182028,0.0316379925565
0.923942873816,0.0373616242153
0.909705517398,0.0428839335899
0.895022112774,0.0482049206804
0.879892659944,0.0533245854866
0.864317158908,0.0582429280087
0.848295609666,0.0629599482466
0.831828012218,0.0674756462004
0.814914366565,0.0717900218699
0.797554672705,0.0759030752553
0.77974893064,0.0798148063565
0.761497140368,0.0835252151735
0.742799301891,0.0870343017064
0.723655415208,0.0903420659551
0.704065480318,0.0934485079196
0.684029497223,0.0963536275999
0.663938659167,0.0991000524793
0.644184159393,0.101730410041
0.624765997902,0.104244700285
0.605684174693,0.106642923211
0.586938689768,0.108925078819
0.568529543125,0.111091167109
0.550456734765,0.113141188082
0.532720264688,0.115075141737
0.515320132894,0.116893028074
0.498256339383,0.118594847093
0.481528884154,0.120180598794
0.465137767208,0.121650283178
0.449082988545,0.123003900244
0.433364548165,0.124241449992
0.417982446068,0.125362932423
0.402936682253,0.126368347535
0.388227256721,0.12725769533
0.373854169472,0.128030975807
0.359817420506,0.128688188966
0.346117009823,0.129229334807
0.332659581076,0.129608828783
0.319351777921,0.129781086344
0.306193600357,0.129746107491
0.293185048384,0.129503892225
0.280326122002,0.129054440544
0.267616821211,0.128397752449
0.255057146011,0.12753382794
0.242647096402,0.126462667017
0.230386672384,0.12518426968
0.218275873958,0.123698635928
0.206314701122,0.122005765763
0.194503153878,0.120105659183
0.182841232224,0.11799831619
0.171328936162,0.115683736782
0.159966265691,0.113161920961
0.148753220811,0.110432868725
0.137689801522,0.107496580075
0.126776007824,0.104353055011
0.116011839717,0.101002293533
0.105397297202,0.0974442956411
0.0951210607244,0.0937840365647
0.0853718107332,0.090126491534
0.0761495472281,0.0864716605489
0.067454270209,0.0828195436094
0.0592859796759,0.0791701407155
0.0516446756287,0.0755234518672
0.0445303580676,0.0718794770645
0.0379430269925,0.0682382163075
0.0318826824035,0.064599669596
0.0263493243004,0.0609638369301
0.0213429526833,0.0573307183099
0.0168635675522,0.0537003137353
0.0129111689072,0.0500726232062
0.00948575674814,0.0464476467228
0.0065873310751,0.042825384285
0.00421589188806,0.0392058358928
0.00237143918703,0.0355890015462
0.00105397297202,0.0319748812452
0.000263493243004,0.0283634749898
0.0,0.02475478278
0.000223537307954,0.0211567721027
0.000894149231817,0.0175774104447
0.00201183577159,0.0140166978059
0.00357659692727,0.0104746341865
0.00558843269886,0.00695121958641
0.00804734308636,0.0034464540056
0.0109533280898,-3.96625559155e-05
0.0143063877091,-0.00350713009813
0.0181065219443,-0.00695594862104
0.0223537307954,-0.0103861181246
0.0270480142625,-0.0137976386089
0.0321893723454,-0.017190510074
0.0377778050443,-0.0205647325197
0.043813312359,-0.0239203059461
0.0502958942897,-0.0272572303532
0.0572255508363,-0.030575505741
0.0646022819988,-0.0338751321094
0.0724260877772,-0.0371561094586
0.0806969681715,-0.0404184377885
0.0894149231817,-0.0436621170991
0.0985209681589,-0.0467961814747
0.107956118454,-0.0497296649994
0.117720374067,-0.0524625676733
0.127813734999,-0.0549948894964
0.138236201248,-0.0573266304686
0.148987772815,-0.0594577905901
0.1600684497,-0.0613883698608
0.171478231904,-0.0631183682806
0.183217119425,-0.0646477858496
0.195285112264,-0.0659766225678
0.207682210421,-0.0671048784352
0.220408413897,-0.0680325534518
0.23346372269,-0.0687596476176
0.246848136801,-0.0692861609326
0.260561656231,-0.0696120933967
0.274604280978,-0.0697374450101
0.288976011044,-0.0696622157726
0.303676846427,-0.0693864056843
0.318706787128,-0.0689100147452
0.334065833148,-0.0682330429553
0.349661659272,-0.0674446051311
0.365401940286,-0.0666338160893
0.381286676191,-0.0658006758299
0.397315866987,-0.0649451843529
0.413489512674,-0.0640673416582
0.429807613251,-0.0631671477458
0.446270168719,-0.0622446026159
0.462877179077,-0.0612997062683
0.479628644327,-0.060332458703
0.496524564467,-0.0593428599202
0.513564939497,-0.0583309099196
0.530749769419,-0.0572966087015
0.548079054231,-0.0562399562657
0.565552793934,-0.0551609526123
0.583170988527,-0.0540595977412
0.600933638011,-0.0529358916525
0.618840742386,-0.0517898343461
0.636892301652,-0.0506214258222
0.655088315808,-0.0494306660806
0.673428784855,-0.0482175551213
0.69173727456,-0.0469339389938
0.709837350692,-0.0455316637476
0.727729013251,-0.0440107293825
0.745412262236,-0.0423711358986
0.762887097647,-0.0406128832959
0.780153519485,-0.0387359715745
0.79721152775,-0.0367404007342
0.814061122441,-0.0346261707751
0.830702303558,-0.0323932816973
0.847135071102,-0.0300417335006
0.863359425073,-0.0275715261851
0.87937536547,-0.0249826597509
0.895182892293,-0.0222751341978
0.910782005543,-0.019448949526
0.92617270522,-0.0165041057353
0.941354991323,-0.0134406028258
0.956328863852,-0.0102584407976
0.971094322808,-0.00695761965051
0.985651368191,-0.00353813938466
1.0,0.0
