1.0,0.0
0.988418182882,0.00678667651229
0.976394116549,0.0133672006919
0.963927801001,0.0197415725389
0.951019236238,0.0259097920532
0.93766842226,0.0318718592348
0.923875359068,0.0376277740838
0.909640046661,0.0431775366002
0.894962485039,0.0485211467839
0.879842674202,0.0536586046349
0.864280614151,0.0585899101532
0.848276304885,0.0633150633389
0.831829746404,0.067834064192
0.814940938708,0.0721469127124
0.797609881797,0.0762536089001
0.779836575672,0.0801541527552
0.761621020332,0.0838485442776
0.742963215777,0.0873367834673
0.723863162007,0.0906188703244
0.704320859022,0.0936948048489
0.684336306823,0.0965645870406
0.664275746452,0.0992734370686
0.644505418951,0.101866575102
0.625025324321,0.10434400114
0.605835462561,0.106705715183
0.586935833672,0.108951717231
0.568326437654,0.111082007284
0.550007274506,0.113096585343
0.531978344229,0.114995451406
0.514239646823,0.116778605475
0.496791182287,0.118446047548
0.479632950622,0.119997777627
0.462764951827,0.12143379571
0.446187185904,0.122754101799
0.42989965285,0.123958695893
0.413902352668,0.125047577992
0.398195285356,0.126020748096
0.382778450915,0.126878206205
0.367651849344,0.127619952319
0.352815480644,0.128245986438
0.338269344814,0.128756308562
0.323985526966,0.129106465278
0.309936112211,0.129252003175
0.296121100548,0.12919292225
0.282540491978,0.128929222506
0.2691942865,0.128460903941
0.256082484115,0.127787966556
0.243205084822,0.12691041035
0.230562088622,0.125828235325
0.218153495514,0.124541441478
0.205979305499,0.123050028812
0.194039518577,0.121353997325
0.182334134746,0.119453347018
0.170863154009,0.11734807789
0.159626576364,0.115038189943
0.148624401811,0.112523683174
0.137856630351,0.109804557586
0.127323261984,0.106880813177
0.117024296709,0.103752449948
0.106959734526,0.100419467898
0.0971295754365,0.0968818670286
0.0876594418315,0.0932461395578
0.0786749561036,0.0896187777056
0.0701761182529,0.0859997814718
0.0621629282794,0.0823891508564
0.054635386183,0.0787868858596
0.0475934919639,0.0751929864812
0.0410372456219,0.0716074527213
0.0349666471571,0.0680302845799
0.0293816965695,0.064461482057
0.0242823938591,0.0609010451525
0.0196687390259,0.0573489738666
0.0155407320698,0.053805268199
0.011898372991,0.05026992815
0.00874166178929,0.0467429537195
0.00607059846478,0.0432243449074
0.00388518301746,0.0397141017138
0.00218541544732,0.0362122241387
0.000971295754365,0.0327187121821
0.000242823938591,0.0292335658439
0.0,0.0257567851242
0.000216816794142,0.022285567941
0.000867267176568,0.0188171122121
0.00195135114728,0.0153514179376
0.00346906870627,0.0118884851175
0.00542041985355,0.00842831375179
0.00780540458911,0.00497090384044
0.010624022913,0.00151625538346
0.0138762748251,-0.00193563161913
0.0175621603255,-0.00538475716734
0.0216816794142,-0.00883112126117
0.0262348320912,-0.0122747239006
0.0312216183565,-0.0157155650857
0.03664203821,-0.0191536448164
0.0424960916518,-0.0225889630927
0.048783778682,-0.0260215199146
0.0555050993004,-0.0294513152822
0.062660053507,-0.0328783491954
0.070248641302,-0.0363026216542
0.0782708626853,-0.0397241326586
0.0867267176568,-0.0431428822086
0.095584229983,-0.0464544726489
0.10481142343,-0.0495545063241
0.114408297998,-0.0524429832341
0.124374853687,-0.055119903379
0.134711090497,-0.0575852667589
0.145417008428,-0.0598390733736
0.15649260748,-0.0618813232232
0.167937887652,-0.0637120163076
0.179752848946,-0.065331152627
0.191937491361,-0.0667387321812
0.204491814896,-0.0679347549704
0.217415819553,-0.0689192209944
0.23070950533,-0.0696921302533
0.244372872228,-0.070253482747
0.258405920248,-0.0706032784757
0.272808649388,-0.0707415174392
0.287581059649,-0.0706681996377
0.302723151031,-0.070383325071
0.318234923534,-0.0698868937392
0.334116377158,-0.0691789056422
0.350238788701,-0.0683525386158
0.36647343496,-0.0675009704953
0.382820315936,-0.0666242012808
0.399279431628,-0.0657222309723
0.415850782037,-0.0647950595698
0.432534367162,-0.0638426870733
0.449330187004,-0.0628651134828
0.466238241563,-0.0618623387983
0.483258530837,-0.0608343630198
0.500391054829,-0.0597811861472
0.517635813537,-0.0587028081807
0.534992806961,-0.0575992291202
0.552462035102,-0.0564704489656
0.570043497959,-0.0553164677171
0.587737195533,-0.0541372853746
0.605543127824,-0.052932901938
0.623461294831,-0.0517033174075
0.641491696554,-0.0504485317829
0.659634332994,-0.0491685450644
0.677889204151,-0.0478633572518
0.696089920229,-0.0464917999171
0.714070091436,-0.0450127046321
0.73182971777,-0.0434260713968
0.749368799232,-0.0417319002111
0.766687335822,-0.0399301910752
0.783785327539,-0.038020943989
0.800662774384,-0.0360041589524
0.817319676357,-0.0338798359656
0.833756033458,-0.0316479750285
0.849971845687,-0.029308576141
0.865967113043,-0.0268616393033
0.881741835527,-0.0243071645153
0.897296013139,-0.0216451517769
0.912629645879,-0.0188756010883
0.927742733746,-0.0159985124493
0.942635276741,-0.01301388586
0.957307274864,-0.00992172132049
0.971758728115,-0.00672201883063
0.985989636494,-0.00341477839047
1.0,0.0
