1.0,0.0
0.98857348517,0.00683038875754
0.976696322109,0.0134498036293
0.964368510816,0.0198582446152
0.951590051292,0.0260557117153
0.938360943536,0.0320422049296
0.924681187549,0.0378177242581
0.91055078333,0.0433822697008
0.89596973088,0.0487358412576
0.880938030198,0.0538784389287
0.865455681284,0.058810062714
0.849522684139,0.0635307126134
0.833139038763,0.068040388627
0.816304745155,0.0723390907549
0.799019803315,0.0764268189969
0.781284213244,0.0803035733531
0.763097974942,0.0839693538235
0.744461088408,0.0874241604081
0.725373553642,0.0906679931068
0.705835370645,0.0937008519198
0.685846539416,0.096522736847
0.665785100447,0.0991845272171
0.646029094229,0.101737102359
0.626578520761,0.104180462272
0.607433380044,0.106514606957
0.588593672078,0.108739536414
0.570059396862,0.110855250642
0.551830554397,0.112861749642
0.533907144682,0.114759033414
0.516289167718,0.116547101958
0.498976623505,0.118225955273
0.481969512043,0.119795593359
0.465267833331,0.121256016218
0.44887158737,0.122607223848
0.432780774159,0.123849216249
0.416995393699,0.124981993423
0.40151544599,0.126005555368
0.386340931032,0.126919902084
0.371471848824,0.127725033573
0.356908199367,0.128420949832
0.34264998266,0.129007650864
0.328645126113,0.129434524659
0.314841557134,0.129650959208
0.301239275723,0.129656954511
0.287838281881,0.129452510569
0.274638575606,0.129037627381
0.2616401569,0.128412304947
0.248843025762,0.127576543268
0.236247182192,0.126530342343
0.223852626191,0.125273702172
0.211659357757,0.123806622756
0.199667376892,0.122129104094
0.187876683595,0.120241146187
0.176287277866,0.118142749034
0.164899159706,0.115833912635
0.153712329113,0.11331463699
0.142726786089,0.1105849221
0.131942530633,0.107644767964
0.121359562745,0.104494174583
0.110977882425,0.101133141956
0.100797489674,0.0975616700831
0.0909697344307,0.0938862243422
0.0816459666359,0.0902132701107
0.0728261862894,0.0865428073885
0.0645103933913,0.0828748361757
0.0566985879416,0.0792093564722
0.0493907699402,0.0755463682781
0.0425869393872,0.0718858715934
0.0362870962826,0.068227866418
0.0304912406264,0.0645723527519
0.0251993724185,0.0609193305952
0.020411491659,0.0572687999478
0.0161275983478,0.0536207608098
0.0123476924851,0.0499752131812
0.00907177407065,0.0463321570619
0.00629984310462,0.0426915924519
0.00403189958696,0.0390535193513
0.00226794351766,0.0354179377601
0.00100797489674,0.0317848476782
0.000251993724185,0.0281542491057
0.0,0.0245261420425
0.000213403012161,0.0209091912453
0.000853612048643,0.0173120614708
0.00192062710945,0.0137347527189
0.00341444819457,0.0101772649898
0.00533507530402,0.00663959828323
0.00768250843779,0.00312175259937
0.0104567475959,-0.000376272061827
0.0136577927783,-0.00385447570036
0.017285643985,-0.00731285831623
0.0213403012161,-0.0107514199094
0.0258217644715,-0.01417016048
0.0307300337511,-0.0175690800279
0.0360651090552,-0.0209481785531
0.0418269903835,-0.0243074560556
0.0480156777362,-0.0276469125355
0.0546311711132,-0.0309665479927
0.0616734705145,-0.0342663624273
0.0691425759401,-0.0375463558392
0.07703848739,-0.0408065282284
0.0853612048643,-0.044046879595
0.0940859245216,-0.0471762101422
0.103187842521,-0.0501033200734
0.112666958862,-0.0528282093886
0.122523273545,-0.0553508780878
0.132756786569,-0.0576713261709
0.143367497935,-0.059789553638
0.154355407644,-0.0617055604891
0.165720515694,-0.0634193467241
0.177462822086,-0.0649309123431
0.189582326819,-0.0662402573461
0.202079029895,-0.0673473817331
0.214952931312,-0.068252285504
0.228204031071,-0.0689549686589
0.241832329172,-0.0694554311978
0.255837825615,-0.0697536731207
0.270220520399,-0.0698496944275
0.284980413525,-0.0697434951183
0.300117504994,-0.0694350751931
0.315631794804,-0.0689244346518
0.331523282955,-0.0682115734946
0.347648522049,-0.0673864618411
0.363864064685,-0.0665390698114
0.380169910862,-0.0656693974054
0.396566060582,-0.0647774446232
0.413052513844,-0.0638632114646
0.429629270647,-0.0629266979298
0.446296330993,-0.0619679040187
0.463053694881,-0.0609868297313
0.479901362311,-0.0599834750676
0.496839333282,-0.0589578400276
0.513867607796,-0.0579099246114
0.530986185852,-0.0568397288189
0.548195067449,-0.0557472526501
0.565494252589,-0.054632496105
0.582883741271,-0.0534954591837
0.600363533495,-0.052336141886
0.61793362926,-0.0511545442121
0.635594028568,-0.0499506661619
0.653344731418,-0.0487245077354
0.67118573781,-0.0474760689326
0.68899962372,-0.0461607787189
0.706668965125,-0.0447340660597
0.724193762024,-0.0431959309548
0.741574014418,-0.0415463734044
0.758809722307,-0.0397853934085
0.775900885691,-0.0379129909669
0.792847504569,-0.0359291660798
0.809649578942,-0.0338339187471
0.826307108809,-0.0316272489688
0.842820094171,-0.0293091567449
0.859188535028,-0.0268796420755
0.87541243138,-0.0243387049605
0.891491783226,-0.0216863454
0.907426590567,-0.0189225633938
0.923216853402,-0.0160473589421
0.938862571732,-0.0130607320449
0.954363745557,-0.009962682702
0.969720374877,-0.00675321091357
0.984932459691,-0.00343231667957
1.0,0.0
