1.0,0.0
0.988473608692,0.00690715850497
0.976523629354,0.0135959365761
0.964150061986,0.0200663342135
0.951352906589,0.0263183514171
0.938132163162,0.0323519881869
0.924487831706,0.0381672445229
0.91041991222,0.0437641204251
0.895928404705,0.0491426158935
0.881013309159,0.054302730928
0.865674625584,0.0592444655288
0.84991235398,0.0639678196958
0.833726494346,0.068472793429
0.817117046682,0.0727593867284
0.800084010989,0.0768275995941
0.782627387266,0.0806774320259
0.764747175514,0.0843088840239
0.746443375731,0.0877219555881
0.72771598792,0.0909166467185
0.708565012078,0.0938929574151
0.688990448207,0.096650887678
0.669336969807,0.0992458089247
0.64994925038,0.101733092573
0.630827289925,0.104112738623
0.611971088442,0.106384747075
0.593380645931,0.108549117928
0.575055962392,0.110605851183
0.556997037826,0.11255494684
0.539203872232,0.114396404898
0.52167646561,0.116130225358
0.50441481796,0.11775640822
0.487418929282,0.119274953483
0.470688799577,0.120685861148
0.454224428844,0.121989131214
0.438025817083,0.123184763683
0.422092964294,0.124272758553
0.406425870478,0.125253115824
0.391024535633,0.126125835497
0.375888959761,0.126890917572
0.361019142861,0.127548362049
0.346415084934,0.128098168927
0.332053556828,0.128492197402
0.317911329392,0.128682306671
0.303988402628,0.128668496732
0.290284776534,0.128450767587
0.276800451111,0.128029119234
0.263535426359,0.127403551675
0.250489702277,0.126574064908
0.237663278867,0.125540658935
0.225056156127,0.124303333754
0.212668334057,0.122862089367
0.200499812659,0.121216925773
0.188550591932,0.119367842971
0.176820671875,0.117314840963
0.165310052489,0.115057919748
0.154018733774,0.112597079325
0.142946715729,0.109932319696
0.132093998356,0.10706364086
0.121460581653,0.103991042816
0.111046465621,0.100714525566
0.100851650259,0.097234089109
0.091018614359,0.0936514334014
0.08168983671,0.0900682584003
0.0728653173123,0.0864845641055
0.0645450561659,0.0829003505171
0.0567290532708,0.079315617635
0.049417308627,0.0757303654593
0.0426098222345,0.07214459399
0.0363065940933,0.0685583032271
0.0305076242034,0.0649714931705
0.0252129125648,0.0613841638203
0.0204224591775,0.0577963151764
0.0161362640415,0.054207947239
0.0123543271568,0.0506190600079
0.00907664852333,0.0470296534831
0.0063032281412,0.0434397276647
0.00403406601037,0.0398492825527
0.00226916213083,0.0362583181471
0.00100851650259,0.0326668344478
0.000252129125648,0.0290748314549
0.0,0.0254823091684
0.000219128078617,0.0218979577834
0.000876512314469,0.0183304674952
0.00197215270756,0.0147798383037
0.00350604925788,0.011246070209
0.00547820196543,0.007729163211
0.00788861083022,0.00422911730977
0.0107372758523,0.000745932505275
0.0140241970315,-0.00272039120247
0.017749374368,-0.00616985381347
0.0219128078617,-0.00960245532771
0.0265144975127,-0.0130181957452
0.0315544433209,-0.016417075066
0.0370326452863,-0.01979909329
0.042949103409,-0.0231642504172
0.0493038176889,-0.0265125464478
0.056096788126,-0.0298439813815
0.0633280147204,-0.0331585552185
0.070997497472,-0.0364562679588
0.0791052363809,-0.0397371196023
0.0876512314469,-0.0430011101491
0.0965935910444,-0.0461574337666
0.105890423547,-0.0491152846223
0.115541728956,-0.0518746627163
0.12554750727,-0.0544355680484
0.13590775849,-0.0567980006188
0.146622482615,-0.0589619604273
0.157691679646,-0.0609274474741
0.169115349583,-0.0626944617591
0.180893492425,-0.0642630032823
0.193026108172,-0.0656330720437
0.205513196825,-0.0668046680434
0.218354758384,-0.0677777912812
0.231550792848,-0.0685524417572
0.245101300218,-0.0691286194715
0.259006280494,-0.069506324424
0.273265733675,-0.0696855566147
0.287879659761,-0.0696663160436
0.302848058753,-0.0694486027107
0.318170930651,-0.069032416616
0.333848275454,-0.0684177577595
0.349761725619,-0.0676907231444
0.3657929136,-0.0669374097738
0.381941839398,-0.0661578176476
0.398208503013,-0.0653519467659
0.414592904445,-0.0645197971287
0.431095043694,-0.063661368736
0.44771492076,-0.0627766615878
0.464452535642,-0.061865675684
0.481307888342,-0.0609284110247
0.498280978858,-0.0599648676099
0.515371807191,-0.0589750454396
0.532580373341,-0.0579589445138
0.549906677308,-0.0569165648324
0.567350719092,-0.0558479063956
0.584912498693,-0.0547529692032
0.60259201611,-0.0536317532553
0.620389271345,-0.0524842585519
0.638304264396,-0.0513104850929
0.656336995264,-0.0501104328785
0.674487463949,-0.0488841019085
0.692600116003,-0.0475843948234
0.710519396978,-0.0461642142635
0.728245306874,-0.0446235602288
0.74577784569,-0.0429624327194
0.763117013428,-0.0411808317352
0.780262810087,-0.0392787572762
0.797215235666,-0.0372562093425
0.813974290166,-0.035113187934
0.830539973587,-0.0328496930507
0.846912285929,-0.0304657246927
0.863091227192,-0.0279612828599
0.879076797376,-0.0253363675523
0.894868996481,-0.0225909787699
0.910467824507,-0.0197251165128
0.925873281453,-0.0167387807809
0.941085367321,-0.0136319715743
0.956104082109,-0.0104046888929
0.970929425819,-0.00705693273668
0.985561398449,-0.00358870310572
1.0,0.0
