1.0,0.0
0.98351087845,0.00589538554107
0.966987828773,0.0116608421806
0.95043085097,0.0172963699187
0.933839945041,0.0228019687552
0.917215110985,0.0281776386903
0.900556348803,0.0334233797238
0.883863658495,0.0385391918558
0.86713704006,0.0435250750863
0.850376493499,0.0483810294153
0.833582018812,0.0531070548429
0.816753615998,0.0577031513688
0.799891285058,0.0621693189933
0.782995025992,0.0665055577163
0.766064838799,0.0707118675378
0.74910072348,0.0747882484578
0.732102680034,0.0787347004762
0.715070708463,0.0825512235932
0.698004808765,0.0862378178086
0.68090498094,0.0897944831226
0.663771224989,0.093221219535
0.646672595573,0.096497314998
0.629678147352,0.0996020574634
0.612787880327,0.102535446931
0.596001794496,0.105297483402
0.579319889861,0.107888166875
0.562742166422,0.11030749735
0.546268624177,0.112555474828
0.529899263128,0.114632099309
0.513634083274,0.116537370792
0.497473084616,0.118271289278
0.481416267153,0.119833854766
0.465463630885,0.121225067257
0.449615175812,0.12244492675
0.433870901935,0.123493433245
0.418230809253,0.124370586744
0.402694897767,0.125076387244
0.387263167475,0.125610834747
0.37193561838,0.125973929253
0.356712250479,0.126165670762
0.341593063774,0.126186059272
0.32666399244,0.126043973874
0.312010970655,0.125748293655
0.297633998419,0.125299018616
0.283533075732,0.124696148756
0.269708202593,0.123939684075
0.256159379003,0.123029624574
0.242886604962,0.121965970252
0.229889880469,0.120748721109
0.217169205524,0.119377877146
0.204724580129,0.117853438363
0.192556004282,0.116175404758
0.180663477984,0.114343776333
0.169047001234,0.112358553088
0.157706574033,0.110219735022
0.146642196381,0.107927322135
0.135853868277,0.105481314428
0.125341589722,0.1028817119
0.115105360715,0.100128514551
0.105145181258,0.0972217223823
0.0954610513484,0.0941613353925
0.086153598842,0.0910149736741
0.0773234515922,0.087850257319
0.0689706095992,0.084667186327
0.061095072863,0.0814657606983
0.0536968413835,0.0782459804328
0.0467759151607,0.0750078455306
0.0403322941947,0.0717513559916
0.0343659784854,0.0684765118158
0.0288769680329,0.0651833130033
0.0238652628371,0.0618717595539
0.0193308628981,0.0585418514679
0.0152737682157,0.055193588745
0.0116939787902,0.0518269713854
0.00859149462136,0.048441999389
0.00596631570928,0.0450386727558
0.00381844205394,0.0416169914859
0.00214787365534,0.0381769555792
0.000954610513484,0.0347185650358
0.000238652628371,0.0312418198555
0.0,0.0277467200385
0.00025396246981,0.0242393770608
0.00101584987924,0.0207259023986
0.00228566222829,0.0172062960516
0.00406339951696,0.0136805580201
0.00634906174525,0.010148688304
0.00914264891316,0.00661068690326
0.0124441610207,0.00306655381791
0.0162535980678,-0.000483710952046
0.0205709600546,-0.00404010740662
0.025396246981,-0.0076026355458
0.030729458847,-0.0111712953696
0.0365705956526,-0.014746086878
0.0429196573979,-0.018327010071
0.0497766440828,-0.0219140649486
0.0571415557072,-0.0255072515109
0.0650143922714,-0.0291065697577
0.0733951537751,-0.0327120196891
0.0822838402184,-0.0363236013052
0.0916804516014,-0.0399413146059
0.101584987924,-0.0435651595912
0.111853617011,-0.0470838635488
0.122342506687,-0.0503861537667
0.133051656951,-0.0534720302447
0.143981067805,-0.0563414929829
0.155130739248,-0.0589945419812
0.166500671279,-0.0614311772397
0.1780908639,-0.0636513987584
0.189901317109,-0.0656552065373
0.201932030907,-0.0674426005763
0.214183005295,-0.0690135808755
0.226654240271,-0.0703681474349
0.239345735836,-0.0715063002544
0.25225749199,-0.0724280393341
0.265389508733,-0.073133364674
0.278741786065,-0.073622276274
0.292314323985,-0.0738947741342
0.306107122495,-0.0739508582546
0.320120181594,-0.0737905286352
0.334353501281,-0.0734137852759
0.348807081558,-0.0728206281768
0.363396533683,-0.0720840824776
0.378037468917,-0.0712771733181
0.39272988726,-0.0703999006982
0.40747378871,-0.0694522646181
0.42226917327,-0.0684342650776
0.437116040938,-0.0673459020768
0.452014391715,-0.0661871756157
0.4669642256,-0.0649580856942
0.481965542593,-0.0636586323125
0.497018342696,-0.0622888154704
0.512122625907,-0.060848635168
0.527278392226,-0.0593380914052
0.542485641654,-0.0577571841822
0.55774437419,-0.0561059134988
0.573054589835,-0.0543842793551
0.588416288589,-0.0525922817511
0.603829470451,-0.0507299206867
0.619294135422,-0.0487971961621
0.634810283501,-0.0467941081771
0.650377914689,-0.0447206567318
0.666065674007,-0.0426056535733
0.681942206478,-0.0404779104486
0.698007512101,-0.0383374273579
0.714261590876,-0.036184204301
0.730704442804,-0.0340182412781
0.747336067884,-0.031839538289
0.764156466116,-0.0296480953338
0.781165637501,-0.0274439124125
0.798363582038,-0.025226989525
0.815750299727,-0.0229973266715
0.833325790569,-0.0207549238519
0.851090054563,-0.0184997810661
0.869043091709,-0.0162318983142
0.887184902008,-0.0139512755963
0.905515485459,-0.0116579129122
0.924034842063,-0.00935181026195
0.942742971818,-0.00703296764563
0.961639874727,-0.0047013850632
0.980725550787,-0.00235706251466
1.0,0.0
