1.0,0.0
0.984168451365,0.00578519722119
0.968228255453,0.0114438529041
0.952179412264,0.0169759670486
0.936021921799,0.0223815396548
0.919755784056,0.0276605707227
0.903380999036,0.0328130602522
0.886897566739,0.0378390082434
0.870305487166,0.0427384146963
0.853604760315,0.0475112796108
0.836795386187,0.0521576029871
0.819877364783,0.056677384825
0.802850696101,0.0610706251245
0.785715380143,0.0653373238858
0.768471416907,0.0694774811087
0.751118806395,0.0734910967932
0.733657548606,0.0773781709395
0.716087643539,0.0811387035474
0.698409091196,0.084772694617
0.680621891576,0.0882801441482
0.662726044678,0.0916610521412
0.644866976121,0.0948971828314
0.627190111522,0.0979703004548
0.60969545088,0.100880405011
0.592382994195,0.103627496501
0.575252741468,0.106211574923
0.558304692698,0.108632640278
0.541538847886,0.110890692567
0.524955207031,0.112985731788
0.508553770134,0.114917757943
0.492334537194,0.116686771031
0.476297508211,0.118292771051
0.460442683186,0.119735758005
0.444770062119,0.121015731892
0.429279645009,0.122132692712
0.413971431856,0.123086640464
0.398845422661,0.12387757515
0.383901617423,0.124505496769
0.369140016143,0.124970405321
0.35456061882,0.125272300806
0.340163425455,0.125411183224
0.325968608213,0.125391078273
0.311996339262,0.125216011652
0.298246618601,0.124885983361
0.284719446231,0.1244009934
0.271414822151,0.123761041768
0.258332746361,0.122966128466
0.245473218862,0.122016253493
0.232836239653,0.12091141685
0.220421808734,0.119651618537
0.208229926106,0.118236858554
0.196260591768,0.1166671369
0.184513805721,0.114942453576
0.172989567964,0.113062808582
0.161687878497,0.111028201917
0.150608737321,0.108838633582
0.139752144435,0.106494103577
0.129118099839,0.103994611901
0.118706603534,0.101340158555
0.108517655519,0.0985307435389
0.098551255794,0.0955663668523
0.0889425083541,0.0925113059032
0.0798265171932,0.0894298380994
0.0712032823112,0.0863219634407
0.0630728037082,0.0831876819273
0.0554350813842,0.0800269935592
0.0482901153391,0.0768398983362
0.041637905573,0.0736263962585
0.0354784520859,0.070386487326
0.0298117548777,0.0671201715388
0.0246378139485,0.0638274488968
0.0199566292983,0.0605083194
0.015768200927,0.0571627830484
0.0120725288348,0.0537908398421
0.00886961302146,0.050392489781
0.00615945348713,0.0469677328651
0.00394205023176,0.0435165690944
0.00221740325537,0.040038998469
0.00098551255794,0.0365350209888
0.000246378139485,0.0330046366539
0.0,0.0294478454642
0.000257516700673,0.0258747924498
0.00103006680269,0.022295622641
0.00231765030606,0.0187103360376
0.00412026721077,0.0151189326398
0.00643791751683,0.0115214124475
0.00927060122424,0.00791777546076
0.012618318333,0.0043080216795
0.0164810688431,0.000692151103753
0.0208588527545,-0.00292983626648
0.0257516700673,-0.0065579404312
0.0311595207815,-0.0101921613904
0.037082404897,-0.0138324991441
0.0435203224138,-0.0174789536923
0.050473273332,-0.0211315250349
0.0579412576515,-0.0247902131721
0.0659242753724,-0.0284550181037
0.0744223264946,-0.0321259398298
0.0834354110182,-0.0358029783504
0.0929635289431,-0.0394861336655
0.103006680269,-0.043175405775
0.113414405318,-0.0467568325461
0.124036244411,-0.0501164518455
0.134872197547,-0.0532542636734
0.145922264728,-0.0561702680298
0.157186445952,-0.0588644649145
0.16866474122,-0.0613368543278
0.180357150531,-0.0635874362694
0.192263673887,-0.0656162107395
0.204384311286,-0.067423177738
0.21671906273,-0.069008337265
0.229267928217,-0.0703716893204
0.242030907748,-0.0715132339042
0.255008001322,-0.0724329710165
0.268199208941,-0.0731309006572
0.281604530603,-0.0736070228264
0.295223966309,-0.073861337524
0.309057516059,-0.07389384475
0.323105179853,-0.0737045445045
0.337366957691,-0.0732934367874
0.351842849572,-0.0726605215987
0.366456247233,-0.0718857935961
0.381130542409,-0.071049247437
0.395865735099,-0.0701508831216
0.410661825304,-0.0691907006498
0.425518813025,-0.0681687000216
0.44043669826,-0.067084881237
0.45541548101,-0.065939244296
0.470455161274,-0.0647317891986
0.485555739054,-0.0634625159448
0.500717214349,-0.0621314245346
0.515939587158,-0.060738514968
0.531222857482,-0.059283787245
0.546567025321,-0.0577672413657
0.561972090675,-0.0561888773299
0.577438053544,-0.0545486951378
0.592964913928,-0.0528466947892
0.608552671826,-0.0510828762843
0.62420132724,-0.0492572396229
0.639910880168,-0.0473697848052
0.655681330611,-0.0454205118311
0.671552981525,-0.0434257876018
0.687566135866,-0.0414019790186
0.703720793634,-0.0393490860815
0.720016954828,-0.0372671087904
0.73645461945,-0.0351560471454
0.753033787498,-0.0330159011465
0.769754458974,-0.0308466707937
0.786616633876,-0.028648356087
0.803620312205,-0.0264209570263
0.820765493961,-0.0241644736117
0.838052179144,-0.0218789058432
0.855480367754,-0.0195642537207
0.87305005979,-0.0172205172444
0.890761255254,-0.0148476964141
0.908613954144,-0.0124457912299
0.926608156462,-0.0100148016918
0.944743862206,-0.0075547277997
0.963021071377,-0.00506556955373
0.981439783975,-0.00254732695382
1.0,0.0
