1.0,0.0
0.983235484737,0.00594310666192
0.966441591568,0.0117502632672
0.949618320494,0.0174214698159
0.932765671513,0.022956726308
0.915883644627,0.0283560327435
0.898972239835,0.0336193891223
0.882031457136,0.0387467954446
0.865061296533,0.0437382517102
0.848061758023,0.0485937579193
0.831032841607,0.0533133140717
0.813974547285,0.0578969201675
0.796886875058,0.0623445762067
0.779769824925,0.0666562821893
0.762623396886,0.0708320381152
0.745447590941,0.0748718439846
0.72824240709,0.0787756997973
0.711007845333,0.0825436055535
0.69374390567,0.086175561253
0.676450588102,0.0896715668959
0.659127892628,0.0930316224822
0.641869442717,0.096239960152
0.624768861841,0.0992808120454
0.607826149998,0.102154178162
0.591041307189,0.104860058503
0.574414333413,0.107398453067
0.557945228672,0.109769361854
0.541633992964,0.111972784866
0.52548062629,0.1140087221
0.50948512865,0.115877173559
0.493647500044,0.117578139241
0.477967740471,0.119111619146
0.462445849932,0.120477613275
0.447081828427,0.121676121628
0.431875675956,0.122707144204
0.416827392518,0.123570681003
0.401936978114,0.124266732027
0.387204432744,0.124795297274
0.372629756408,0.125156376744
0.358212949106,0.125349970438
0.343954010837,0.125376078355
0.329875814712,0.125244941171
0.316001233842,0.124966799559
0.302330268226,0.124541653518
0.288862917864,0.12396950305
0.275599182757,0.123250348155
0.262539062904,0.122384188831
0.249682558305,0.12137102508
0.23702966896,0.120210856901
0.22458039487,0.118903684294
0.212334736034,0.11744950726
0.200292692452,0.115848325797
0.188454264125,0.114100139907
0.176819451052,0.112204949589
0.165388253233,0.110162754844
0.154160670668,0.10797355567
0.143136703358,0.105637352069
0.132316351302,0.10315414404
0.1216996145,0.100523931583
0.111286492953,0.0977467146984
0.10107698666,0.094822493386
0.0912219804604,0.0918112859536
0.0818723591943,0.0887731107087
0.0730281228616,0.0857079676513
0.0646892714622,0.0826158567815
0.0568558049961,0.0794967780993
0.0495277234632,0.0763507316047
0.0427050268637,0.0731777172976
0.0363877151975,0.0699777351781
0.0305757884646,0.0667507852462
0.0252692466649,0.0634968675019
0.0204680897986,0.0602159819451
0.0161723178655,0.0569081285758
0.0123819308658,0.0535733073942
0.00909692879937,0.0502115184001
0.00631731166623,0.0468227615936
0.00404307946639,0.0434070369746
0.00227423219984,0.0399643445432
0.0010107698666,0.0364946842994
0.000252692466649,0.0329980562432
0.0,0.0294744603745
0.000264393270008,0.0259330377943
0.00105757308003,0.0223829296033
0.00237953943008,0.0188241358017
0.00423029232013,0.0152566563894
0.00660983175021,0.0116804913664
0.0095181577203,0.00809564073274
0.0129552702304,0.00450210448836
0.0169211692805,0.000899882633293
0.0214158548707,-0.00271102483246
0.0264393270008,-0.00633061790891
0.031991585671,-0.00995889659604
0.0380726308812,-0.0135958608939
0.0446824626314,-0.0172415108024
0.0518210809216,-0.0208958463216
0.0594884857519,-0.0245588674515
0.0676846771221,-0.0282305741921
0.0764096550324,-0.0319109665433
0.0856634194827,-0.0356000445053
0.095445970473,-0.039297808078
0.105757308003,-0.0430042572613
0.116420908451,-0.0466022814331
0.127260248193,-0.0499747699712
0.13827532723,-0.0531217228755
0.149466145562,-0.0560431401461
0.160832703188,-0.0587390217829
0.172375000109,-0.061209367786
0.184093036325,-0.0634541781554
0.195986811836,-0.065473452891
0.208056326641,-0.0672671919928
0.22030158074,-0.0688353954609
0.232722574135,-0.0701780632953
0.245319306824,-0.0712951954959
0.258091778808,-0.0721867920628
0.271039990086,-0.0728528529959
0.284163940659,-0.0732933782953
0.297463630527,-0.073508367961
0.31093905969,-0.0734978219929
0.324590228147,-0.073261740391
0.338417135899,-0.0728001231554
0.352419782945,-0.0721129702861
0.366556751321,-0.0712850334122
0.380786623061,-0.0704010641629
0.395109398165,-0.0694610625382
0.409525076633,-0.0684650285382
0.424033658466,-0.0674129621627
0.438635143662,-0.0663048634119
0.453329532223,-0.0651407322856
0.468116824147,-0.063920568784
0.482997019436,-0.062644372907
0.497970118089,-0.0613121446545
0.513036120106,-0.0599238840267
0.528195025487,-0.0584795910236
0.543446834232,-0.056979265645
0.558791546342,-0.055422907891
0.574229161815,-0.0538105177616
0.589759680653,-0.0521420952569
0.605383102854,-0.0504176403767
0.62109942842,-0.0486371531212
0.63690865735,-0.0468006334903
0.652810789644,-0.044908081484
0.668829917447,-0.0429712714959
0.684990132905,-0.0410019779199
0.701291436016,-0.0390002007558
0.717733826782,-0.0369659400038
0.734317305202,-0.0348991956637
0.751041871276,-0.0327999677356
0.767907525004,-0.0306682562194
0.784914266386,-0.0285040611153
0.802062095423,-0.0263073824231
0.819351012114,-0.0240782201429
0.836781016458,-0.0218165742747
0.854352108457,-0.0195224448185
0.872064288111,-0.0171958317742
0.889917555418,-0.014836735142
0.90791191038,-0.0124451549217
0.926047352995,-0.0100210911134
0.944323883265,-0.00756454371707
0.962741501189,-0.00507551273273
0.981300206768,-0.00255399816038
1.0,0.0
