1.0,0.0
0.983798503392,0.00577911779837
0.967500402493,0.0114355317132
0.951105697303,0.0169692417445
0.934614387823,0.0223802478922
0.918026474051,0.0276685501564
0.90134195599,0.032834148537
0.884560833637,0.0378770430341
0.867683106994,0.0427972336476
0.85070877606,0.0475947203776
0.833637840835,0.0522695032241
0.816470301319,0.056821582187
0.799206157513,0.0612509572663
0.781845409416,0.0655576284621
0.764388057029,0.0697415957744
0.74683410035,0.0738028592031
0.729183539381,0.0777414187482
0.711436374122,0.0815572744099
0.693592604571,0.0852504261879
0.67565223073,0.0888208740824
0.657615252598,0.0922686180934
0.639643415614,0.0955694622469
0.621898465216,0.0986992105691
0.604380401405,0.10165786306
0.587089224181,0.104445419719
0.570024933543,0.107061880547
0.553187529492,0.109507245544
0.536577012027,0.111781514709
0.520193381148,0.113884688043
0.504036636857,0.115816765546
0.488106779151,0.117577747217
0.472403808033,0.119167633057
0.4569277235,0.120586423065
0.441678525555,0.121834117242
0.426656214196,0.122910715588
0.411860789423,0.123816218102
0.397292251237,0.124550624785
0.382950599638,0.125113935637
0.368835834625,0.125506150657
0.354947956198,0.125727269846
0.341286964358,0.125777293203
0.327820840177,0.125665876927
0.314517564725,0.125402677214
0.301377138004,0.124987694065
0.288399560012,0.12442092748
0.275584830751,0.123702377458
0.26293295022,0.122832044
0.250443918419,0.121809927106
0.238117735348,0.120636026776
0.225954401008,0.119310343009
0.213953915397,0.117832875806
0.202116278516,0.116203625166
0.190441490366,0.114422591091
0.178929550945,0.112489773579
0.167580460255,0.11040517263
0.156394218295,0.108168788246
0.145370825065,0.105780620425
0.134510280565,0.103240669168
0.123812584795,0.100548934474
0.113277737756,0.0977054163444
0.102905739446,0.0947101147783
0.0928724298499,0.0916275550865
0.0833536489512,0.0885222625797
0.0743493967496,0.0853942372579
0.0658596732454,0.0822434791209
0.0578844784383,0.079069988169
0.0504238123285,0.075873764402
0.0434776749159,0.0726548078199
0.0370460662005,0.0694131184229
0.0311289861824,0.0661486962107
0.0257264348615,0.0628615411835
0.0208384122378,0.0595516533413
0.0164649183113,0.056219032684
0.0126059530821,0.0528636792117
0.00926151655013,0.0494855929243
0.00643160871537,0.0460847738219
0.00411622957783,0.0426612219045
0.00231537913753,0.039214937172
0.00102905739446,0.0357459196244
0.000257264348615,0.0322541692618
0.0,0.0287396860842
0.000249856414913,0.0252094052509
0.000999425659653,0.0216702619216
0.00224870773422,0.0181222560962
0.00399770263861,0.0145653877747
0.00624641037283,0.0109996569571
0.00899483093688,0.00742506364337
0.0122429643308,0.00384160783356
0.0159908105545,0.000249289527651
0.020238369608,-0.00335189127436
0.0249856414913,-0.00696193457247
0.0302326262045,-0.0105808403667
0.0359793237475,-0.014208608657
0.0422257341203,-0.0178452394434
0.048971857323,-0.0214907327259
0.0562176933555,-0.0251450885045
0.0639632422178,-0.0288083067792
0.0722085039099,-0.03248038755
0.0809534784319,-0.0361613308169
0.0901981657837,-0.0398511365799
0.0999425659653,-0.043549804839
0.1100565498,-0.0471414211181
0.12040998811,-0.0505100709411
0.131002880897,-0.0536557543081
0.14183522816,-0.056578471219
0.152907029899,-0.0592782216739
0.164218286113,-0.0617550056726
0.175768996804,-0.0640088232153
0.187559161971,-0.0660396743019
0.199588781614,-0.0678475589325
0.211857855733,-0.0694324771069
0.224366384328,-0.0707944288253
0.2371143674,-0.0719334140877
0.250101804947,-0.0728494328939
0.26332869697,-0.0735424852441
0.276795043469,-0.0740125711383
0.290500844445,-0.0742596905763
0.304446099896,-0.0742838435583
0.318630809824,-0.0740850300842
0.333054974227,-0.0736632501541
0.347718593107,-0.0730185037678
0.362526841291,-0.0722292787623
0.377384893609,-0.0713740629742
0.392292750061,-0.0704528564037
0.407250410647,-0.0694656590506
0.422257875366,-0.068412470915
0.437315144219,-0.0672932919968
0.452422217205,-0.0661081222961
0.467579094325,-0.064856961813
0.482785775579,-0.0635398105472
0.498042260967,-0.062156668499
0.513348550488,-0.0607075356682
0.528704644143,-0.059192412055
0.544110541932,-0.0576112976591
0.559566243854,-0.0559641924808
0.57507174991,-0.05425109652
0.590627060099,-0.0524720097766
0.606232174423,-0.0506269322507
0.62188709288,-0.0487158639423
0.63759181547,-0.0467388048513
0.653346342195,-0.0446957549778
0.669203433691,-0.0426117725889
0.685215850597,-0.0405119159516
0.701383592913,-0.0383961850658
0.717706660639,-0.0362645799316
0.734185053775,-0.034117100549
0.75081877232,-0.031953746918
0.767607816276,-0.0297745190385
0.784552185641,-0.0275794169107
0.801651880417,-0.0253684405344
0.818906900602,-0.0231415899097
0.836317246197,-0.0208988650366
0.853882917202,-0.0186402659151
0.871603913617,-0.0163657925452
0.889480235442,-0.0140754449268
0.907511882677,-0.0117692230601
0.925698855322,-0.00944712694488
0.944041153377,-0.00710915658129
0.962538776841,-0.00475531196927
0.981191725716,-0.00238559310884
1.0,0.0
