1.0,0.0
0.983767016051,0.00589379547761
0.967476287132,0.011655207284
0.951127813241,0.0172842354191
0.934721594379,0.022780879883
0.918257630546,0.0281451406757
0.901735921742,0.0333770177972
0.885156467966,0.0384765112474
0.86851926922,0.0434436210264
0.851824325502,0.0482783471342
0.835071636813,0.0529806895708
0.818261203153,0.0575506483361
0.801393024522,0.0619882234302
0.78446710092,0.066293414853
0.767483432346,0.0704662226047
0.750442018801,0.0745066466851
0.733342860286,0.0784146870942
0.716185956799,0.0821903438322
0.698971308341,0.0858336168989
0.681698914912,0.0893445062944
0.664368776511,0.0927230120187
0.647063958412,0.0959524162837
0.629867525885,0.0990160013015
0.612779478931,0.101913767072
0.59579981755,0.104645713596
0.578928541741,0.107211840872
0.562165651506,0.109612148901
0.545511146843,0.111846637683
0.528965027753,0.113915307217
0.512527294235,0.115818157505
0.496197946291,0.117555188545
0.479976983919,0.119126400338
0.46386440712,0.120531792883
0.447860215894,0.121771366182
0.43196441024,0.122845120233
0.416176990159,0.123753055037
0.400497955651,0.124495170594
0.384927306716,0.125071466904
0.369465043354,0.125481943966
0.354111165564,0.125726601782
0.338865673347,0.12580544035
0.323820465554,0.12572430734
0.309067441034,0.125489050423
0.294606599788,0.125099669597
0.280437941817,0.124556164864
0.266561467119,0.123858536222
0.252977175695,0.123006783672
0.239685067545,0.122000907215
0.226685142669,0.120840906849
0.213977401066,0.119526782576
0.201561842738,0.118058534394
0.189438467684,0.116436162305
0.177607275903,0.114659666307
0.166068267397,0.112729046401
0.154821442164,0.110644302588
0.143866800206,0.108405434866
0.133204341521,0.106012443237
0.12283406611,0.103465327699
0.112755973973,0.100764088253
0.10297006511,0.0979087248997
0.0934763395211,0.0948992376381
0.0843623964178,0.0918017356081
0.0757158350121,0.0886823279495
0.067536655304,0.0855410146622
0.0598248572935,0.0823777957463
0.0525804409806,0.0791926712016
0.0458034063653,0.0759856410283
0.0394937534477,0.0727567052264
0.0336514822276,0.0695058637957
0.0282765927051,0.0662331167365
0.0233690848803,0.0629384640485
0.018928958753,0.0596219057319
0.0149562143234,0.0562834417866
0.0114508515913,0.0529230722126
0.0084128705569,0.04954079701
0.00584227122007,0.0461366161787
0.00373905358084,0.0427105297188
0.00210321763922,0.0392625376302
0.000934763395211,0.0357926399129
0.000233690848803,0.0323008365669
0.0,0.0287871275923
0.00025623757501,0.0252552499857
0.00102495030004,0.0217089407437
0.00230613817509,0.0181481998663
0.00409980120016,0.0145730273536
0.00640593937526,0.0109834232055
0.00922455270037,0.00737938742211
0.0125556411755,0.00376092000331
0.0163992048007,0.000128020949153
0.0207552435758,-0.00351930974037
0.025623757501,-0.00718107206524
0.0310047465762,-0.0108572660255
0.0368982108015,-0.0145478916211
0.0433041501767,-0.018252948852
0.050222564702,-0.0219724377184
0.0576534543773,-0.0257063582201
0.0655968192026,-0.0294547103571
0.074052659178,-0.0332174941295
0.0830209743033,-0.0369947095373
0.0925017645787,-0.0407863565804
0.102495030004,-0.0445924352589
0.11284868657,-0.0482874907065
0.123410650268,-0.051746068057
0.134180921098,-0.0549681673105
0.14515949906,-0.0579537884668
0.156346384153,-0.060702931526
0.167741576379,-0.0632155964881
0.179345075736,-0.0654917833531
0.191156882224,-0.067531492121
0.203176995845,-0.0693347227918
0.215405416597,-0.0709014753655
0.227842144482,-0.0722317498421
0.240487179498,-0.0733255462216
0.253340521645,-0.074182864504
0.266402170925,-0.0748037046893
0.279672127336,-0.0751880667776
0.293150390879,-0.0753359507686
0.306836961554,-0.0752473566626
0.320731839361,-0.0749222844595
0.334835024299,-0.0743607341593
0.349146516369,-0.073562705762
0.363601421295,-0.0726175876447
0.3781348448,-0.0716147681845
0.392746786884,-0.0705542473814
0.407437247548,-0.0694360252353
0.42220622679,-0.0682601017464
0.437053724612,-0.0670264769145
0.451979741013,-0.0657351507398
0.466984275994,-0.0643861232221
0.482067329553,-0.0629793943615
0.497228901692,-0.061514964158
0.51246899241,-0.0599928326116
0.527787601707,-0.0584129997223
0.543184729584,-0.0567754654901
0.558660376039,-0.0550802299149
0.574214541074,-0.0533272929969
0.589847224689,-0.0515166547359
0.605558426882,-0.0496483151321
0.621348147655,-0.0477222741853
0.637216387006,-0.0457385318956
0.653163144938,-0.043697088263
0.669216953435,-0.0416210659535
0.685406344485,-0.0395335876331
0.701731318089,-0.0374346533018
0.718191874246,-0.0353242629596
0.734788012957,-0.0332024166064
0.75151973422,-0.0310691142424
0.768387038037,-0.0289243558674
0.785389924407,-0.0267681414815
0.80252839333,-0.0246004710847
0.819802444807,-0.022421344677
0.837212078836,-0.0202307622584
0.854757295419,-0.0180287238289
0.872438094556,-0.0158152293885
0.890254476245,-0.0135902789372
0.908206440488,-0.0113538724749
0.926293987284,-0.00910601000174
0.944517116633,-0.00684669151767
0.962875828535,-0.00457591702269
0.981370122991,-0.0022936865168
1.0,0.0
