1.0,0.0
0.983947289581,0.00579920134522
0.96781385499,0.0114711723149
0.951599696225,0.0170159129091
0.935304813288,0.0224334231278
0.918929206178,0.0277237029709
0.902472874894,0.0328867524385
0.885935819438,0.0379225715306
0.869318039809,0.0428311602471
0.852619536007,0.0476125185882
0.835840308032,0.0522666465537
0.818980355884,0.0567935441437
0.802039679563,0.0611932113582
0.785018279069,0.0654656481971
0.767916154402,0.0696108546606
0.750733305563,0.0736288307485
0.73346973255,0.0775195764608
0.716125435364,0.0812830917977
0.698700414006,0.084919376759
0.681194668475,0.0884284313449
0.66360819877,0.0918102555552
0.646063589616,0.095045447459
0.628683425733,0.0981146051254
0.611467707123,0.101017728554
0.594416433786,0.103754817746
0.577529605721,0.1063258727
0.560807222928,0.108730893417
0.544249285407,0.110969879896
0.527855793159,0.113042832138
0.511626746184,0.114949750143
0.49556214448,0.11669063391
0.479661988049,0.118265483439
0.463926276891,0.119674298732
0.448355011004,0.120917079786
0.432948190391,0.121993826604
0.417705815049,0.122904539184
0.40262788498,0.123649217526
0.387714400183,0.124227861631
0.372965360659,0.124640471499
0.358380766407,0.124887047129
0.343960617427,0.124967588522
0.329730412549,0.124890067131
0.315715650604,0.124662454408
0.301916331591,0.124284750353
0.28833245551,0.123756954966
0.274964022362,0.123079068248
0.261811032145,0.122251090199
0.248873484861,0.121273020818
0.236151380509,0.120144860105
0.223644719089,0.11886660806
0.211353500601,0.117438264685
0.199277725046,0.115859829977
0.187417392423,0.114131303938
0.175772502732,0.112252686567
0.164343055973,0.110223977865
0.153129052146,0.108045177831
0.142130491252,0.105716286465
0.131347373289,0.103237303768
0.120779698259,0.100608229739
0.110427466161,0.097829064379
0.100290676996,0.0948998076871
0.0905123359887,0.091880250146
0.0812354483666,0.088830182238
0.0724600141295,0.0857496039633
0.0641860332773,0.0826385153218
0.0564135058101,0.0794969163134
0.0491424317279,0.0763248069383
0.0423728110307,0.0731221871963
0.0361046437185,0.0698890570876
0.0303379297912,0.066625416612
0.0250726692489,0.0633312657697
0.0203088620916,0.0600066045605
0.0160465083193,0.0566514329846
0.012285607932,0.0532657510418
0.00902616092962,0.0498495587323
0.00626816731224,0.0464028560559
0.00401162707983,0.0429256430127
0.00225654023241,0.0394179196027
0.00100290676996,0.035879685826
0.000250726692489,0.0323109416824
0.0,0.028711687172
0.000247942545016,0.0250939549048
0.000991770180063,0.0214697774908
0.00223148290514,0.01783915493
0.00396708072025,0.0142020872224
0.00619856362539,0.010558574368
0.00892593162057,0.00690861636683
0.0121491847058,0.00325221321882
0.015868322881,-0.000410635075994
0.0200833461463,-0.00407992851761
0.0247942545016,-0.00775566710603
0.0300010479469,-0.0114378508413
0.0357037264823,-0.0151264797233
0.0419022901077,-0.0188215537521
0.0485967388231,-0.0225230729278
0.0557870726285,-0.0262310372502
0.063473291524,-0.0299454467195
0.0716553955095,-0.0336663013355
0.0803333845851,-0.0373936010984
0.0895072587507,-0.041127346008
0.0991770180063,-0.0448675360645
0.109214605858,-0.0484942909807
0.119491965812,-0.0518877304695
0.130009097869,-0.0550478545309
0.140766002027,-0.0579746631649
0.151762678289,-0.0606681563716
0.162999126652,-0.0631283341509
0.174475347118,-0.0653551965028
0.186191339686,-0.0673487434273
0.198147104356,-0.0691089749245
0.210342641129,-0.0706358909943
0.222777950004,-0.0719294916367
0.235453030981,-0.0729897768517
0.248367884061,-0.0738167466394
0.261522509243,-0.0744104009996
0.274916906527,-0.0747707399325
0.288551075914,-0.074897763438
0.302425017403,-0.0747914715162
0.316538730994,-0.074451864167
0.330892216688,-0.0738789413903
0.345485474484,-0.0730727031864
0.360232325634,-0.0721206385107
0.37504659139,-0.0711102363192
0.389928271751,-0.0700414966118
0.404877366718,-0.0689144193884
0.419893876291,-0.0677290046492
0.43497780047,-0.066485252394
0.450129139255,-0.065183162623
0.465347892645,-0.063822735336
0.480634060641,-0.0624039705332
0.495987643242,-0.0609268682144
0.51140864045,-0.0593914283798
0.526897052263,-0.0577976510292
0.542452878682,-0.0561455361628
0.558076119706,-0.0544350837804
0.573766775337,-0.0526662938821
0.589524845573,-0.0508391664679
0.605350330415,-0.0489537015379
0.621243229862,-0.0470098990919
0.637203543916,-0.04500775913
0.653231272575,-0.0429472816522
0.669356558557,-0.0408547495241
0.685609544581,-0.0387564456114
0.701990230645,-0.0366523699139
0.71849861675,-0.0345425224318
0.735134702896,-0.032426903165
0.751898489083,-0.0303055121134
0.768789975311,-0.0281783492772
0.78580916158,-0.0260454146563
0.80295604789,-0.0239067082508
0.820230634241,-0.0217622300605
0.837632920633,-0.0196119800855
0.855162907065,-0.0174559583259
0.872820593539,-0.0152941647816
0.890605980054,-0.0131265994525
0.908519066609,-0.0109532623388
0.926559853205,-0.00877415344045
0.944728339843,-0.00658927275737
0.963024526521,-0.0043986202896
0.98144841324,-0.00220219603714
1.0,0.0
