  
       XFOIL         Version 6.99
  
 Calculated polar for: G35A6                                           
  
 1 1 Reynolds number fixed          Mach number fixed         
  
 xtrf =   1.000 (top)        1.000 (bottom)  
 Mach =   0.000     Re =     0.200 e 6     Ncrit =   9.000
  
   alpha    CL        CD       CDp       CM     Top_Xtr  Bot_Xtr
  ------ -------- --------- --------- -------- -------- --------
 -13.000  -1.2826   0.02676   0.02017  -0.0174   1.0000   0.1565
 -12.750  -1.3001   0.02604   0.01953  -0.0099   1.0000   0.1786
 -12.500  -1.3087   0.02553   0.01906  -0.0037   1.0000   0.1988
 -12.250  -1.3086   0.02521   0.01871   0.0011   1.0000   0.2143
 -12.000  -1.3045   0.02500   0.01844   0.0053   1.0000   0.2254
 -11.750  -1.2980   0.02484   0.01811   0.0091   1.0000   0.2355
 -11.500  -1.2902   0.02473   0.01804   0.0126   1.0000   0.2429
 -11.250  -1.2817   0.02462   0.01773   0.0161   1.0000   0.2504
 -11.000  -1.2702   0.02453   0.01769   0.0190   1.0000   0.2563
 -10.750  -1.2594   0.02450   0.01757   0.0220   1.0000   0.2626
 -10.500  -1.2486   0.02440   0.01734   0.0250   1.0000   0.2687
 -10.250  -1.2346   0.02444   0.01742   0.0275   1.0000   0.2738
 -10.000  -1.2215   0.02441   0.01730   0.0301   1.0000   0.2789
  -9.750  -1.2096   0.02430   0.01699   0.0329   0.9999   0.2839
  -9.500  -1.1779   0.02483   0.01763   0.0319   0.9963   0.2895
  -9.250  -1.1313   0.02577   0.01846   0.0280   0.9859   0.2967
  -9.000  -1.0743   0.02645   0.01905   0.0223   0.9717   0.3035
  -8.750  -1.0377   0.02668   0.01930   0.0205   0.9617   0.3084
  -8.500  -1.0005   0.02706   0.01954   0.0187   0.9551   0.3148
  -8.250  -0.9756   0.02688   0.01930   0.0191   0.9472   0.3198
  -8.000  -0.9317   0.02755   0.02006   0.0161   0.9432   0.3262
  -7.750  -0.9133   0.02726   0.01967   0.0179   0.9336   0.3309
  -7.500  -0.8768   0.02725   0.01947   0.0161   0.9295   0.3358
  -7.250  -0.8524   0.02680   0.01906   0.0166   0.9211   0.3388
  -7.000  -0.8153   0.02669   0.01895   0.0148   0.9164   0.3424
  -6.750  -0.7729   0.02669   0.01889   0.0120   0.9136   0.3472
  -6.500  -0.7585   0.02630   0.01839   0.0145   0.9032   0.3510
  -6.250  -0.7189   0.02604   0.01805   0.0122   0.8997   0.3557
  -5.750  -0.6589   0.02549   0.01752   0.0114   0.8864   0.3632
  -5.500  -0.6181   0.02524   0.01720   0.0090   0.8834   0.3685
  -5.000  -0.5606   0.02449   0.01638   0.0088   0.8696   0.3770
  -4.750  -0.5174   0.02414   0.01606   0.0060   0.8670   0.3821
  -4.250  -0.4634   0.02353   0.01530   0.0066   0.8528   0.3912
  -4.000  -0.4203   0.02296   0.01478   0.0037   0.8507   0.3960
  -3.500  -0.3638   0.02226   0.01411   0.0039   0.8365   0.4059
  -3.250  -0.3239   0.02180   0.01357   0.0019   0.8340   0.4111
  -3.000  -0.2794   0.02112   0.01298  -0.0012   0.8325   0.4165
  -2.750  -0.2650   0.02088   0.01277   0.0015   0.8199   0.4209
  -2.500  -0.2240   0.02030   0.01220  -0.0006   0.8176   0.4270
  -2.250  -0.1819   0.01967   0.01151  -0.0030   0.8159   0.4325
  -1.750  -0.1237   0.01863   0.01061  -0.0030   0.8009   0.4428
  -1.500  -0.0804   0.01794   0.00991  -0.0055   0.7989   0.4497
  -1.250  -0.0618   0.01763   0.00963  -0.0035   0.7860   0.4545
  -1.000  -0.0153   0.01686   0.00894  -0.0068   0.7827   0.4611
  -0.750   0.0089   0.01654   0.00863  -0.0058   0.7703   0.4673
  -0.500   0.0592   0.01580   0.00793  -0.0099   0.7650   0.4753
  -0.250   0.0893   0.01545   0.00763  -0.0102   0.7515   0.4823
   0.000   0.1313   0.01501   0.00718  -0.0128   0.7393   0.4904
   0.250   0.1837   0.01445   0.00668  -0.0176   0.7270   0.5001
   0.500   0.2261   0.01417   0.00636  -0.0205   0.7111   0.5114
   0.750   0.2631   0.01394   0.00618  -0.0224   0.6940   0.5223
   1.000   0.2958   0.01385   0.00608  -0.0234   0.6771   0.5350
   1.250   0.3235   0.01379   0.00606  -0.0234   0.6608   0.5515
   1.500   0.3480   0.01372   0.00608  -0.0228   0.6456   0.5740
   1.750   0.3726   0.01356   0.00611  -0.0222   0.6318   0.6128
   2.250   0.5737   0.01460   0.00813  -0.0521   0.5957   0.8917
   2.500   0.6072   0.01521   0.00869  -0.0529   0.5827   0.9140
   2.750   0.6537   0.01588   0.00932  -0.0565   0.5694   0.9267
   3.000   0.7017   0.01648   0.00984  -0.0605   0.5573   0.9385
   3.250   0.7360   0.01696   0.01029  -0.0618   0.5457   0.9509
   3.500   0.7926   0.01742   0.01074  -0.0679   0.5336   0.9568
   3.750   0.8362   0.01790   0.01112  -0.0713   0.5236   0.9662
   4.000   0.8847   0.01813   0.01141  -0.0759   0.5119   0.9725
   4.250   0.9263   0.01846   0.01168  -0.0790   0.5005   0.9807
   4.500   0.9685   0.01853   0.01170  -0.0824   0.4862   0.9873
   4.750   1.0001   0.01856   0.01178  -0.0837   0.4728   0.9950
   5.000   1.0348   0.01863   0.01183  -0.0857   0.4604   1.0000
   5.250   1.0396   0.01877   0.01195  -0.0814   0.4516   1.0000
   5.500   1.0453   0.01894   0.01212  -0.0774   0.4427   1.0000
   5.750   1.0477   0.01908   0.01227  -0.0727   0.4336   1.0000
   6.000   1.0524   0.01927   0.01245  -0.0686   0.4245   1.0000
   6.250   1.0550   0.01943   0.01263  -0.0640   0.4155   1.0000
   6.500   1.0596   0.01964   0.01284  -0.0598   0.4066   1.0000
   6.750   1.0623   0.01983   0.01306  -0.0553   0.3976   1.0000
   7.000   1.0684   0.02008   0.01329  -0.0515   0.3892   1.0000
   7.250   1.0703   0.02030   0.01357  -0.0469   0.3800   1.0000
   7.500   1.0743   0.02057   0.01384  -0.0427   0.3708   1.0000
   7.750   1.0763   0.02085   0.01415  -0.0383   0.3609   1.0000
   8.000   1.0789   0.02116   0.01449  -0.0340   0.3505   1.0000
   8.250   1.0793   0.02154   0.01483  -0.0293   0.3392   1.0000
   8.500   1.0804   0.02191   0.01527  -0.0249   0.3263   1.0000
   8.750   1.0807   0.02238   0.01575  -0.0204   0.3121   1.0000
   9.000   1.0793   0.02295   0.01630  -0.0158   0.2952   1.0000
   9.250   1.0752   0.02369   0.01698  -0.0109   0.2740   1.0000
   9.500   1.0690   0.02463   0.01783  -0.0060   0.2469   1.0000
   9.750   1.0555   0.02603   0.01902  -0.0003   0.2098   1.0000
  10.000   1.0392   0.02781   0.02054   0.0054   0.1719   1.0000
  10.250   1.0227   0.02985   0.02236   0.0106   0.1415   1.0000
  10.500   1.0108   0.03181   0.02420   0.0149   0.1245   1.0000
  10.750   1.0022   0.03375   0.02608   0.0185   0.1137   1.0000
  11.000   0.9939   0.03580   0.02809   0.0218   0.1065   1.0000
  11.250   0.9894   0.03774   0.03003   0.0245   0.1003   1.0000
  11.500   0.9818   0.04001   0.03226   0.0271   0.0960   1.0000
  11.750   0.9816   0.04186   0.03418   0.0290   0.0910   1.0000
  12.000   0.9773   0.04409   0.03637   0.0309   0.0874   1.0000
  12.250   0.9775   0.04606   0.03837   0.0325   0.0839   1.0000
  12.500   0.9790   0.04798   0.04034   0.0339   0.0805   1.0000
  12.750   0.9797   0.04997   0.04229   0.0352   0.0778   1.0000
  13.000   0.9831   0.05178   0.04413   0.0364   0.0749   1.0000
