1.0,0.0
0.989061002236,0.006978702482
0.97760582779,0.0137275717797
0.965634476661,0.0202466078931
0.95314694885,0.0265358108222
0.940143244355,0.032595180567
0.926623363178,0.0384247171275
0.912587305318,0.0440244205037
0.898035070776,0.0493942906956
0.88296665955,0.0545343277032
0.867382071642,0.0594445315266
0.851281307052,0.0641249021656
0.834664365778,0.0685754396203
0.817531247822,0.0727961438907
0.799881953183,0.0767870149768
0.781716481861,0.0805480528787
0.763034833857,0.0840792575962
0.74383700917,0.0873806291294
0.7241230078,0.0904521674783
0.703892829748,0.093293872643
0.683146475012,0.0959057446233
0.662325834678,0.0983667129263
0.641872799827,0.100755707059
0.621787370461,0.103072727021
0.602069546579,0.105317772812
0.582719328181,0.107490844434
0.563736715267,0.109591941884
0.545121707837,0.111621065165
0.526874305891,0.113578214274
0.508994509429,0.115463389214
0.491482318452,0.117276589983
0.474337732958,0.119017816581
0.457560752949,0.120687069009
0.441151378424,0.122284347267
0.425109609382,0.123809651354
0.409435445825,0.125262981271
0.394128887752,0.126644337017
0.379189935164,0.127953718593
0.364618588059,0.129191125998
0.350414846438,0.130356559233
0.336578710302,0.131450018298
0.323017616022,0.132380956574
0.309638999971,0.133058827443
0.296442862148,0.133483630906
0.283429202555,0.133655366962
0.27059802119,0.133574035611
0.257949318054,0.133239636854
0.245483093147,0.13265217069
0.233199346469,0.13181163712
0.221098078019,0.130718036143
0.209179287799,0.129371367759
0.197442975807,0.127771631969
0.185889142044,0.125918828772
0.17451778651,0.123812958168
0.163328909205,0.121454020158
0.152322510128,0.118842014742
0.141498589281,0.115976941918
0.130857146662,0.112858801688
0.120398182272,0.109487594052
0.110121696111,0.105863319008
0.100027688179,0.101985976558
0.0902749885813,0.0979895469636
0.0810224274248,0.0940080104856
0.0722700047092,0.0900413671243
0.0640177204344,0.0860896168798
0.0562655746006,0.082152759752
0.0490135672076,0.0782307957409
0.0422616982555,0.0743237248466
0.0360099677444,0.0704315470691
0.0302583756741,0.0665542624083
0.0250069220447,0.0626918708643
0.0202556068562,0.058844372437
0.0160044301086,0.0550117671265
0.0122533918019,0.0511940549327
0.00900249193609,0.0473912358556
0.00625173051117,0.0436033098954
0.00400110752715,0.0398302770518
0.00225062298402,0.0360721373251
0.00100027688179,0.032328890715
0.000250069220447,0.0286005372218
0.0,0.0248870768452
0.000187683295424,0.02120168742
0.000750733181695,0.0175575467804
0.00168914965881,0.0139546549266
0.00300293272678,0.0103930118586
0.00469208238559,0.00687261757624
0.00675659863525,0.00339347207965
0.00919648147576,-4.44246312038e-05
0.0120117309071,-0.00344107255632
0.0152023469293,-0.00679647169569
0.0187683295424,-0.0101106220493
0.0227096787463,-0.0133835236172
0.027026394541,-0.0166151763994
0.0317184769266,-0.0198055803958
0.0367859259031,-0.0229547356065
0.0422287414703,-0.0260626420315
0.0480469236285,-0.0291292996707
0.0542404723775,-0.0321547085241
0.0608093877173,-0.0351388685919
0.067753669648,-0.0380817798739
0.0750733181695,-0.0409834423701
0.0828932447374,-0.043783630114
0.0913383608072,-0.046422117139
0.100408666379,-0.0488989034449
0.110104161452,-0.0512139890319
0.120424846028,-0.0533673738999
0.131370720105,-0.055359058049
0.142941783684,-0.0571890414791
0.155138036765,-0.0588573241902
0.167959479348,-0.0603639061823
0.181406111433,-0.0617087874555
0.19547793302,-0.0628919680097
0.210174944108,-0.0639134478449
0.225497144699,-0.0647732269611
0.241444534791,-0.0654713053584
0.258017114385,-0.0660076830367
0.275214883482,-0.066382359996
0.29303784208,-0.0665953362364
0.311485990179,-0.0666466117578
0.330559327781,-0.0665361865602
0.350257854885,-0.0662640606436
0.370149723049,-0.0658906073821
0.389803083832,-0.0654762001497
0.409217937234,-0.0650208389465
0.428394283255,-0.0645245237723
0.447332121895,-0.0639872546272
0.466031453154,-0.0634090315112
0.484492277033,-0.0627898544244
0.50271459353,-0.0621297233666
0.520698402646,-0.0614286383379
0.538443704381,-0.0606865993383
0.555950498735,-0.0599036063679
0.573218785708,-0.0590796594265
0.5902485653,-0.0582147585143
0.607039837511,-0.0573089036311
0.623592602341,-0.0563620947771
0.63990685979,-0.0553743319521
0.655982609858,-0.0543456151563
0.671819852545,-0.0532759443895
0.687418587851,-0.0521653196519
0.702778815776,-0.0510137409433
0.71800079426,-0.0497727536817
0.733184781241,-0.0483939032847
0.748330776719,-0.0468771897524
0.763438780696,-0.0452226130848
0.77850879317,-0.0434301732819
0.793540814142,-0.0414998703437
0.808534843611,-0.0394317042701
0.823490881578,-0.0372256750613
0.838408928043,-0.0348817827171
0.853288983005,-0.0324000272376
0.868131046465,-0.0297804086227
0.882935118423,-0.0270229268726
0.897701198878,-0.0241275819871
0.912429287831,-0.0210943739663
0.927119385282,-0.0179233028103
0.94177149123,-0.0146143685188
0.956385605676,-0.0111675710921
0.97096172862,-0.00758291053005
0.985499860061,-0.00386038683269
1.0,0.0
