1.0,0.0
0.988440093125,0.00702041796118
0.976429620665,0.0138122294908
0.963968582619,0.0203754345887
0.951056978987,0.0267100332551
0.937694809769,0.0328160254898
0.923882074965,0.0386934112929
0.909618774575,0.0443421906644
0.8949049086,0.0497623636043
0.879740477039,0.0549539301126
0.864125479892,0.0599168901893
0.848059917159,0.0646512438343
0.83154378884,0.0691569910478
0.814577094935,0.0734341318296
0.797159835445,0.0774826661798
0.779292010368,0.0813025940984
0.760973619706,0.0848939155854
0.742204663458,0.0882566306408
0.722985141624,0.0913907392646
0.703315054204,0.0942962414568
0.683194401199,0.0969731372173
0.663003747714,0.099495831452
0.643123658855,0.101938729067
0.623554134623,0.104301830061
0.604295175018,0.106585134436
0.585346780039,0.10878864219
0.566708949687,0.110912353325
0.548381683961,0.112956267839
0.530364982863,0.114920385734
0.51265884639,0.116804707008
0.495263274545,0.118609231662
0.478178267326,0.120333959696
0.461403824733,0.12197889111
0.444939946767,0.123544025905
0.428786633428,0.125029364079
0.412943884716,0.126434905633
0.39741170063,0.127760650567
0.38219008117,0.12900659888
0.367279026338,0.130172750574
0.352678536132,0.131259105648
0.338388610552,0.132265664102
0.324361030645,0.133106280031
0.310547577457,0.133694807532
0.296948250987,0.134031246605
0.283563051236,0.134115597249
0.270391978203,0.133947859464
0.257435031889,0.133528033251
0.244692212294,0.13285611861
0.232163519417,0.13193211554
0.219848953259,0.130756024041
0.207748513819,0.129327844115
0.195862201098,0.127647575759
0.184190015096,0.125715218975
0.172731955812,0.123530773763
0.161488023247,0.121094240122
0.1504582174,0.118405618053
0.139642538272,0.115464907555
0.129040985862,0.112272108629
0.118653560171,0.108827221274
0.108480261199,0.105130245491
0.0985210889451,0.101181181279
0.0889152827729,0.0971154615994
0.0798020820455,0.0930685194125
0.0711814867628,0.0890403547185
0.0630534969249,0.0850309675171
0.0554181125316,0.0810403578085
0.0482753335831,0.0770685255927
0.0416251600793,0.0731154708696
0.0354675920202,0.0691811936393
0.0298026294059,0.0652656939018
0.0246302722363,0.061368971657
0.0199505205114,0.0574910269049
0.0157633742312,0.0536318596456
0.0120688333958,0.0497914698791
0.00886689800506,0.0459698576053
0.00615756805907,0.0421670228242
0.0039408435578,0.038382965536
0.00221672450126,0.0346176857404
0.000985210889451,0.0308711834377
0.000246302722363,0.0271434586277
0.0,0.0234345113104
0.000195835799725,0.019757376394
0.000783343198902,0.0161250887865
0.00176252219753,0.0125376484881
0.00313337279561,0.00899505549856
0.00489589499313,0.005497309818
0.00705008879011,0.00204441144641
0.00959595418654,-0.00136363961621
0.0125334911824,-0.00472684336988
0.0158626997778,-0.00804519981458
0.0195835799725,-0.0113187089503
0.0236961317668,-0.0145473707771
0.0282003551605,-0.0177311852949
0.0330962501536,-0.0208701525038
0.0383838167462,-0.0239642724037
0.0440630549382,-0.0270135449946
0.0501339647297,-0.0300179702766
0.0565965461206,-0.0329775482496
0.063450799111,-0.0358922789136
0.0706967237009,-0.0387621622687
0.0783343198902,-0.0415871983148
0.0864653657209,-0.0443087980103
0.0951916392353,-0.0468683723135
0.104513140433,-0.0492659212243
0.114429869315,-0.0515014447428
0.12494182588,-0.053574942869
0.136049010128,-0.0554864156029
0.14775142206,-0.0572358629444
0.160049061676,-0.0588232848937
0.172941928976,-0.0602486814506
0.186430023958,-0.0615120526151
0.200513346625,-0.0626133983874
0.215191896975,-0.0635527187674
0.230465675008,-0.064330013755
0.246334680725,-0.0649452833503
0.262798914126,-0.0653985275533
0.27985837521,-0.0656897463639
0.297513063978,-0.0658189397823
0.315762980429,-0.0657861078083
0.334608124564,-0.065591250442
0.354048496383,-0.0652343676834
0.37366799807,-0.0647806681022
0.393050531811,-0.064295360268
0.412196097607,-0.063778444181
0.431104695456,-0.063229919841
0.44977632536,-0.0626497872482
0.468210987318,-0.0620380464024
0.48640868133,-0.0613946973038
0.504369407396,-0.0607197399522
0.522093165516,-0.0600131743478
0.53957995569,-0.0592750004904
0.556829777918,-0.0585052183802
0.573842632201,-0.057703828017
0.590618518537,-0.0568708294009
0.607157436928,-0.056006222532
0.623459387372,-0.0551100074101
0.639524369871,-0.0541821840353
0.655352384424,-0.0532227524076
0.670943431031,-0.052231712527
0.686297509692,-0.0512090643935
0.701414620407,-0.0501548080072
0.716409779261,-0.0490128634999
0.731398002339,-0.047727151004
0.746379289641,-0.0462976705192
0.761353641166,-0.0447244220458
0.776321056915,-0.0430074055836
0.791281536888,-0.0411466211326
0.806235081085,-0.0391420686928
0.821181689505,-0.0369937482644
0.836121362149,-0.0347016598471
0.851054099017,-0.0322658034412
0.865979900108,-0.0296861790464
0.880898765423,-0.0269627866629
0.895810694962,-0.0240956262907
0.910715688725,-0.0210846979297
0.925613746712,-0.01793000158
0.940504868922,-0.0146315372415
0.955389055356,-0.0111893049142
0.970266306013,-0.00760330459824
0.985136620895,-0.0038735362935
1.0,0.0
