1.0,0.0
0.989214500756,0.00688544861226
0.977900047028,0.0135480256862
0.966056638817,0.0199877312217
0.953684276123,0.0262045652189
0.940782958945,0.0321985276778
0.927352687284,0.0379696185983
0.91339346114,0.0435178379804
0.898905280512,0.0488431858242
0.883888145401,0.0539456621297
0.868342055806,0.0588252668967
0.852267011728,0.0634820001255
0.835663013167,0.0679158618159
0.818530060122,0.0721268519679
0.800868152594,0.0761149705815
0.782677290583,0.0798802176569
0.763957474088,0.0834225931938
0.74470870311,0.0867420971924
0.724930977649,0.0898387296527
0.704624297704,0.0927124905746
0.683788663276,0.0953633799582
0.662870067178,0.0978656367382
0.642314502225,0.100293499849
0.622121968416,0.102646969292
0.602292465751,0.104926045066
0.58282599423,0.107130727171
0.563722553853,0.109261015607
0.544982144621,0.111316910374
0.526604766533,0.113298411473
0.508590419589,0.115205518903
0.49093910379,0.117038232664
0.473650819134,0.118796552757
0.456725565623,0.12048047918
0.440163343257,0.122090011935
0.423964152034,0.123625151021
0.408127991956,0.125085896439
0.392654863022,0.126472248188
0.377544765232,0.127784206267
0.362797698586,0.129021770679
0.348413663085,0.130184941421
0.334392658728,0.131273718495
0.320654159949,0.132197666742
0.307117641182,0.132866351007
0.293783102427,0.133279771289
0.280650543684,0.133437927588
0.267719964954,0.133340819904
0.254991366235,0.132988448237
0.242464747528,0.132380812587
0.230140108834,0.131517912954
0.218017450151,0.130399749338
0.206096771481,0.129026321739
0.194378072822,0.127397630158
0.182861354176,0.125513674593
0.171546615542,0.123374455045
0.160433856919,0.120979971514
0.149523078309,0.118330224001
0.138814279711,0.115425212504
0.128307461125,0.112264937024
0.118002622551,0.108849397562
0.107899763989,0.105178594116
0.097998885439,0.101252526688
0.0884439941087,0.0972107162331
0.0793790972056,0.0931926837086
0.0708041947297,0.0891984291145
0.0627192866809,0.0852279524507
0.0551243730594,0.0812812537173
0.0480194538651,0.0773583329141
0.041404529098,0.0734591900413
0.035279598758,0.0695838250989
0.0296446628453,0.0657322380868
0.0244997213597,0.061904429005
0.0198447743014,0.0581003978535
0.0156798216702,0.0543201446324
0.0120048634663,0.0505636693416
0.00881989968951,0.0468309719811
0.00612493033994,0.043122052551
0.00391995541756,0.0394369110512
0.00220497492238,0.0357755474818
0.00097998885439,0.0321379618426
0.000244997213597,0.0285241541338
0.0,0.0249341243554
0.000200624768047,0.0213712749732
0.000802499072189,0.0178390084531
0.00180562291243,0.0143373247953
0.00320999628876,0.0108662239996
0.00501561920118,0.00742570606608
0.0072224916497,0.00401577099475
0.00983061363431,0.000636418785587
0.012839985155,-0.0027123505614
0.0162506062118,-0.00603053704621
0.0200624768047,-0.00931814066884
0.0242755969337,-0.0125751614293
0.0288899665988,-0.0158015993276
0.0339055858,-0.0189974543637
0.0393224545373,-0.0221627265376
0.0451405728106,-0.0252974158494
0.0513599406201,-0.028401522299
0.0579805579656,-0.0314750458864
0.0650024248473,-0.0345179866116
0.072425541265,-0.0375303444747
0.0802499072189,-0.0405121194756
0.088540457963,-0.0433914506432
0.0973621287515,-0.0460964770065
0.106714919584,-0.0486271985656
0.116598830462,-0.0509836153203
0.127013861384,-0.0531657272707
0.13796001235,-0.0551735344168
0.14943728336,-0.0570070367586
0.161445674416,-0.0586662342961
0.173985185515,-0.0601511270293
0.187055816659,-0.0614617149582
0.200657567847,-0.0625979980827
0.21479043908,-0.063559976403
0.229454430357,-0.064347649919
0.244649541679,-0.0649610186306
0.260375773045,-0.065400082538
0.276633124455,-0.065664841641
0.29342159591,-0.0657552959397
0.310741187409,-0.0656714454341
0.328591898953,-0.0654132901243
0.346973730541,-0.0649808300101
0.365575536097,-0.0644502293626
0.384086169544,-0.0638976524531
0.402505630881,-0.0633230992813
0.42083392011,-0.0627265698474
0.43907103723,-0.0621080641514
0.45721698224,-0.0614675821932
0.475271755141,-0.0608051239728
0.493235355933,-0.0601206894903
0.511107784617,-0.0594142787456
0.528889041191,-0.0586858917388
0.546579125656,-0.0579355284698
0.564178038012,-0.0571631889387
0.581685778258,-0.0563688731454
0.599102346396,-0.05555258109
0.616427742425,-0.0547143127724
0.633661966344,-0.0538540681926
0.650805018155,-0.0529718473507
0.667856897856,-0.0520676502467
0.684817605449,-0.0511414768804
0.701687140932,-0.0501933272521
0.718415675037,-0.0491566630625
0.734953378494,-0.0479649460125
0.751300251304,-0.0466181761023
0.767456293467,-0.0451163533317
0.783421504981,-0.0434594777009
0.799195885849,-0.0416475492097
0.814779436068,-0.0396805678582
0.830172155641,-0.0375585336464
0.845374044565,-0.0352814465742
0.860385102842,-0.0328493066418
0.875205330472,-0.030262113849
0.889834727454,-0.027519868196
0.904273293789,-0.0246225696826
0.918521029476,-0.0215702183089
0.932577934515,-0.0183628140748
0.946444008907,-0.0150003569805
0.960119252652,-0.0114828470258
0.973603665749,-0.00781028421088
0.986897248198,-0.0039826685356
1.0,0.0
