1.0,0.0
0.9894937289,0.00680929239578
0.978448549485,0.0134067843912
0.966864461756,0.0197924759862
0.954741465712,0.0259663671808
0.942079561354,0.031928457975
0.928878748681,0.0376787483688
0.915139027694,0.0432172383622
0.900860398392,0.0485439279553
0.886042860776,0.0536588171479
0.870686414845,0.0585619059402
0.854791060599,0.063253194332
0.838356798039,0.0677326823235
0.821383627165,0.0720003699146
0.803871547976,0.0760562571053
0.785820560472,0.0799003438956
0.767230664654,0.0835326302854
0.748101860521,0.086953116275
0.728434148074,0.0901618018641
0.708227527312,0.0931586870528
0.687481998236,0.0959437718411
0.666653931918,0.0985703205846
0.64619969943,0.101091597639
0.626119300773,0.103507603003
0.606412735947,0.105818336679
0.587080004951,0.108023798664
0.568121107786,0.110123988961
0.549536044451,0.112118907568
0.531324814947,0.114008554486
0.513487419274,0.115792929714
0.496023857431,0.117472033253
0.478934129419,0.119045865102
0.462218235238,0.120514425263
0.445876174887,0.121877713733
0.429907948367,0.123135730515
0.414313555677,0.124288475607
0.399092996818,0.125335949009
0.38424627179,0.126278150722
0.369773380592,0.127115080746
0.355674323225,0.12784673908
0.341949099689,0.128473125725
0.328491043191,0.128943251735
0.315193486941,0.129206128164
0.302056430938,0.129261755012
0.289079875183,0.129110132279
0.276263819675,0.128751259965
0.263608264414,0.12818513807
0.251113209401,0.127411766594
0.238778654635,0.126431145537
0.226604600116,0.125243274899
0.214591045845,0.12384815468
0.202737991821,0.122245784881
0.191045438045,0.1204361655
0.179513384516,0.118419296538
0.168141831234,0.116195177996
0.1569307782,0.113763809872
0.145880225413,0.111125192167
0.134990172873,0.108279324882
0.124260620581,0.105226208015
0.113691568536,0.101965841568
0.103283016738,0.0984982255395
0.0932129226064,0.0949255812457
0.0836592435581,0.0913501300021
0.0746219795935,0.0877718718087
0.0661011307126,0.0841908066655
0.0580966969153,0.0806069345724
0.0506086782018,0.0770202555296
0.043637074572,0.0734307695369
0.0371818860258,0.0698384765945
0.0312431125634,0.0662433767022
0.0258207541846,0.0626454698601
0.0209148108895,0.0590447560682
0.0165252826781,0.0554412353265
0.0126521695505,0.051834907635
0.00929547150645,0.0482257729937
0.00645518854615,0.0446138314026
0.00413132066954,0.0409990828617
0.00232386787661,0.0373815273709
0.00103283016738,0.0337611649304
0.000258207541846,0.03013799554
0.0,0.0265120191999
0.00022377759712,0.0228930084107
0.00089511038848,0.0192907356733
0.00201399837408,0.0157052009877
0.00358044155392,0.0121364043539
0.005594439928,0.00858434577183
0.00805599349632,0.00504902524158
0.0109651022589,0.00153044276311
0.0143217662157,-0.00197140166356
0.0181259853667,-0.00545650803845
0.022377759712,-0.00892487636156
0.0270770892515,-0.0123765066329
0.0322239739853,-0.0158113988524
0.0378184139133,-0.0192295530202
0.0438604090355,-0.0226309691361
0.050349959352,-0.0260156472003
0.0572870648627,-0.0293835872127
0.0646717255677,-0.0327347891733
0.0725039414669,-0.0360692530821
0.0807837125603,-0.0393869789392
0.089511038848,-0.0426879667444
0.0986355329325,-0.045879807102
0.108106807417,-0.0488700906159
0.1179248623,-0.0516588172863
0.128089697583,-0.0542459871131
0.138601313265,-0.0566316000963
0.149459709347,-0.0588156562359
0.160664885828,-0.0607981555319
0.172216842709,-0.0625790979843
0.184115579989,-0.0641584835931
0.196361097669,-0.0655363123583
0.208953395748,-0.06671258428
0.221892474227,-0.067687299358
0.235178333105,-0.0684604575924
0.248810972383,-0.0690320589833
0.26279039206,-0.0694021035306
0.277116592136,-0.0695705912342
0.291789572612,-0.0695375220943
0.306809333487,-0.0693028961108
0.322175874762,-0.0688667132837
0.337889196437,-0.068228973613
0.353833076479,-0.0674773802394
0.369891292858,-0.0666996363036
0.386063845575,-0.0658957418056
0.402350734628,-0.0650656967454
0.418751960018,-0.064209501123
0.435267521745,-0.0633271549384
0.451897419809,-0.0624186581915
0.46864165421,-0.0614840108825
0.485500224948,-0.0605232130113
0.502473132022,-0.0595362645779
0.519560375434,-0.0585231655822
0.536761955182,-0.0574839160244
0.554077871267,-0.0564185159044
0.57150812369,-0.0553269652221
0.589052712449,-0.0542092639777
0.606711637545,-0.0530654121711
0.624484898978,-0.0518954098022
0.642372496748,-0.0506992568712
0.660374430854,-0.0494769533779
0.678490701298,-0.0482284993225
0.696559241226,-0.0469094752044
0.714417983787,-0.0454754615234
0.73206692898,-0.0439264582795
0.749506076805,-0.0422624654726
0.766735427262,-0.0404834831027
0.783754980352,-0.0385895111699
0.800564736074,-0.0365805496741
0.817164694428,-0.0344565986154
0.833554855415,-0.0322176579937
0.849735219034,-0.0298637278091
0.865705785285,-0.0273948080615
0.881466554169,-0.0248108987509
0.897017525685,-0.0221119998774
0.912358699833,-0.0192981114409
0.927490076613,-0.0163692334415
0.942411656026,-0.0133253658791
0.957123438071,-0.0101665087538
0.971625422748,-0.00689266206547
0.985917610058,-0.00350382581421
1.0,0.0
