1.0,0.0
0.988497439919,0.00677078174886
0.976553087995,0.0133340982018
0.964166944229,0.0196899493588
0.951339008621,0.0258383352199
0.93806928117,0.031779255785
0.924357761877,0.0375127110542
0.910204450742,0.0430387010275
0.895609347764,0.0483572257048
0.880572452943,0.0534682850862
0.865093766281,0.0583718791717
0.849173287776,0.0630680079613
0.832811017428,0.0675566714549
0.816006955239,0.0718378696526
0.798761101206,0.0759116025544
0.781073455332,0.0797778701602
0.762944017615,0.0834366724701
0.744372788056,0.0868880094841
0.725359766654,0.0901318812022
0.70590495341,0.0931682876243
0.686008348323,0.0959972287505
0.666026466828,0.0986661546919
0.646315824358,0.10122251556
0.626876420913,0.103666311354
0.607708256493,0.105997542075
0.588811331098,0.108216207722
0.570185644729,0.110322308296
0.551831197384,0.112315843796
0.533747989065,0.114196814223
0.51593601977,0.115965219576
0.498395289501,0.117621059855
0.481125798257,0.119164335061
0.464127546038,0.120595045193
0.447400532844,0.121913190252
0.430944758675,0.123118770237
0.414760223531,0.124211785149
0.398846927412,0.125192234987
0.383204870318,0.126060119752
0.36783405225,0.126815439443
0.352734473206,0.12745819406
0.337906133188,0.127988383604
0.323342007034,0.128359386331
0.309035069586,0.128524580497
0.294985320843,0.128483966103
0.281192760804,0.128237543148
0.267657389471,0.127785311633
0.254379206842,0.127127271557
0.241358212919,0.126263422921
0.2285944077,0.125193765724
0.216087791186,0.123918299966
0.203838363378,0.122437025648
0.191846124274,0.120749942769
0.180111073875,0.11885705133
0.168633212182,0.11675835133
0.157412539193,0.114453842769
0.146449054909,0.111943525649
0.13574275933,0.109227399967
0.125293652456,0.106305465725
0.115101734287,0.103177722922
0.105167004824,0.099844171559
0.0954894640646,0.0963048116352
0.0861792413183,0.092670961081
0.0773464658923,0.0890539378266
0.0689911377867,0.0854537418721
0.0611132570014,0.0818703732173
0.0537128235363,0.0783038318623
0.0467898373917,0.0747541178071
0.0403442985673,0.0712212310517
0.0343762070633,0.0677051715961
0.0288855628795,0.0642059394402
0.0238723660162,0.0607235345842
0.0193366164731,0.057257957028
0.0152783142503,0.0538092067716
0.0116974593479,0.0503772838149
0.00859405176582,0.0469621881581
0.00596809150404,0.043563919801
0.00381957856258,0.0401824787437
0.00214851294145,0.0368178649863
0.000954894640646,0.0334700785286
0.000238723660162,0.0301391193707
0.0,0.0268249875126
0.000220258701226,0.0235177393451
0.000881034804905,0.0202074312589
0.00198232831104,0.0168940632539
0.00352413921962,0.0135776353303
0.00550646753066,0.0102581474879
0.00792931324415,0.0069355997269
0.0107926763601,0.00360999204716
0.0140965568785,0.000281324448721
0.0178409547993,-0.00305040306842
0.0220258701226,-0.00638519050426
0.0266513028484,-0.0097230378588
0.0317172529766,-0.013063945132
0.0372237205073,-0.016407912324
0.0431707054404,-0.0197549394346
0.0495582077759,-0.023105026464
0.056386227514,-0.026458173412
0.0636547646544,-0.0298143802787
0.0713638191973,-0.0331736470642
0.0795133911427,-0.0365359737683
0.0881034804905,-0.0399013603912
0.0970839213625,-0.0431695065978
0.10640454788,-0.0462401120535
0.116065360044,-0.0491131767581
0.126066357854,-0.0517887007116
0.136407541309,-0.0542666839142
0.147088910411,-0.0565471263657
0.158110465158,-0.0586300280661
0.169472205551,-0.0605153890156
0.181174131591,-0.062203209214
0.193216243276,-0.0636934886613
0.205598540607,-0.0649862273577
0.218321023583,-0.0660814253029
0.231383692206,-0.0669790824972
0.244786546475,-0.0676791989404
0.258529586389,-0.0681817746326
0.272612811949,-0.0684868095738
0.287036223156,-0.0685943037639
0.301799820008,-0.068504257203
0.316903602506,-0.068216669891
0.33234757065,-0.0677315418281
0.348053266022,-0.0671295728249
0.363942230204,-0.0664914626924
0.380014463197,-0.0658172114306
0.396269965,-0.0651068190394
0.412708735614,-0.064360285519
0.429330775038,-0.0635776108692
0.446136083272,-0.06275879509
0.463124660317,-0.0619038381816
0.480296506172,-0.0610127401438
0.497651620838,-0.0600855009767
0.515190004314,-0.0591221206802
0.5329116566,-0.0581225992545
0.550816577697,-0.0570869366994
0.568904767604,-0.056015133015
0.587176226321,-0.0549071882012
0.605630953849,-0.0537631022581
0.624268950187,-0.0525828751857
0.643090215336,-0.051366506984
0.662094749295,-0.0501139976529
0.681282552064,-0.0488253471926
0.700394811,-0.0474618988508
0.719172713458,-0.0459849958755
0.737616259438,-0.0443946382668
0.75572544894,-0.0426908260247
0.773500281965,-0.0408735591491
0.790940758512,-0.03894283764
0.808046878581,-0.0368986614975
0.824818642172,-0.0347410307215
0.841256049285,-0.0324699453121
0.857359099921,-0.0300854052692
0.873127794079,-0.0275874105928
0.888562131759,-0.024975961283
0.903662112961,-0.0222510573397
0.918427737686,-0.019412698763
0.932859005933,-0.0164608855528
0.946955917702,-0.0133956177092
0.960718472993,-0.0102168952321
0.974146671806,-0.00692471812149
0.987240514142,-0.00351908637748
1.0,0.0
