1.0,0.0
0.985310177941,0.00611694363777
0.970473539145,0.0120858047718
0.955490083613,0.0179065834021
0.940359811345,0.0235792795287
0.925082722341,0.0291038931515
0.909658816601,0.0344804242706
0.894088094124,0.039708872886
0.878370554911,0.0447892389976
0.862506198962,0.0497215226055
0.846495026276,0.0545057237096
0.830337036855,0.0591418423101
0.814032230697,0.0636298784067
0.797580607803,0.0679698319997
0.780982168172,0.0721617030889
0.764236911806,0.0762054916744
0.747344838703,0.0801011977561
0.730305948864,0.0838488213341
0.713120242289,0.0874483624084
0.695787718977,0.0908998209789
0.678308378929,0.0942031970457
0.660828357087,0.0973539963403
0.64349378839,0.100347724594
0.62630467284,0.103184381807
0.609261010437,0.10586396798
0.592362801179,0.108386483112
0.575610045069,0.110751927203
0.559002742104,0.112960300254
0.542540892286,0.115011602264
0.526224495614,0.116905833233
0.510053552088,0.118642993161
0.494028061709,0.120223082049
0.478148024476,0.121646099896
0.46241344039,0.122912046703
0.44682430945,0.124020922469
0.431380631656,0.124972727194
0.416082407009,0.125767460878
0.400929635508,0.126405123522
0.385922317153,0.126885715125
0.371060451945,0.127209235688
0.356344039883,0.12737568521
0.34180406255,0.127381609381
0.327471501529,0.127223553893
0.31334635682,0.126901518744
0.299428628423,0.126415503936
0.285718316338,0.125765509468
0.272215420565,0.124951535339
0.258919941104,0.123973581551
0.245831877955,0.122831648103
0.232951231117,0.121525734995
0.220278000592,0.120055842227
0.207812186379,0.1184219698
0.195553788478,0.116624117712
0.183502806888,0.114662285964
0.171659241611,0.112536474557
0.160023092645,0.110246683489
0.148594359992,0.107792912761
0.13737304365,0.105175162374
0.126359143621,0.102393432327
0.115552659903,0.0994477226194
0.104953592497,0.0963380332522
0.0947206172287,0.0931380543005
0.0850124099227,0.0899214758396
0.0758289705792,0.0866882978696
0.0671702991982,0.0834385203905
0.0590363957797,0.0801721434023
0.0514272603236,0.076889166905
0.0443428928301,0.0735895908986
0.037783293299,0.070273415383
0.0317484617304,0.0669406403583
0.0262383981243,0.0635912658246
0.0212531024807,0.0602252917817
0.0167925747996,0.0568427182296
0.0128568150809,0.0534435451685
0.00944582332475,0.0500277725983
0.00655959953107,0.0465954005189
0.00419814369989,0.0431464289304
0.00236145583119,0.0396808578328
0.00104953592497,0.0361986872261
0.000262383981243,0.0326999171103
0.0,0.0291845474853
0.000234929318257,0.0256558896348
0.000939717273027,0.0221172548422
0.00211436386431,0.0185686431076
0.00375886909211,0.015010054431
0.00587323295642,0.0114414888123
0.00845745545724,0.00786294625159
0.0115115365946,0.00427442674883
0.0150354763684,0.000675930304025
0.0190292747788,-0.00293254308282
0.0234929318257,-0.0065509934117
0.0284264475091,-0.0101794206826
0.033829821829,-0.0138178248956
0.0397030547854,-0.0174662060506
0.0460461463783,-0.0211245641476
0.0528590966077,-0.0247928991867
0.0601419054737,-0.0284712111678
0.0678945729762,-0.032159500091
0.0761170991151,-0.0358577659562
0.0848094838906,-0.0395660087635
0.0939717273027,-0.0432842285127
0.103497052892,-0.0468930712916
0.113278684201,-0.0502731831874
0.123316621228,-0.0534245642002
0.133610863975,-0.0563472143301
0.14416141244,-0.0590411335769
0.154968266624,-0.0615063219408
0.166031426527,-0.0637427794217
0.177350892149,-0.0657505060196
0.18892666349,-0.0675295017345
0.20075874055,-0.0690797665665
0.212847123329,-0.0704013005154
0.225191811826,-0.0714941035814
0.237792806043,-0.0723581757644
0.250650105978,-0.0729935170644
0.263763711632,-0.0734001274814
0.277133623005,-0.0735780070154
0.290759840097,-0.0735271556664
0.304642362908,-0.0732475734344
0.318781191438,-0.0727392603195
0.333176325686,-0.0720022163216
0.347777131452,-0.071128866269
0.362532974534,-0.0702116349902
0.377443854932,-0.0692505224851
0.392509772646,-0.0682455287538
0.407730727675,-0.0671966537962
0.42310672002,-0.0661038976124
0.438637749681,-0.0649672602023
0.454323816658,-0.063786741566
0.470164920951,-0.0625623417034
0.486161062559,-0.0612940606145
0.502312241484,-0.0599818982994
0.518618457724,-0.0586258547581
0.53507971128,-0.0572259299904
0.551696002152,-0.0557821239966
0.56846733034,-0.0542944367764
0.585393695843,-0.05276286833
0.602475098663,-0.0511874186574
0.619711538798,-0.0495680877585
0.637103016249,-0.0479048756334
0.654649531016,-0.0461977822819
0.672255738942,-0.0444397055599
0.689826295871,-0.042623543323
0.707361201802,-0.040749295571
0.724860456735,-0.0388169623041
0.742324060671,-0.0368265435223
0.759752013609,-0.0347780392255
0.77714431555,-0.0326714494138
0.794500966493,-0.030506774087
0.811821966438,-0.0282840132454
0.829107315386,-0.0260031668888
0.846357013337,-0.0236642350172
0.86357106029,-0.0212672176307
0.880749456245,-0.0188121147292
0.897892201203,-0.0162989263127
0.914999295163,-0.0137276523813
0.932070738125,-0.011098292935
0.94910653009,-0.00841084797366
0.966106671058,-0.0056653174974
0.983071161028,-0.00286170150618
1.0,0.0
