1.0,-0.00117379168026
0.98025,0.007086526331
0.961,0.015048660619
0.94225,0.0227126111838
0.924,0.0300783780253
0.90625,0.0371459611436
0.889,0.0439153605386
0.87225,0.0503865762104
0.856,0.0565596081589
0.84025,0.0624344563842
0.825,0.0680111208862
0.81025,0.073289601665
0.796,0.0782698987205
0.78225,0.0829520120528
0.769,0.0873359416618
0.75625,0.0914216875476
0.744,0.0952092497102
0.73225,0.0986986281495
0.721,0.101889822865
0.71025,0.104782833858
0.7,0.107377661128
0.69,0.109778981641
0.68,0.112091472366
0.67,0.114315133301
0.66,0.116449964447
0.65,0.118495965804
0.64,0.120453137373
0.63,0.122321479152
0.62,0.124100991142
0.61,0.125791673343
0.6,0.127393525755
0.59,0.128906548378
0.58,0.130330741212
0.57,0.131666104257
0.56,0.132912637513
0.55,0.13407034098
0.54,0.135139214658
0.53,0.136119258547
0.52,0.137010472647
0.51,0.137812856957
0.5,0.138526411479
0.49,0.139205388586
0.48,0.139904040653
0.47,0.140622367678
0.46,0.141360369664
0.45,0.142118046608
0.44,0.142895398513
0.43,0.143692425376
0.42,0.144509127199
0.41,0.145345503982
0.4,0.146201555724
0.39,0.147077282426
0.38,0.147972684086
0.37,0.148887760707
0.36,0.149822512287
0.35,0.150776938826
0.34,0.151751040325
0.33,0.152744816783
0.32,0.1537582682
0.31,0.154791394578
0.3,0.155844195914
0.29,0.156781232252
0.28,0.157467063632
0.27,0.157901690055
0.26,0.15808511152
0.25,0.158017328028
0.24,0.157698339578
0.23,0.157128146171
0.22,0.156306747807
0.21,0.155234144485
0.2,0.153910336206
0.19,0.152335322969
0.18,0.150509104775
0.17,0.148431681623
0.16,0.146103053514
0.15,0.143523220448
0.14,0.140692182424
0.13,0.137609939443
0.12,0.134276491505
0.11,0.130691838608
0.1,0.126855980755
0.09025,0.122903038465
0.081,0.11896713226
0.07225,0.115048262139
0.064,0.111146428102
0.05625,0.10726163015
0.049,0.103393868283
0.04225,0.0995431424997
0.036,0.0957094528011
0.03025,0.0918927991871
0.025,0.0880931816575
0.02025,0.0843106002124
0.016,0.0805450548518
0.01225,0.0767965455757
0.009,0.0730650723841
0.00625,0.0693506352769
0.004,0.0656532342543
0.00225,0.0619728693161
0.001,0.0583095404624
0.00025,0.0546632476932
0.0,0.0510339910085
0.00025,0.0474138074754
0.001,0.043794734161
0.00225,0.0401767710653
0.004,0.0365599181883
0.00625,0.03294417553
0.009,0.0293295430904
0.01225,0.0257160208696
0.016,0.0221036088674
0.02025,0.018492307084
0.025,0.0148821155192
0.03025,0.0112730341732
0.036,0.00766506304591
0.04225,0.00405820213731
0.049,0.000452451447424
0.05625,-0.00315218902376
0.064,-0.00675571927623
0.07225,-0.01035813931
0.081,-0.013959449125
0.09025,-0.0175596487214
0.1,-0.021158738099
0.11,-0.0246556386353
0.12,-0.0279492717075
0.13,-0.0310396373158
0.14,-0.03392673546
0.15,-0.0366105661402
0.16,-0.0390911293563
0.17,-0.0413684251085
0.18,-0.0434424533967
0.19,-0.0453132142208
0.2,-0.0469807075809
0.21,-0.048444933477
0.22,-0.0497058919091
0.23,-0.0507635828771
0.24,-0.0516180063812
0.25,-0.0522691624212
0.26,-0.0527170509972
0.27,-0.0529616721092
0.28,-0.0530030257572
0.29,-0.0528411119411
0.3,-0.0524759306611
0.31,-0.0519618563354
0.32,-0.0513532633827
0.33,-0.0506501518028
0.34,-0.0498525215958
0.35,-0.0489603727616
0.36,-0.0479737053004
0.37,-0.046892519212
0.38,-0.0457168144965
0.39,-0.0444465911539
0.4,-0.0430818491841
0.41,-0.0416225885872
0.42,-0.0400688093632
0.43,-0.0384205115121
0.44,-0.0366776950338
0.45,-0.0348403599284
0.46,-0.0329085061959
0.47,-0.0308821338363
0.48,-0.0287612428495
0.49,-0.0265458332356
0.5,-0.0242359049946
0.51,-0.0219268901505
0.52,-0.0197142207272
0.53,-0.0175978967248
0.54,-0.0155779181433
0.55,-0.0136542849827
0.56,-0.0118269972429
0.57,-0.0100960549241
0.58,-0.00846145802607
0.59,-0.00692320654895
0.6,-0.0054813004927
0.61,-0.00413573985734
0.62,-0.00288652464285
0.63,-0.00173365484923
0.64,-0.000677130476494
0.65,0.000283048475367
0.66,0.00114688200635
0.67,0.00191437011646
0.68,0.00258551280569
0.69,0.00316031007404
0.7,0.00363876192152
0.71025,0.0040354957177
0.721,0.00436513883217
0.73225,0.00462769126492
0.744,0.00482315301596
0.75625,0.0049515240853
0.769,0.00501280447291
0.78225,0.00500699417882
0.796,0.00493409320301
0.81025,0.00479410154549
0.825,0.00458701920626
0.84025,0.00431284618531
0.856,0.00397158248266
0.87225,0.00356322809829
0.889,0.0030877830322
0.90625,0.00254524728441
0.924,0.0019356208549
0.94225,0.00125890374368
0.961,0.000515095950742
0.98025,-0.000295802523904
1.0,-0.0011737916802632253
