1.0,0.0
0.987243193444,0.0062741729476
0.974160187517,0.0123852910699
0.960750982219,0.0183333543668
0.947015577549,0.0241183628383
0.932953973509,0.0297403164845
0.918566170097,0.0351992153053
0.903852167315,0.0404950593008
0.888811965161,0.045627848471
0.873445563636,0.0505975828157
0.85775296274,0.0554042623352
0.841734162473,0.0600478870293
0.825389162835,0.064528456898
0.808717963825,0.0688459719414
0.791720565445,0.0730004321594
0.774396967694,0.0769918375521
0.756747170571,0.0808201881194
0.738771174077,0.0844854838614
0.720468978212,0.087987724778
0.701840582977,0.0913269108692
0.68288598837,0.0945030421352
0.663886486203,0.097524016921
0.645123368287,0.100397733572
0.626596634624,0.103124192088
0.608306285211,0.105703392469
0.59025232005,0.108135334716
0.572434739141,0.110420018827
0.554853542483,0.112557444804
0.537508730076,0.114547612646
0.520400301921,0.116390522353
0.503528258018,0.118086173925
0.486892598366,0.119634567363
0.470493322965,0.121035702665
0.454330431816,0.122289579833
0.438403924918,0.123396198866
0.422713802272,0.124355559764
0.407260063878,0.125167662527
0.392042709734,0.125832507155
0.377061739843,0.126350093649
0.362317154202,0.126720422008
0.347808952813,0.126943492231
0.333523807707,0.127006342829
0.319448390913,0.126896012307
0.305582702431,0.126612500668
0.291926742263,0.12615580791
0.278480510407,0.125525934033
0.265244006864,0.124722879038
0.252217231633,0.123746642925
0.239400184715,0.122597225693
0.22679286611,0.121274627343
0.214395275818,0.119778847874
0.202207413838,0.118109887287
0.190229280171,0.116267745582
0.178460874817,0.114252422758
0.166902197775,0.112063918816
0.155553249046,0.109702233755
0.14441402863,0.107167367576
0.133484536526,0.104459320279
0.122764772735,0.101578091863
0.112254737257,0.0985236823289
0.101954430091,0.0952960916762
0.0920138731576,0.0919779589121
0.0825830883741,0.0886519230437
0.0736620757411,0.0853179840709
0.0652508352586,0.0819761419938
0.0573493669265,0.0786263968123
0.0499576707448,0.0752687485264
0.0430757467137,0.0719031971362
0.0367035948329,0.0685297426417
0.0308412151027,0.0651483850428
0.0254886075229,0.0617591243395
0.0206457720935,0.0583619605319
0.0163127088146,0.05495689362
0.0124894176862,0.0515439236037
0.00917589870823,0.048123050483
0.00637215188072,0.044694274258
0.00407817720366,0.0412575949286
0.00229397467706,0.0378130124949
0.00101954430091,0.0343605269569
0.000254886075229,0.0309001383144
0.0,0.0274318465677
0.000235096647226,0.0239528314149
0.000940386588905,0.0204602725544
0.00211586982504,0.0169541699861
0.00376154635562,0.0134345237102
0.00587741618065,0.00990133372665
0.00846347930014,0.00635460003535
0.0115197357141,0.00279432263635
0.0150461854225,-0.000779498470353
0.0190428284253,-0.00436686328475
0.0235096647226,-0.00796777180685
0.0284466943144,-0.0115822240366
0.0338539172006,-0.0152102199741
0.0397313333812,-0.0188517596193
0.0460789428563,-0.0225068429722
0.0528967456259,-0.0261754700328
0.0601847416899,-0.0298576408011
0.0679429310484,-0.0335533552771
0.0761713137013,-0.0372626134608
0.0848698896487,-0.0409854153522
0.0940386588905,-0.0447217609513
0.103564276719,-0.0483464178237
0.113333398428,-0.0517341535352
0.123346024017,-0.0548849680856
0.133602153485,-0.0577988614749
0.144101786833,-0.0604758337033
0.154844924061,-0.0629158847706
0.165831565169,-0.0651190146769
0.177061710156,-0.0670852234222
0.188535359024,-0.0688145110065
0.200252511771,-0.0703068774298
0.212213168397,-0.071562322692
0.224417328904,-0.0725808467932
0.236864993291,-0.0733624497334
0.249556161557,-0.0739071315126
0.262490833703,-0.0742148921307
0.275669009729,-0.0742857315879
0.289090689634,-0.074119649884
0.30275587342,-0.0737166470191
0.316664561085,-0.0730767229932
0.33081675263,-0.0721998778062
0.345184583957,-0.0711897468293
0.359740190968,-0.0701499654333
0.374483573663,-0.0690805336182
0.389414732043,-0.0679814513841
0.404533666106,-0.066852718731
0.419840375854,-0.0656943356588
0.435334861286,-0.0645063021677
0.451017122401,-0.0632886182574
0.466887159201,-0.0620412839281
0.482944971685,-0.0607642991798
0.499190559854,-0.0594576640125
0.515623923706,-0.0581213784261
0.532245063242,-0.0567554424207
0.549053978463,-0.0553598559962
0.566050669368,-0.0539346191527
0.583235135957,-0.0524797318902
0.60060737823,-0.0509951942087
0.618167396187,-0.049481006108
0.635915189828,-0.0479371675884
0.653850759153,-0.0463636786497
0.671844116564,-0.0447388710123
0.689765274463,-0.0430410763965
0.707614232849,-0.0412702948022
0.725390991723,-0.0394265262295
0.743095551084,-0.0375097706784
0.760727910933,-0.0355200281488
0.778288071269,-0.0334572986408
0.795776032092,-0.0313215821544
0.813191793403,-0.0291128786896
0.830535355202,-0.0268311882463
0.847806717488,-0.0244765108246
0.865005880262,-0.0220488464245
0.882132843523,-0.0195481950459
0.899187607271,-0.0169745566889
0.916170171507,-0.0143279313535
0.933080536231,-0.0116083190397
0.949918701442,-0.00881571974739
0.96668466714,-0.00595013347669
0.983378433326,-0.00301156022756
1.0,0.0
