1.0,0.0
0.986305785951,0.00627787558802
0.97235742494,0.0123967457248
0.958154916967,0.0183566104104
0.943698262033,0.0241574696448
0.928987460136,0.029799323428
0.914022511278,0.03528217176
0.898803415458,0.0406060146408
0.883330172677,0.0457708520703
0.867602782933,0.0507766840487
0.851621246228,0.0556235105758
0.835385562561,0.0603113316518
0.818895731933,0.0648401472765
0.802151754342,0.06920995745
0.78515362979,0.0734207621723
0.767901358276,0.0774725614434
0.7503949398,0.0813653552633
0.732634374363,0.085099143632
0.714619661963,0.0886739265494
0.696350802602,0.0920897040157
0.677827796279,0.0953464760308
0.659283690928,0.0984444848323
0.640951534481,0.101383972658
0.622831326939,0.104164939508
0.604923068302,0.106787385383
0.58722675857,0.109251310281
0.569742397742,0.111556714204
0.552469985819,0.113703597151
0.535409522801,0.115691959122
0.518561008687,0.117521800118
0.501924443478,0.119193120138
0.485499827174,0.120705919182
0.469287159775,0.12206019725
0.453286441281,0.123255954343
0.437497671691,0.124293190459
0.421920851006,0.1251719056
0.406555979225,0.125892099766
0.39140305635,0.126453772955
0.376462082379,0.126856925169
0.361733057313,0.127101556407
0.347215981151,0.127187666669
0.33291127578,0.127112932927
0.318819363084,0.126875032152
0.304940243063,0.126473964344
0.291273915718,0.125909729502
0.277820381048,0.125182327627
0.264579639053,0.124291758719
0.251551689733,0.123238022779
0.238736533089,0.122021119804
0.22613416912,0.120641049797
0.213744597826,0.119097812757
0.201567819208,0.117391408683
0.189603833265,0.115521837577
0.177852639997,0.113489099437
0.166314239405,0.111293194264
0.154988631487,0.108934122058
0.143875816245,0.106411882819
0.132975793679,0.103726476546
0.122288563788,0.100877903241
0.111814126572,0.0978661629021
0.101552482031,0.0946912555303
0.0916511150328,0.0914312592532
0.0822575104449,0.0881642521985
0.0733716682672,0.0848902343662
0.0649935884997,0.0816092057563
0.0571232711423,0.0783211663689
0.0497607161951,0.0750261162038
0.042905923658,0.0717240552612
0.0365588935311,0.068414983541
0.0307196258143,0.0650989010432
0.0253881205077,0.0617758077678
0.0205643776112,0.0584457037148
0.0162483971249,0.0551085888843
0.0124401790488,0.0517644632761
0.00913972338277,0.0484133268904
0.00634703012692,0.0450551797271
0.00406209928123,0.0416900217862
0.00228493084569,0.0383178530678
0.00101552482031,0.0349386735717
0.000253881205077,0.0315524832981
0.0,0.0281592822468
0.00024637964699,0.0247515214353
0.00098551858796,0.0213216518807
0.00221741682291,0.0178696735831
0.00394207435184,0.0143955865425
0.00615949117475,0.0108993907588
0.00886966729164,0.0073810862321
0.0120726027025,0.00384067296236
0.0157682974074,0.000278150949582
0.0199567514062,-0.00330647980623
0.024637964699,-0.00691321930507
0.0298119372858,-0.0105420675469
0.0354786691666,-0.0141930245319
0.0416381603413,-0.0178660902598
0.04829041081,-0.0215612647308
0.0554354205728,-0.0252785479448
0.0630731896294,-0.0290179399018
0.0712037179801,-0.0327794406019
0.0798270056248,-0.036563050045
0.0889430525634,-0.0403687682312
0.098551858796,-0.0441965951604
0.108510977456,-0.0479127035486
0.118677961678,-0.0513832661118
0.129052811461,-0.05460828285
0.139635526806,-0.0575877537632
0.150426107712,-0.0603216788514
0.16142455418,-0.0628100581145
0.172630866209,-0.0650528915527
0.184045043799,-0.0670501791659
0.195667086951,-0.0688019209541
0.207496995664,-0.0703081169172
0.219534769939,-0.0715687670554
0.231780409775,-0.0725838713686
0.244233915173,-0.0733534298567
0.256895286132,-0.0738774425199
0.269764522652,-0.0741559093581
0.282841624734,-0.0741888303712
0.296126592377,-0.0739762055594
0.309619425582,-0.0735180349225
0.323320124349,-0.0728143184607
0.337228688676,-0.0718650561738
0.351343534785,-0.0707825741537
0.365663078893,-0.069679198492
0.380187321002,-0.0685549291888
0.394916261111,-0.0674097662441
0.40984989922,-0.0662437096578
0.424988235329,-0.06505675943
0.440331269439,-0.0638489155606
0.455879001548,-0.0626201780497
0.471631431658,-0.0613705468973
0.487588559768,-0.0601000221033
0.503750385878,-0.0588086036678
0.520116909988,-0.0574962915908
0.536688132098,-0.0561630858722
0.553464052208,-0.0548089865121
0.570444670319,-0.0534339935104
0.587629986429,-0.0520381068672
0.60502000054,-0.0506213265825
0.622614712651,-0.0491836526562
0.640414122762,-0.0477250850884
0.658418230873,-0.0462456238791
0.676473319552,-0.0447145971908
0.694425671365,-0.0431013331861
0.712275286313,-0.0414058318651
0.730022164395,-0.0396280932276
0.747666305611,-0.0377681172738
0.765207709962,-0.0358259040035
0.782646377448,-0.0338014534169
0.799982308068,-0.0316947655139
0.817215501822,-0.0295058402946
0.834345958712,-0.0272346777588
0.851373678735,-0.0248812779066
0.868298661893,-0.0224456407381
0.885120908186,-0.0199277662532
0.901840417613,-0.0173276544519
0.918457190174,-0.0146453053342
0.934971225871,-0.0118807189001
0.951382524701,-0.00903389514968
0.967691086666,-0.00610483408284
0.983896911766,-0.00309353569961
1.0,0.0
