1.0,0.0
0.986734528456,0.00608980303994
0.973182533834,0.0120319239542
0.959344016135,0.0178263627427
0.945218975359,0.0234731194055
0.930807411506,0.0289721939425
0.916109324575,0.0343235863539
0.901124714566,0.0395272966396
0.885853581481,0.0445833247995
0.870295925318,0.0494916708337
0.854451746078,0.0542523347422
0.83832104376,0.058865316525
0.821903818365,0.0633306161821
0.805200069893,0.0676482337134
0.788209798343,0.071818169119
0.770933003716,0.075840422399
0.753369686012,0.0797149935532
0.73551984523,0.0834418825817
0.717383481371,0.0870210894844
0.698960594434,0.0904526142615
0.680251184421,0.0937364569128
0.661497856216,0.0968683297955
0.642943214707,0.0998439452664
0.624587259894,0.102663303326
0.606429991776,0.105326403973
0.588471410354,0.107833247209
0.570711515628,0.110183833034
0.553150307597,0.112378161446
0.535787786262,0.114416232447
0.518623951622,0.116298046036
0.501658803679,0.118023602214
0.48489234243,0.11959290098
0.468324567878,0.121005942334
0.451955480021,0.122262726276
0.43578507886,0.123363252807
0.419813364394,0.124307521926
0.404040336624,0.125095533634
0.38846599555,0.125727287929
0.373090341171,0.126202784814
0.357913373488,0.126522024286
0.342935092501,0.126685006347
0.328185446157,0.126684956216
0.313694382405,0.126515099114
0.299461901245,0.126175435041
0.285488002676,0.125665963997
0.271772686699,0.124986685982
0.258315953314,0.124137600996
0.245117802521,0.123118709039
0.232178234319,0.121930010111
0.219497248709,0.120571504211
0.207074845691,0.11904319134
0.194911025264,0.117345071499
0.183005787429,0.115477144686
0.171359132186,0.113439410902
0.159971059535,0.111231870147
0.148841569475,0.108854522421
0.137970662007,0.106307367723
0.127358337131,0.103590406055
0.117004594846,0.100703637416
0.106909435154,0.0976470618051
0.0970728580525,0.0944206792234
0.0876082543924,0.0911081712664
0.0786290150225,0.0877932195301
0.0701351399429,0.0844758240143
0.0621266291536,0.0811559847191
0.0546034826545,0.0778337016444
0.0475657004457,0.0745089747904
0.0410132825272,0.0711818041569
0.0349462288989,0.067852189744
0.0293645395609,0.0645201315517
0.0242682145131,0.0611856295799
0.0196572537556,0.0578486838288
0.0155316572884,0.0545092942982
0.0118914251114,0.0511674609882
0.00873655722472,0.0478231838987
0.00606705362828,0.0444764630299
0.0038829143221,0.0411272983816
0.00218413930618,0.0377756899539
0.000970728580525,0.0344216377468
0.000242682145131,0.0310651417603
0.0,0.0277062019943
0.000238038964898,0.0243360166487
0.000952155859592,0.0209457839231
0.00214235068408,0.0175355038175
0.00380862343837,0.014105176332
0.00595097412245,0.0106548014666
0.00856940273633,0.00718437922121
0.01166390928,0.00369390959588
0.0152344937535,0.000183392590594
0.0192811561567,-0.00334717179464
0.0238038964898,-0.00689778355981
0.0288027147527,-0.0104684427049
0.0342776109453,-0.01405914923
0.0402285850678,-0.017669903135
0.04665563712,-0.02130070442
0.0535587671021,-0.0249515530849
0.0609379750139,-0.0286224491298
0.0687932608556,-0.0323133925546
0.077124624627,-0.0360243833594
0.0859320663282,-0.0397554215441
0.0952155859592,-0.0435065071087
0.10486228185,-0.0471502665945
0.114759252329,-0.0505593265423
0.124906497398,-0.0537336869524
0.135304017056,-0.0566733478246
0.145951811303,-0.0593783091589
0.156849880139,-0.0618485709554
0.167998223565,-0.0640841332141
0.179396841579,-0.0660849959349
0.191045734183,-0.0678511591179
0.202944901375,-0.0693826227631
0.215094343157,-0.0706793868704
0.227494059528,-0.0717414514399
0.240144050488,-0.0725688164715
0.253044316038,-0.0731614819653
0.266194856176,-0.0735194479213
0.279595670903,-0.0736427143394
0.29324676022,-0.0735312812197
0.307148124126,-0.0731851485622
0.321299762621,-0.0726043163668
0.335701675705,-0.0717887846335
0.350318483982,-0.0708391830724
0.365114808054,-0.0698561413934
0.380090647922,-0.0688396595965
0.395246003586,-0.0677897376818
0.410580875047,-0.0667063756491
0.426095262302,-0.0655895734986
0.441789165354,-0.0644393312301
0.457662584202,-0.0632556488438
0.473715518845,-0.0620385263395
0.489947969284,-0.0607879637174
0.50635993552,-0.0595039609774
0.522951417551,-0.0581865181195
0.539722415377,-0.0568356351437
0.556672929,-0.05545131205
0.573802958419,-0.0540335488385
0.591112503633,-0.052582345509
0.608601564644,-0.0510977020616
0.62627014145,-0.0495796184964
0.644118234052,-0.0480280948132
0.66214584245,-0.0464431310122
0.680201975825,-0.0448054235177
0.698135643358,-0.0430956687541
0.715946845049,-0.0413138667215
0.733635580898,-0.0394600174198
0.751201850906,-0.037534120849
0.768645655072,-0.0355361770092
0.785966993395,-0.0334661859003
0.803165865878,-0.0313241475224
0.820242272518,-0.0291100618754
0.837196213316,-0.0268239289593
0.854027688273,-0.0244657487741
0.870736697388,-0.0220355213199
0.887323240661,-0.0195332465967
0.903787318092,-0.0169589246043
0.920128929681,-0.0143125553429
0.936348075428,-0.0115941388125
0.952444755334,-0.00880367501295
0.968418969398,-0.00594116394437
0.98427071762,-0.00300660560671
1.0,0.0
