  
       XFOIL         Version 6.99
  
 Calculated polar for: G16A7                                           
  
 1 1 Reynolds number fixed          Mach number fixed         
  
 xtrf =   1.000 (top)        1.000 (bottom)  
 Mach =   0.000     Re =     0.200 e 6     Ncrit =   9.000
  
   alpha    CL        CD       CDp       CM     Top_Xtr  Bot_Xtr
  ------ -------- --------- --------- -------- -------- --------
   1.000   0.6127   0.02375   0.01404  -0.0646   0.3791   0.4910
   1.100   0.6231   0.02387   0.01417  -0.0645   0.3787   0.4931
   1.200   0.6334   0.02399   0.01430  -0.0645   0.3783   0.4954
   1.300   0.6438   0.02413   0.01442  -0.0645   0.3779   0.4979
   1.400   0.6540   0.02423   0.01457  -0.0644   0.3775   0.4997
   1.500   0.6643   0.02435   0.01474  -0.0644   0.3771   0.5012
   1.600   0.6744   0.02449   0.01493  -0.0643   0.3767   0.5029
   1.700   0.6847   0.02464   0.01512  -0.0642   0.3763   0.5048
   1.800   0.6948   0.02479   0.01531  -0.0642   0.3759   0.5070
   1.900   0.7050   0.02494   0.01549  -0.0641   0.3755   0.5094
   2.000   0.7151   0.02510   0.01567  -0.0640   0.3751   0.5121
   2.100   0.7253   0.02527   0.01583  -0.0640   0.3746   0.5151
   2.200   0.7353   0.02541   0.01600  -0.0639   0.3742   0.5175
   2.300   0.7453   0.02555   0.01620  -0.0639   0.3739   0.5194
   2.400   0.7553   0.02572   0.01642  -0.0638   0.3734   0.5215
   2.500   0.7652   0.02589   0.01663  -0.0637   0.3730   0.5238
   2.600   0.7752   0.02607   0.01684  -0.0636   0.3727   0.5265
   2.700   0.7851   0.02625   0.01705  -0.0635   0.3723   0.5296
   2.800   0.7951   0.02644   0.01724  -0.0635   0.3719   0.5330
   2.900   0.8050   0.02661   0.01742  -0.0634   0.3714   0.5358
   3.000   0.8149   0.02676   0.01763  -0.0633   0.3708   0.5380
   3.100   0.8249   0.02693   0.01785  -0.0633   0.3704   0.5405
   3.200   0.8352   0.02710   0.01805  -0.0632   0.3698   0.5433
   3.300   0.8452   0.02729   0.01826  -0.0632   0.3693   0.5465
   3.400   0.8551   0.02749   0.01847  -0.0631   0.3688   0.5500
   3.500   0.8650   0.02770   0.01867  -0.0631   0.3683   0.5533
   3.600   0.8747   0.02788   0.01891  -0.0630   0.3679   0.5556
   3.700   0.8844   0.02809   0.01917  -0.0629   0.3676   0.5581
   3.800   0.8941   0.02832   0.01944  -0.0628   0.3672   0.5609
   3.900   0.9039   0.02857   0.01972  -0.0628   0.3668   0.5640
   4.000   0.9136   0.02884   0.02001  -0.0627   0.3665   0.5674
   4.100   0.9233   0.02915   0.02030  -0.0627   0.3661   0.5708
   4.200   0.9329   0.02940   0.02062  -0.0626   0.3658   0.5731
   4.300   0.9423   0.02971   0.02097  -0.0626   0.3654   0.5757
   4.400   0.9516   0.03006   0.02137  -0.0625   0.3651   0.5785
   4.500   0.9609   0.03047   0.02182  -0.0624   0.3647   0.5815
   4.600   0.9699   0.03096   0.02233  -0.0624   0.3643   0.5847
   4.700   0.9784   0.03152   0.02291  -0.0623   0.3639   0.5879
   4.800   0.9861   0.03196   0.02340  -0.0620   0.3636   0.5904
   4.900   0.9933   0.03213   0.02366  -0.0615   0.3634   0.5928
   5.000   1.0002   0.03231   0.02392  -0.0609   0.3631   0.5954
   5.100   1.0071   0.03254   0.02423  -0.0604   0.3628   0.5982
   5.200   1.0135   0.03276   0.02452  -0.0598   0.3625   0.6012
   5.300   1.0196   0.03300   0.02481  -0.0592   0.3621   0.6041
   5.400   1.0252   0.03323   0.02510  -0.0585   0.3616   0.6069
   5.500   1.0303   0.03344   0.02540  -0.0577   0.3610   0.6093
   5.600   1.0357   0.03371   0.02576  -0.0570   0.3605   0.6117
   5.700   1.0407   0.03399   0.02612  -0.0562   0.3600   0.6143
   5.800   1.0460   0.03433   0.02653  -0.0555   0.3596   0.6170
   5.900   1.0509   0.03468   0.02695  -0.0547   0.3592   0.6199
   6.000   1.0558   0.03507   0.02740  -0.0540   0.3589   0.6227
   6.200   1.0642   0.03584   0.02832  -0.0524   0.3581   0.6277
   6.300   1.0680   0.03624   0.02881  -0.0515   0.3577   0.6302
   6.400   1.0716   0.03666   0.02930  -0.0506   0.3573   0.6329
   6.500   1.0749   0.03711   0.02982  -0.0497   0.3570   0.6357
   6.600   1.0777   0.03756   0.03033  -0.0487   0.3565   0.6386
   6.700   1.0801   0.03805   0.03088  -0.0477   0.3561   0.6416
   6.800   1.0821   0.03854   0.03144  -0.0467   0.3557   0.6441
   6.900   1.0843   0.03895   0.03193  -0.0456   0.3551   0.6467
   7.000   1.0867   0.03933   0.03239  -0.0446   0.3544   0.6495
   7.100   1.0925   0.03954   0.03264  -0.0440   0.3533   0.6526
   7.200   1.1035   0.03953   0.03264  -0.0441   0.3518   0.6568
   7.300   1.1641   0.03763   0.03044  -0.0510   0.3474   0.6646
   7.400   1.1857   0.03844   0.03117  -0.0532   0.3449   0.6691
   7.500   1.1801   0.03842   0.03129  -0.0506   0.3440   0.6718
   7.600   1.1749   0.03864   0.03162  -0.0483   0.3430   0.6748
   7.700   1.1703   0.03898   0.03207  -0.0461   0.3419   0.6777
   7.800   1.1661   0.03935   0.03254  -0.0441   0.3407   0.6808
   7.900   1.1631   0.03969   0.03299  -0.0422   0.3395   0.6838
   8.000   1.1619   0.03991   0.03330  -0.0406   0.3380   0.6875
   8.100   1.1637   0.04011   0.03356  -0.0394   0.3367   0.6917
   8.200   1.1737   0.03989   0.03336  -0.0393   0.3348   0.6972
   8.300   1.1908   0.03960   0.03309  -0.0402   0.3333   0.7038
   8.400   1.2263   0.03858   0.03202  -0.0437   0.3312   0.7143
   8.500   1.2521   0.03800   0.03143  -0.0459   0.3296   0.7266
   8.600   1.2785   0.03761   0.03104  -0.0484   0.3280   0.7462
   8.700   1.2930   0.03777   0.03145  -0.0494   0.3263   0.8059
   8.800   1.3039   0.03818   0.03224  -0.0513   0.3237   1.0000
   8.900   1.2992   0.03855   0.03268  -0.0492   0.3224   1.0000
   9.000   1.2963   0.03889   0.03308  -0.0474   0.3211   1.0000
   9.100   1.2951   0.03912   0.03334  -0.0457   0.3199   1.0000
   9.200   1.2989   0.03910   0.03334  -0.0447   0.3184   1.0000
   9.300   1.3100   0.03883   0.03305  -0.0447   0.3168   1.0000
   9.400   1.3322   0.03810   0.03226  -0.0462   0.3150   1.0000
   9.500   1.3517   0.03743   0.03151  -0.0473   0.3133   1.0000
   9.600   1.3820   0.03639   0.03034  -0.0500   0.3114   1.0000
   9.700   1.4132   0.03568   0.02946  -0.0530   0.3094   1.0000
   9.800   1.4037   0.03598   0.02987  -0.0500   0.3084   1.0000
   9.900   1.3932   0.03635   0.03033  -0.0469   0.3075   1.0000
  10.000   1.3829   0.03672   0.03079  -0.0439   0.3063   1.0000
  10.100   1.3757   0.03709   0.03122  -0.0414   0.3050   1.0000
  10.200   1.3710   0.03727   0.03146  -0.0394   0.3034   1.0000
  10.300   1.3720   0.03718   0.03139  -0.0381   0.3017   1.0000
  10.400   1.3755   0.03698   0.03121  -0.0371   0.3000   1.0000
  10.500   1.3885   0.03611   0.03029  -0.0371   0.2978   1.0000
  10.600   1.4070   0.03493   0.02901  -0.0376   0.2957   1.0000
  10.700   1.4293   0.03359   0.02752  -0.0387   0.2935   1.0000
  10.800   1.4238   0.03385   0.02785  -0.0367   0.2921   1.0000
  10.900   1.4131   0.03450   0.02863  -0.0342   0.2907   1.0000
  11.000   1.4040   0.03510   0.02933  -0.0321   0.2891   1.0000
  11.100   1.3978   0.03548   0.02979  -0.0303   0.2870   1.0000
  11.200   1.3966   0.03549   0.02984  -0.0290   0.2846   1.0000
  11.300   1.4006   0.03504   0.02939  -0.0281   0.2821   1.0000
  11.400   1.4094   0.03405   0.02832  -0.0276   0.2791   1.0000
  11.500   1.4066   0.03425   0.02857  -0.0263   0.2764   1.0000
  11.600   1.3968   0.03510   0.02957  -0.0245   0.2728   1.0000
  11.700   1.3956   0.03529   0.02981  -0.0235   0.2686   1.0000
  11.800   1.3995   0.03478   0.02925  -0.0228   0.2625   1.0000
  11.900   1.3948   0.03556   0.03017  -0.0217   0.2552   1.0000
  12.000   1.3940   0.03566   0.03023  -0.0208   0.2408   1.0000
  12.100   1.3875   0.03602   0.03038  -0.0196   0.2160   1.0000
  12.200   1.3745   0.03724   0.03140  -0.0181   0.1947   1.0000
  12.300   1.3596   0.03893   0.03295  -0.0167   0.1776   1.0000
  12.400   1.3431   0.04094   0.03488  -0.0155   0.1633   1.0000
  12.500   1.3271   0.04309   0.03699  -0.0144   0.1523   1.0000
  12.600   1.3124   0.04527   0.03916  -0.0137   0.1442   1.0000
  12.700   1.2960   0.04776   0.04167  -0.0130   0.1376   1.0000
  12.800   1.2809   0.05029   0.04423  -0.0127   0.1330   1.0000
  12.900   1.2653   0.05305   0.04704  -0.0126   0.1300   1.0000
  13.000   1.2483   0.05617   0.05023  -0.0128   0.1281   1.0000
