1.0,0.0
0.983828642569,0.00588163528104
0.967612220907,0.0116310322199
0.951350735014,0.0172481908167
0.93504418489,0.0227331110713
0.918692570536,0.0280857929837
0.902295891951,0.033306236554
0.885854149136,0.0383944417822
0.869367342089,0.0433504086682
0.852835470812,0.048174137212
0.836258535305,0.0528656274137
0.819636535566,0.0574248792733
0.802969471597,0.0618518927907
0.786257343398,0.0661466679659
0.769500150967,0.070309204799
0.752697894306,0.07433950329
0.735850573414,0.0782375634388
0.718958188292,0.0820033852455
0.702020738938,0.08563696871
0.685038225355,0.0891383138324
0.66801064754,0.0925074206126
0.651013002877,0.0957301924517
0.634120288749,0.0987925327508
0.617332505155,0.10169444151
0.600649652096,0.104435918729
0.584071729572,0.107016964408
0.567598737581,0.109437578547
0.551230676126,0.111697761146
0.534967545205,0.113797512205
0.518809344818,0.115736831724
0.502756074966,0.117515719703
0.486807735649,0.119134176142
0.470964326866,0.120592201041
0.455225848617,0.1218897944
0.439592300903,0.123026956219
0.424063683724,0.124003686497
0.408639997079,0.124819985236
0.393321240969,0.125475852435
0.378107415393,0.125971288094
0.362998520352,0.126306292213
0.347994555845,0.126480864791
0.333168744632,0.126494669344
0.318594309472,0.126347369385
0.304271250366,0.126038964914
0.290199567313,0.125569455931
0.276379260314,0.124938842435
0.262810329368,0.124147124428
0.249492774475,0.123194301909
0.236426595636,0.122080374879
0.22361179285,0.120805343336
0.211048366117,0.119369207281
0.198736315438,0.117771966714
0.186675640812,0.116013621635
0.174866342239,0.114094172044
0.16330841972,0.112013617942
0.152001873254,0.109771959327
0.140946702841,0.107369196201
0.130142908482,0.104805328562
0.119590490176,0.102080356412
0.109289447924,0.0991942797491
0.0992397817246,0.0961470985746
0.0895639030065,0.0930084296792
0.0803842231969,0.0898478898536
0.071700742296,0.0866654790978
0.0635134603038,0.0834611974118
0.0558223772201,0.0802350447958
0.0486274930451,0.0769870212495
0.0419288077787,0.0737171267731
0.0357263214209,0.0704253613666
0.0300200339717,0.0671117250299
0.0248099454312,0.0637762177631
0.0200960557992,0.0604188395661
0.0158783650759,0.0570395904389
0.0121568732613,0.0536384703816
0.00893158035522,0.0502154793941
0.00620248635779,0.0467706174765
0.00396959126898,0.0433038846288
0.0022328950888,0.0398152808509
0.000992397817246,0.0363048061428
0.000248099454312,0.0327724605046
0.0,0.0292182439362
0.000248686994042,0.0256470170752
0.000994747976168,0.0220636405592
0.00223818294638,0.0184681143881
0.00397899190467,0.014860438562
0.00621717485105,0.0112406130809
0.00895273178551,0.00760863794471
0.0121856627081,0.00396451315349
0.0159159676187,0.000308238707216
0.0201436465174,-0.0033601853941
0.0248686994042,-0.00704075915045
0.0300911262791,-0.0107334825618
0.035810927142,-0.0144383556283
0.0420281019931,-0.0181553783498
0.0487426508322,-0.0218845507263
0.0559545736594,-0.0256258727579
0.0636638704747,-0.0293793444445
0.0718705412781,-0.0331449657861
0.0805745860696,-0.0369227367828
0.0897760048491,-0.0407126574345
0.0994747976168,-0.0445147277413
0.10954756146,-0.0482030121759
0.119870893466,-0.0516515752113
0.130444793635,-0.0548604168473
0.141269261967,-0.0578295370839
0.152344298462,-0.0605589359213
0.16366990312,-0.0630486133593
0.17524607594,-0.065298569398
0.187072816924,-0.0673088040374
0.19915012607,-0.0690793172774
0.21147800338,-0.0706101091182
0.224056448852,-0.0719011795596
0.236885462488,-0.0729525286017
0.249965044286,-0.0737641562445
0.263295194247,-0.0743360624879
0.276875912371,-0.074668247332
0.290707198658,-0.0747607107768
0.304789053108,-0.0746134528223
0.319121475721,-0.0742264734685
0.333704466497,-0.0735997727153
0.348538025436,-0.0727333505628
0.363516820852,-0.0717289242613
0.378535521062,-0.0706882110609
0.393594126064,-0.0696112109618
0.408692635859,-0.0684979239639
0.423831050447,-0.0673483500672
0.439009369827,-0.0661624892717
0.454227594001,-0.0649403415774
0.469485722967,-0.0636819069843
0.484783756726,-0.0623871854925
0.500121695278,-0.0610561771018
0.515499538622,-0.0596888818123
0.530917286759,-0.0582852996241
0.54637493969,-0.0568454305371
0.561872497412,-0.0553692745512
0.577409959928,-0.0538568316666
0.592987327237,-0.0523081018832
0.608604599338,-0.050723085201
0.624261776232,-0.04910178162
0.639958857919,-0.0474441911403
0.655695844399,-0.0457503137617
0.67152569672,-0.0440095181907
0.687501375932,-0.0422111731337
0.703622882034,-0.0403552785907
0.719890215026,-0.0384418345617
0.736303374909,-0.0364708410467
0.752862361682,-0.0344422980457
0.769567175346,-0.0323562055587
0.7864178159,-0.0302125635856
0.803414283345,-0.0280113721265
0.820556577679,-0.0257526311814
0.837844698905,-0.0234363407504
0.85527864702,-0.0210625008333
0.872858422026,-0.0186311114301
0.890584023923,-0.016142172541
0.90845545271,-0.0135956841659
0.926472708387,-0.0109916463047
0.944635790955,-0.00833005895756
0.962944700413,-0.00561092212439
0.981399436761,-0.0028342358052
1.0,0.0
