1.0,0.0
0.983602146996,0.00595412723969
0.967160638859,0.011771274097
0.950675475588,0.017451440572
0.934146657182,0.0229946266647
0.917574183643,0.028400832375
0.90095805497,0.0336700577029
0.884298271163,0.0388023026485
0.867594832222,0.0437975672118
0.850847738147,0.0486558513927
0.834056988938,0.0533771551912
0.817222584595,0.0579614786074
0.800344525118,0.0624088216413
0.783422810508,0.0667191842928
0.766457440763,0.070892566562
0.749448415885,0.0749289684488
0.732395735872,0.0788283899532
0.715299400726,0.0825908310754
0.698159410446,0.0862162918151
0.680975765032,0.0897047721725
0.663748464484,0.0930562721476
0.646563874199,0.0962579111286
0.629508359575,0.099296808504
0.612581920612,0.102172964274
0.595784557309,0.104886378437
0.579116269668,0.107437050995
0.562577057687,0.109824981948
0.546166921366,0.112050171295
0.529885860707,0.114112619035
0.513733875708,0.116012325171
0.49771096637,0.1177492897
0.481817132692,0.119323512624
0.466052374675,0.120734993942
0.450416692319,0.121983733654
0.434910085624,0.123069731761
0.419532554589,0.123992988262
0.404284099216,0.124753503157
0.389164719502,0.125351276446
0.37417441545,0.12578630813
0.359313187058,0.126058598208
0.344581034327,0.12616814668
0.330032728693,0.126118155076
0.31572304159,0.125911824928
0.301651973018,0.125549156234
0.287819522979,0.125030148994
0.274225691471,0.124354803209
0.260870478495,0.123523118879
0.24775388405,0.122535096003
0.234875908138,0.121390734582
0.222236550757,0.120090034615
0.209835811908,0.118632996103
0.19767369159,0.117019619046
0.185750189804,0.115249903443
0.17406530655,0.113323849295
0.162619041828,0.111241456601
0.151411395638,0.109002725362
0.140442367979,0.106607655578
0.129711958852,0.104056247248
0.119220168256,0.101348500372
0.108966996193,0.0984844149518
0.0989524426606,0.0954639909858
0.0893045795012,0.0923542738281
0.0801514785551,0.0892223088325
0.0714931398223,0.0860680959989
0.0633295633028,0.0828916353274
0.0556607489966,0.0796929268179
0.0484866969037,0.0764719704705
0.0418074070241,0.0732287662852
0.0356228793578,0.0699633142619
0.0299331139048,0.0666756144007
0.0247381106652,0.0633656667016
0.0200378696388,0.0600334711645
0.0158323908257,0.0566790277895
0.0121216742259,0.0533023365766
0.00890571983945,0.0499033975257
0.00618452766629,0.0464822106368
0.00395809770642,0.0430387759101
0.00222642995986,0.0395730933454
0.000989524426606,0.0360851629427
0.000247381106652,0.0325749847022
0.0,0.0290425586236
0.000255808771051,0.0254931373099
0.0010232350842,0.0219319733637
0.00230227893946,0.0183590667851
0.00409294033681,0.014774417574
0.00639521927627,0.0111780257304
0.00920911575783,0.00756989125437
0.0125346297815,0.00395001414586
0.0163717613473,0.000318394404883
0.0207205104551,-0.00332496796856
0.0255808771051,-0.00698007297446
0.0309528612972,-0.0106469206128
0.0368364630313,-0.0143255108837
0.0432316823076,-0.018015843787
0.050138519126,-0.0217179193227
0.0575569734865,-0.025431737491
0.065487045389,-0.0291572982917
0.0739287348337,-0.0328946017248
0.0828820418205,-0.0366436477905
0.0923469663494,-0.0404044364886
0.10232350842,-0.0441769678191
0.112667817861,-0.0478362398655
0.123236044499,-0.0512572507112
0.134028188335,-0.0544400003562
0.145044249368,-0.0573844888003
0.156284227598,-0.0600907160438
0.167748123026,-0.0625586820865
0.179435935651,-0.0647883869284
0.191347665474,-0.0667798305696
0.203483312494,-0.0685330130101
0.215842876711,-0.0700479342498
0.228426358126,-0.0713245942888
0.241233756738,-0.072362993127
0.254265072547,-0.0731631307644
0.267520305554,-0.0737250072012
0.280999455759,-0.0740486224372
0.294702523161,-0.0741339764724
0.30862950776,-0.0739810693069
0.322780409556,-0.0735899009406
0.33715522855,-0.0729604713736
0.351753964742,-0.0720927806059
0.366487748073,-0.0710881286169
0.381267708488,-0.0700478153863
0.396093845986,-0.0689718409139
0.410966160567,-0.0678602051999
0.42588465223,-0.0667129082441
0.440849320977,-0.0655299500467
0.455860166807,-0.0643113306075
0.47091718972,-0.0630570499267
0.486020389716,-0.0617671080042
0.501169766796,-0.0604415048399
0.516365320958,-0.059080240434
0.531607052203,-0.0576833147864
0.546894960531,-0.0562507278971
0.562229045943,-0.0547824797661
0.577609308437,-0.0532785703934
0.593035748015,-0.051738999779
0.608508364675,-0.0501637679229
0.624027158419,-0.0485528748251
0.639592129246,-0.0469063204856
0.655203277155,-0.0452241049044
0.670917793591,-0.0434960007502
0.686792869996,-0.0417117806917
0.70282850637,-0.0398714447289
0.719024702713,-0.0379749928618
0.735381459025,-0.0360224250903
0.751898775307,-0.0340137414145
0.768576651557,-0.0319489418344
0.785415087777,-0.02982802635
0.802414083965,-0.0276509949612
0.819573640123,-0.0254178476682
0.83689375625,-0.0231285844708
0.854374432346,-0.0207832053691
0.872015668411,-0.0183817103631
0.889817464445,-0.0159240994527
0.907779820448,-0.0134103726381
0.92590273642,-0.0108405299191
0.944186212361,-0.0082145712958
0.962630248272,-0.00553249676819
0.981234844151,-0.00279430633625
1.0,0.0
