  
       XFOIL         Version 6.99
  
 Calculated polar for: G47A5                                           
  
 1 1 Reynolds number fixed          Mach number fixed         
  
 xtrf =   1.000 (top)        1.000 (bottom)  
 Mach =   0.000     Re =     0.200 e 6     Ncrit =   9.000
  
   alpha    CL        CD       CDp       CM     Top_Xtr  Bot_Xtr
  ------ -------- --------- --------- -------- -------- --------
   1.000   1.1644   0.03273   0.02359  -0.1818   0.3650   0.4875
   1.100   1.1754   0.03289   0.02377  -0.1821   0.3646   0.4894
   1.200   1.1868   0.03301   0.02389  -0.1825   0.3641   0.4920
   1.300   1.1997   0.03313   0.02397  -0.1833   0.3636   0.4955
   1.400   1.2091   0.03331   0.02420  -0.1832   0.3631   0.4963
   1.500   1.2186   0.03352   0.02446  -0.1830   0.3626   0.4972
   1.600   1.2283   0.03374   0.02473  -0.1829   0.3621   0.4982
   1.700   1.2381   0.03398   0.02502  -0.1829   0.3617   0.4993
   1.800   1.2480   0.03423   0.02531  -0.1828   0.3614   0.5005
   1.900   1.2579   0.03448   0.02561  -0.1828   0.3610   0.5018
   2.000   1.2680   0.03474   0.02590  -0.1828   0.3607   0.5033
   2.100   1.2782   0.03498   0.02618  -0.1829   0.3604   0.5051
   2.200   1.2888   0.03522   0.02645  -0.1831   0.3600   0.5074
   2.300   1.3002   0.03544   0.02667  -0.1836   0.3597   0.5104
   2.400   1.3121   0.03566   0.02687  -0.1842   0.3594   0.5135
   2.500   1.3216   0.03591   0.02717  -0.1841   0.3590   0.5144
   2.600   1.3310   0.03617   0.02748  -0.1840   0.3587   0.5154
   2.700   1.3405   0.03645   0.02781  -0.1839   0.3584   0.5166
   2.800   1.3500   0.03673   0.02814  -0.1839   0.3581   0.5178
   2.900   1.3594   0.03702   0.02847  -0.1838   0.3578   0.5191
   3.000   1.3690   0.03731   0.02881  -0.1838   0.3575   0.5207
   3.100   1.3787   0.03761   0.02914  -0.1838   0.3572   0.5225
   3.200   1.3887   0.03789   0.02945  -0.1839   0.3569   0.5247
   3.300   1.3992   0.03819   0.02976  -0.1842   0.3566   0.5275
   3.400   1.4107   0.03849   0.03004  -0.1847   0.3563   0.5310
   3.500   1.4198   0.03877   0.03037  -0.1846   0.3561   0.5321
   3.600   1.4289   0.03909   0.03074  -0.1845   0.3558   0.5332
   3.700   1.4382   0.03940   0.03111  -0.1845   0.3555   0.5345
   3.800   1.4477   0.03973   0.03148  -0.1845   0.3552   0.5359
   3.900   1.4578   0.04005   0.03183  -0.1846   0.3548   0.5375
   4.000   1.4680   0.04040   0.03221  -0.1847   0.3545   0.5393
   4.100   1.4776   0.04074   0.03257  -0.1848   0.3540   0.5415
   4.200   1.4879   0.04111   0.03296  -0.1850   0.3536   0.5443
   4.300   1.4994   0.04154   0.03336  -0.1856   0.3532   0.5480
   4.400   1.5088   0.04195   0.03382  -0.1856   0.3528   0.5496
   4.500   1.5180   0.04243   0.03434  -0.1856   0.3524   0.5509
   4.600   1.5266   0.04293   0.03490  -0.1855   0.3522   0.5524
   4.700   1.5353   0.04349   0.03552  -0.1855   0.3519   0.5538
   4.800   1.5439   0.04413   0.03620  -0.1855   0.3516   0.5555
   4.900   1.5524   0.04485   0.03697  -0.1855   0.3513   0.5574
   5.000   1.5605   0.04564   0.03781  -0.1854   0.3510   0.5595
   5.100   1.5682   0.04668   0.03889  -0.1854   0.3507   0.5617
   5.200   1.5728   0.04698   0.03925  -0.1847   0.3505   0.5641
   5.300   1.5767   0.04727   0.03959  -0.1838   0.3503   0.5663
   5.400   1.5779   0.04746   0.03988  -0.1823   0.3499   0.5674
   5.500   1.5782   0.04768   0.04020  -0.1806   0.3495   0.5684
   5.600   1.5770   0.04788   0.04050  -0.1787   0.3490   0.5694
   5.700   1.5752   0.04814   0.04085  -0.1767   0.3484   0.5705
   5.800   1.5732   0.04843   0.04125  -0.1747   0.3476   0.5715
   5.900   1.5709   0.04876   0.04166  -0.1727   0.3468   0.5727
   6.000   1.5680   0.04908   0.04206  -0.1706   0.3458   0.5739
   6.100   1.5649   0.04938   0.04244  -0.1685   0.3447   0.5752
   6.200   1.5621   0.04965   0.04277  -0.1664   0.3437   0.5766
   6.300   1.5612   0.04984   0.04300  -0.1646   0.3424   0.5783
   6.400   1.5664   0.04976   0.04292  -0.1638   0.3406   0.5804
   6.500   1.5876   0.04908   0.04213  -0.1656   0.3380   0.5836
   6.600   1.6479   0.04734   0.04010  -0.1740   0.3342   0.5872
   6.700   1.6748   0.04797   0.04062  -0.1774   0.3321   0.5896
   6.800   1.6732   0.04853   0.04126  -0.1756   0.3312   0.5910
   6.900   1.6662   0.04866   0.04151  -0.1727   0.3305   0.5920
   7.000   1.6592   0.04891   0.04185  -0.1698   0.3299   0.5932
   7.100   1.6512   0.04922   0.04226  -0.1668   0.3293   0.5944
   7.200   1.6438   0.04963   0.04276  -0.1639   0.3286   0.5957
   7.300   1.6360   0.05005   0.04326  -0.1611   0.3277   0.5968
   7.400   1.6302   0.05052   0.04381  -0.1587   0.3268   0.5982
   7.500   1.6252   0.05097   0.04432  -0.1564   0.3257   0.5995
   7.600   1.6225   0.05133   0.04473  -0.1546   0.3246   0.6011
   7.700   1.6219   0.05160   0.04505  -0.1530   0.3234   0.6023
   7.800   1.6251   0.05166   0.04516  -0.1521   0.3221   0.6035
   7.900   1.6361   0.05133   0.04483  -0.1522   0.3207   0.6052
   8.000   1.6626   0.05026   0.04369  -0.1546   0.3188   0.6079
   8.100   1.6923   0.04918   0.04250  -0.1576   0.3172   0.6113
   8.200   1.7145   0.04851   0.04174  -0.1595   0.3157   0.6142
   8.300   1.7558   0.04808   0.04111  -0.1650   0.3135   0.6184
   8.400   1.7472   0.04846   0.04159  -0.1620   0.3129   0.6194
   8.500   1.7353   0.04888   0.04213  -0.1585   0.3122   0.6200
   8.600   1.7236   0.04941   0.04278  -0.1552   0.3114   0.6206
   8.700   1.7126   0.05000   0.04348  -0.1521   0.3105   0.6213
   8.800   1.7015   0.05058   0.04417  -0.1491   0.3094   0.6219
   8.900   1.6934   0.05115   0.04484  -0.1465   0.3083   0.6227
   9.000   1.6884   0.05160   0.04536  -0.1445   0.3071   0.6238
   9.100   1.6874   0.05183   0.04565  -0.1430   0.3058   0.6251
   9.200   1.6949   0.05142   0.04525  -0.1426   0.3041   0.6271
   9.300   1.7103   0.05059   0.04438  -0.1433   0.3025   0.6295
   9.400   1.7249   0.04973   0.04347  -0.1438   0.3010   0.6318
   9.500   1.7459   0.04840   0.04204  -0.1452   0.2993   0.6346
   9.600   1.7724   0.04675   0.04023  -0.1474   0.2975   0.6374
   9.700   1.7866   0.04602   0.03943  -0.1480   0.2958   0.6392
   9.800   1.7746   0.04675   0.04030  -0.1450   0.2950   0.6397
   9.900   1.7640   0.04752   0.04121  -0.1422   0.2940   0.6404
  10.000   1.7544   0.04826   0.04207  -0.1397   0.2928   0.6411
  10.100   1.7468   0.04889   0.04280  -0.1374   0.2914   0.6419
  10.200   1.7408   0.04935   0.04336  -0.1354   0.2899   0.6429
  10.300   1.7385   0.04955   0.04361  -0.1339   0.2882   0.6440
  10.400   1.7412   0.04923   0.04330  -0.1329   0.2864   0.6455
  10.500   1.7502   0.04821   0.04225  -0.1326   0.2843   0.6472
  10.600   1.7618   0.04668   0.04060  -0.1324   0.2819   0.6492
  10.700   1.7671   0.04592   0.03977  -0.1317   0.2798   0.6508
  10.800   1.7553   0.04710   0.04113  -0.1292   0.2780   0.6513
  10.900   1.7466   0.04802   0.04219  -0.1271   0.2757   0.6521
  11.000   1.7420   0.04848   0.04273  -0.1255   0.2730   0.6530
  11.100   1.7420   0.04826   0.04253  -0.1243   0.2697   0.6543
  11.200   1.7473   0.04713   0.04131  -0.1234   0.2657   0.6558
  11.300   1.7404   0.04833   0.04271  -0.1218   0.2612   0.6564
  11.400   1.7402   0.04835   0.04277  -0.1207   0.2537   0.6576
  11.500   1.7391   0.04854   0.04299  -0.1195   0.2410   0.6588
  11.600   1.7348   0.04864   0.04289  -0.1178   0.2183   0.6599
  11.700   1.7201   0.04991   0.04388  -0.1155   0.1939   0.6604
  11.800   1.7039   0.05186   0.04567  -0.1133   0.1741   0.6606
  11.900   1.6875   0.05409   0.04783  -0.1113   0.1590   0.6608
  12.000   1.6705   0.05656   0.05026  -0.1095   0.1461   0.6610
  12.100   1.6541   0.05912   0.05282  -0.1080   0.1365   0.6612
  12.200   1.6382   0.06176   0.05548  -0.1067   0.1294   0.6614
  12.300   1.6209   0.06470   0.05846  -0.1055   0.1236   0.6615
  12.400   1.6043   0.06771   0.06153  -0.1047   0.1197   0.6616
  12.500   1.5875   0.07095   0.06485  -0.1041   0.1175   0.6617
  12.600   1.5708   0.07438   0.06839  -0.1039   0.1164   0.6618
  12.700   1.5538   0.07809   0.07222  -0.1041   0.1165   0.6618
  12.800   1.5363   0.08219   0.07647  -0.1047   0.1177   0.6618
  12.900   1.5182   0.08683   0.08130  -0.1060   0.1204   0.6616
  13.000   1.5005   0.09191   0.08658  -0.1077   0.1244   0.6614
