1.0,0.0
0.986390503329,0.00627182006001
0.97253234647,0.0123793331918
0.958425529424,0.0183225393954
0.94407005219,0.0241014386708
0.929465914768,0.0297160310179
0.914613117159,0.0351663164369
0.899511659362,0.0404522949276
0.884161541377,0.0455739664901
0.868562763205,0.0505313311245
0.852715324845,0.0553243888306
0.836619226297,0.0599531396084
0.820274467562,0.0644175834581
0.803681048639,0.0687177203796
0.786838969529,0.0728535503729
0.76974823023,0.0768250734379
0.752408830745,0.0806322895747
0.734820771071,0.0842751987834
0.71698405121,0.0877538010638
0.698898671161,0.091068096416
0.680564630925,0.09421808484
0.66219851579,0.0972123584338
0.644016911048,0.100059509295
0.626019816697,0.102759537425
0.608207232737,0.105312442822
0.590579159169,0.107718225487
0.573135595993,0.10997688542
0.555876543209,0.112088422621
0.538802000816,0.11405283709
0.521911968815,0.115870128826
0.505206447205,0.11754029783
0.488685435988,0.119063344102
0.472348935161,0.120439267642
0.456196944727,0.12166806845
0.440229464684,0.122749746525
0.424446495033,0.123684301869
0.408848035774,0.12447173448
0.393434086906,0.125112044359
0.37820464843,0.125605231506
0.363159720345,0.125951295921
0.348299302652,0.126150237603
0.333649572121,0.126191089526
0.319236705519,0.126062884661
0.305060702849,0.125765623008
0.291121564109,0.125299304568
0.2774192893,0.124663929341
0.263953878422,0.123859497325
0.250725331474,0.122886008523
0.237733648457,0.121743462932
0.22497882937,0.120431860554
0.212460874214,0.118951201389
0.200179782989,0.117301485436
0.188135555695,0.115482712695
0.176328192331,0.113494883167
0.164757692897,0.111337996851
0.153424057395,0.109012053747
0.142327285823,0.106517053857
0.131467378181,0.103852997178
0.120844334471,0.101019883712
0.11045815469,0.0980177134581
0.100308838841,0.0948464864168
0.090528727054,0.0915881660159
0.0812501594612,0.0883247156833
0.0724731360626,0.0850561354191
0.0641976568583,0.0817824252232
0.0564237218481,0.0785035850956
0.0491513310321,0.0752196150364
0.0423804844103,0.0719305150455
0.0361111819828,0.0686362851229
0.0303434237494,0.0653369252687
0.0250772097103,0.0620324354828
0.0203125398653,0.0587228157653
0.0160494142146,0.0554080661161
0.012287832758,0.0520881865352
0.00902779549569,0.0487631770226
0.00626930242756,0.0454330375784
0.00401235355364,0.0420977682026
0.00225694887392,0.038757368895
0.00100308838841,0.0354118396558
0.000250772097103,0.032061180485
0.0,0.0287053913824
0.000230526726176,0.0253377925954
0.000922106904703,0.0219517043712
0.00207474053558,0.0185471267096
0.00368842761881,0.0151240596108
0.00576316815439,0.0116825030748
0.00829896214233,0.00822245710142
0.0112958095826,0.00474392169081
0.0147537104753,0.00124689684292
0.0186726648202,-0.00226861744224
0.0230526726176,-0.00580262116466
0.0278937338673,-0.00935511432436
0.0331958485693,-0.0129260969213
0.0389590167237,-0.0165155689556
0.0451832383305,-0.0201235304271
0.0518685133896,-0.0237499813359
0.059014841901,-0.0273949216819
0.0666222238648,-0.0310583514652
0.074690659281,-0.0347402706858
0.0832201481495,-0.0384406793437
0.0922106904703,-0.0421595774388
0.101571136205,-0.0457733755339
0.111210335315,-0.0491584841917
0.121128287801,-0.0523149034122
0.131324993663,-0.0552426331953
0.1418004529,-0.0579416735412
0.152554665512,-0.0604120244497
0.1635876315,-0.0626536859209
0.174899350864,-0.0646666579548
0.186489823603,-0.0664509405513
0.198359049717,-0.0680065337106
0.210507029207,-0.0693334374325
0.222933762073,-0.0704316517172
0.235639248314,-0.0713011765645
0.248623487931,-0.0719420119744
0.261886480923,-0.0723541579471
0.275428227291,-0.0725376144825
0.289248727034,-0.0724923815805
0.303347980153,-0.0722184592412
0.317725986648,-0.0717158474646
0.332382746518,-0.0709845462507
0.347255586537,-0.0701205112943
0.362281833479,-0.0692196982904
0.377461487344,-0.0682821072388
0.392794548133,-0.0673077381396
0.408281015844,-0.0662965909929
0.423920890479,-0.0652486657985
0.439714172037,-0.0641639625565
0.455660860517,-0.063042481267
0.471760955921,-0.0618842219298
0.488014458248,-0.0606891845451
0.504421367498,-0.0594573691127
0.520981683671,-0.0581887756328
0.537695406767,-0.0568834041053
0.554562536786,-0.0555412545301
0.571583073729,-0.0541623269074
0.588757017594,-0.052746621237
0.606084368382,-0.0512941375191
0.623565126094,-0.0498048757536
0.641199290728,-0.0482788359404
0.658986862286,-0.0467160180797
0.676810456398,-0.0450970814942
0.694552688698,-0.0434026855068
0.712213559183,-0.0416328301174
0.729793067856,-0.0397875153261
0.747291214715,-0.0378667411328
0.764707999761,-0.0358705075375
0.782043422993,-0.0337988145404
0.799297484412,-0.0316516621413
0.816470184018,-0.0294290503402
0.83356152181,-0.0271309791372
0.850571497789,-0.0247574485322
0.867500111955,-0.0223084585253
0.884347364307,-0.0197840091165
0.901113254846,-0.0171841003057
0.917797783572,-0.0145087320929
0.934400950484,-0.0117579044782
0.950922755583,-0.00893161746159
0.967363198869,-0.006029871043
0.983722280341,-0.00305266522248
1.0,0.0
