1.0,0.0
0.987428323677,0.00640690621103
0.974517968863,0.0126385579692
0.961268935559,0.0186949552746
0.947681223764,0.0245760981271
0.933754833478,0.0302819865268
0.919489764702,0.0358126204736
0.904886017436,0.0411679999676
0.889943591678,0.0463481250088
0.87466248743,0.0513529955971
0.859042704692,0.0561826117326
0.843084243463,0.0608369734152
0.826787103743,0.065316080645
0.810151285533,0.069619933422
0.793176788832,0.0737485317461
0.77586361364,0.0777018756174
0.758211759958,0.0814799650359
0.740221227785,0.0850828000015
0.721892017122,0.0885103805143
0.703224127968,0.0917627065742
0.684217560323,0.0948397781813
0.665155995803,0.0977585505909
0.646323116024,0.100535979058
0.627718920985,0.103172063584
0.609343410686,0.105666804167
0.591196585128,0.108020200808
0.57327844431,0.110232253506
0.555588988232,0.112302962263
0.538128216895,0.114232327078
0.520896130297,0.11602034795
0.503892728441,0.11766702488
0.487118011324,0.119172357868
0.470571978948,0.120536346914
0.454254631312,0.121758992018
0.438165968417,0.122840293179
0.422305990262,0.123780250398
0.406674696847,0.124578863676
0.391272088172,0.125236133011
0.376098164238,0.125752058403
0.361152925044,0.126126639854
0.346436370591,0.126359877363
0.331948695998,0.126435055463
0.317690096384,0.126335458691
0.30366057175,0.126061087045
0.289860122096,0.125611940525
0.276288747421,0.124988019132
0.262946447727,0.124189322866
0.249833223012,0.123215851726
0.236949073277,0.122067605713
0.224293998522,0.120744584826
0.211867998746,0.119246789066
0.199671073951,0.117574218433
0.187703224135,0.115726872926
0.175964449298,0.113704752546
0.164454749442,0.111507857293
0.153174124565,0.109136187165
0.142122574669,0.106589742165
0.131300099751,0.103868522291
0.120706699814,0.100972527544
0.110342374857,0.0979017579233
0.100207124879,0.0946562134292
0.0904369302032,0.0913215864541
0.0811677711519,0.0879835693905
0.072399647725,0.0846421622384
0.0641325599225,0.0812973649978
0.0563665077443,0.0779491776687
0.0491014911906,0.074597600251
0.0423375102613,0.0712426327448
0.0360745649564,0.0678842751501
0.0303126552758,0.0645225274668
0.0250517812197,0.0611573896951
0.020291942788,0.0577888618348
0.0160331399806,0.054416943886
0.0122753727977,0.0510416358486
0.0090186412391,0.0476629377228
0.00626294530493,0.0442808495084
0.00400828499515,0.0408953712055
0.00225466030977,0.037506502814
0.00100207124879,0.0341142443341
0.000250517812197,0.0307185957656
0.0,0.0273195571086
0.000240007664517,0.0239096998049
0.000960030658067,0.0204815952962
0.00216006898065,0.0170352435827
0.00384012263227,0.0135706446642
0.00600019161292,0.0100877985408
0.00864027592261,0.00658670521251
0.0117603755613,0.00306736467929
0.0153604905291,-0.000470223058837
0.0194406208259,-0.00402605800188
0.0240007664517,-0.00760014014984
0.0290409274065,-0.0111924695027
0.0345611036904,-0.0148030460605
0.0405612953033,-0.0184318698232
0.0470415022453,-0.0220789407908
0.0540017245163,-0.0257442589634
0.0614419621163,-0.0294278243408
0.0693622150454,-0.0331296369232
0.0777624833035,-0.0368496967105
0.0866427668906,-0.0405880037027
0.0960030658067,-0.0443445578998
0.105727634402,-0.047991841038
0.115700727025,-0.0514023348535
0.125922343676,-0.0545760393464
0.136392484356,-0.0575129545166
0.147111149064,-0.060213080364
0.1580783378,-0.0626764168888
0.169294050565,-0.064902964091
0.180758287358,-0.0668927219704
0.19247104818,-0.0686456905271
0.204432333029,-0.0701618697612
0.216642141907,-0.0714412596726
0.229100474813,-0.0724838602613
0.241807331748,-0.0732896715273
0.254762712711,-0.0738586934706
0.267966617702,-0.0741909260912
0.281419046722,-0.0742863693892
0.29511999977,-0.0741450233644
0.309069476846,-0.073766888017
0.32326747795,-0.0731519633469
0.337714003083,-0.0723002493541
0.352361149132,-0.0713135246472
0.367161012983,-0.0702935678349
0.382113594637,-0.0692403789171
0.397218894095,-0.0681539578938
0.412476911355,-0.0670343047651
0.427887646418,-0.0658814195309
0.443451099284,-0.0646953021912
0.459167269953,-0.0634759527461
0.475036158426,-0.0622233711955
0.491057764701,-0.0609375575394
0.507232088779,-0.0596185117778
0.52355913066,-0.0582662339108
0.540038890344,-0.0568807239384
0.55667136783,-0.0554619818604
0.57345656312,-0.054010007677
0.590394476213,-0.0525248013881
0.607485107109,-0.0510063629938
0.624728455808,-0.049454692494
0.642124522309,-0.0478697898887
0.659673306614,-0.0462516551779
0.677268009393,-0.0445830128147
0.694801831319,-0.0428465872519
0.712274772391,-0.0410423784895
0.729686832609,-0.0391703865276
0.747038011974,-0.0372306113662
0.764328310484,-0.0352230530053
0.781557728142,-0.0331477114448
0.798726264945,-0.0310045866847
0.815833920895,-0.0287936787251
0.832880695991,-0.026514987566
0.849866590234,-0.0241685132073
0.866791603622,-0.0217542556491
0.883655736157,-0.0192722148914
0.900458987839,-0.0167223909341
0.917201358667,-0.0141047837773
0.933882848641,-0.0114193934209
0.950503457761,-0.00866621986498
0.967063186028,-0.00584526310953
0.983562033441,-0.00295652315454
1.0,0.0
