1.0,0.0
0.989869160809,0.00714657389001
0.97914572548,0.0140547647385
0.967829694011,0.0207245725453
0.955921066404,0.0271559973107
0.943419842657,0.0333490390344
0.930326022772,0.0393036977166
0.916639606747,0.0450199733573
0.902360594584,0.0504978659563
0.887488986282,0.0557373755138
0.872024781841,0.0607385020298
0.85596798126,0.0655012455042
0.839318584541,0.070025605937
0.822076591683,0.0743115833283
0.804242002686,0.078359177678
0.78581481755,0.0821683889861
0.766795036274,0.0857392172527
0.74718265886,0.0890716624777
0.726977685307,0.0921657246612
0.706180115615,0.0950214038031
0.684789949785,0.0976386999034
0.663311289548,0.100101421005
0.642248236637,0.102493375151
0.621600791054,0.104814562341
0.601368952798,0.107064982575
0.581552721868,0.109244635854
0.562152098266,0.111353522176
0.54316708199,0.113391641543
0.524597673041,0.115358993954
0.506443871419,0.117255579409
0.488705677124,0.119081397909
0.471383090155,0.120836449452
0.454476110514,0.12252073404
0.437984738199,0.124134251672
0.421908973212,0.125677002349
0.406248815551,0.127148986069
0.391004265217,0.128550202834
0.37617532221,0.129880652642
0.361761986529,0.131140335495
0.347764258176,0.132329251393
0.33418213715,0.133447400334
0.320891629016,0.13440014581
0.307768739342,0.135092851309
0.294813468127,0.135525516834
0.282025815372,0.135698142382
0.269405781076,0.135610727954
0.25695336524,0.135263273551
0.244668567862,0.134655779172
0.232551388944,0.133788244817
0.220601828486,0.132660670486
0.208819886487,0.13127305618
0.197205562947,0.129625401898
0.185758857866,0.12771770764
0.174479771245,0.125549973406
0.163368303083,0.123122199197
0.152424453381,0.120434385011
0.141648222138,0.11748653085
0.131039609354,0.114278636713
0.12059861503,0.110810702601
0.110325239165,0.107082728512
0.100219481759,0.103094714448
0.0904480822879,0.0989896348007
0.0811777802251,0.0949104639632
0.0724085755712,0.0908572019355
0.064140468326,0.0868298487176
0.0563734584897,0.0828284043094
0.0491075460621,0.078852868711
0.0423427310433,0.0749032419224
0.0360790134334,0.0709795239435
0.0303163932322,0.0670817147744
0.0250548704399,0.0632098144151
0.0202944450563,0.0593638228655
0.0160351170815,0.0555437401257
0.0122768865155,0.0517495661956
0.00901975335835,0.0479813010754
0.00626371760996,0.0442389447649
0.00400877927038,0.0405224972641
0.00225493833959,0.0368319585731
0.00100219481759,0.0331673286919
0.000250548704399,0.0295286076205
0.0,0.0259157953588
0.000203796670195,0.0223314319814
0.000815186680782,0.0187780575626
0.00183417003176,0.0152556721026
0.00326074672313,0.0117642756012
0.00509491675489,0.00830386805848
0.00733668012704,0.00487444947447
0.00998603683958,0.00147601984915
0.0130429868925,-0.00189142081748
0.0165075302858,-0.00522787252543
0.0203796670195,-0.00853333527469
0.0246593970937,-0.0118078090653
0.0293467205081,-0.0150512938971
0.034441637263,-0.0182637897703
0.0399441473583,-0.0214452966848
0.045854250794,-0.0245958146407
0.05217194757,-0.0277153436378
0.0588972376865,-0.0308038836762
0.0660301211433,-0.033861434756
0.0735705979406,-0.0368879968771
0.0815186680782,-0.0398835700394
0.0899332411543,-0.0427765936678
0.0988732267668,-0.0454955071867
0.108338624916,-0.0480403105963
0.118329435601,-0.0504110038964
0.128845658824,-0.0526075870871
0.139887294582,-0.0546300601684
0.151454342877,-0.0564784231403
0.163546803709,-0.0581526760029
0.176164677077,-0.059652818756
0.189307962981,-0.0609788513997
0.202976661422,-0.062130773934
0.2171707724,-0.0631085863589
0.231890295914,-0.0639122886744
0.247135231965,-0.0645418808805
0.262905580552,-0.0649973629772
0.279201341675,-0.0652787349645
0.296022515335,-0.0653859968423
0.313369101532,-0.0653191486108
0.331241100265,-0.0650781902699
0.349638511534,-0.0646631218196
0.368251687567,-0.0641496225601
0.38677098059,-0.0636133717916
0.405196390603,-0.0630543695142
0.423527917605,-0.0624726157279
0.441765561598,-0.0618681104325
0.459909322581,-0.0612408536283
0.477959200553,-0.060590845315
0.495915195516,-0.0599180854929
0.513777307469,-0.0592225741617
0.531545536411,-0.0585043113216
0.549219882344,-0.0577632969726
0.566800345266,-0.0569995311146
0.584286925178,-0.0562130137477
0.601679622081,-0.0554037448718
0.618978435973,-0.0545717244869
0.636183366856,-0.0537169525931
0.653294414728,-0.0528394291904
0.67031157959,-0.0519391542786
0.687234861442,-0.051016127858
0.704064260285,-0.0500703499283
0.720747434104,-0.0490358780536
0.737232040889,-0.0478467697977
0.753518080638,-0.0465030251605
0.769605553352,-0.0450046441421
0.785494459031,-0.0433516267425
0.801184797675,-0.0415439729616
0.816676569284,-0.0395816827995
0.831969773858,-0.0374647562561
0.847064411396,-0.0351931933316
0.8619604819,-0.0327669940258
0.876657985368,-0.0301861583387
0.891156921801,-0.0274506862705
0.905457291199,-0.024560577821
0.919559093561,-0.0215158329902
0.933462328889,-0.0183164517783
0.947166997182,-0.0149624341851
0.960673098439,-0.0114537802107
0.973980632661,-0.00779048985501
0.987089599848,-0.00397256311812
1.0,0.0
