1.0,0.0
0.989052359528,0.00707073491884
0.977584004066,0.0139087900426
0.965594933614,0.0205141653714
0.953085148171,0.0268868609051
0.940054647739,0.0330268766438
0.926503432317,0.0389342125874
0.912431501904,0.044608868736
0.897838856501,0.0500508450896
0.882725496109,0.0552601416481
0.867091420726,0.0602367584116
0.850936630353,0.06498069538
0.83426112499,0.0694919525534
0.817064904637,0.0737705299318
0.799347969294,0.0778164275151
0.781110318961,0.0816296453034
0.762351953638,0.0852101832966
0.743072873325,0.0885580414948
0.723273078021,0.091673219898
0.702952567728,0.0945557185061
0.682111342445,0.0972055373192
0.661203547342,0.0997013723631
0.64068332759,0.102121919664
0.62055068319,0.104467179221
0.600805614141,0.106737151035
0.581448120444,0.108931835106
0.562478202098,0.111051231434
0.543895859103,0.113095340018
0.52570109146,0.115064160859
0.507893899168,0.116957693956
0.490474282227,0.118775939311
0.473442240638,0.120518896922
0.4567977744,0.12218656679
0.440540883514,0.123778948914
0.424671567979,0.125296043296
0.409189827795,0.126737849934
0.394095662963,0.128104368829
0.379389073482,0.12939559998
0.365070059352,0.130611543388
0.351138620574,0.131752199053
0.337594757147,0.132817566975
0.32432331579,0.133717485032
0.311209143221,0.134361791102
0.298252239441,0.134750485186
0.28545260445,0.134883567284
0.272810238247,0.134761037395
0.260325140832,0.13438289552
0.247997312206,0.133749141658
0.235826752368,0.13285977581
0.223813461319,0.131714797976
0.211957439058,0.130314208155
0.200258685586,0.128658006348
0.188717200902,0.126746192554
0.177332985007,0.124578766774
0.1661060379,0.122155729008
0.155036359582,0.119477079255
0.144123950052,0.116542817516
0.13336880931,0.113352943791
0.122770937358,0.109907458079
0.112330334193,0.10620636038
0.102046999817,0.102249650696
0.092097417335,0.0981754482985
0.0826580698519,0.0941218724629
0.0737289573679,0.090088923189
0.065310079883,0.0860766004767
0.0574014373972,0.0820849043259
0.0500030299104,0.0781138347368
0.0431148574228,0.0741633917092
0.0367369199342,0.0702335752433
0.0308692174447,0.0663243853389
0.0255117499543,0.0624358219962
0.020664517463,0.058567885215
0.0163275199708,0.0547205749954
0.0125007574776,0.0508938913374
0.00918422998355,0.0470878342411
0.00637793748857,0.0433024037063
0.00408187999269,0.0395375997331
0.00229605749589,0.0357934223215
0.00102046999817,0.0320698714715
0.000255117499543,0.028366947183
0.0,0.0246846494562
0.000193428082384,0.0210330760507
0.000773712329536,0.0174223247259
0.00174085274146,0.0138523954821
0.00309484931814,0.0103232883192
0.0048357020596,0.00683500323707
0.00696341096582,0.00338754023586
0.00947797603682,-1.91006844767e-05
0.0123793972726,-0.00338491952394
0.0156676746731,-0.00670991628253
0.0193428082384,-0.00999409096024
0.0234047979685,-0.0132374435571
0.0278536438633,-0.016439974073
0.0326893459229,-0.0196016825081
0.0379119041473,-0.0227225688624
0.0435213185364,-0.0258026331357
0.0495175890903,-0.0288418753282
0.055900715809,-0.0318402954398
0.0626706986924,-0.0347978934705
0.0698275377406,-0.0377146694203
0.0773712329536,-0.0405906232893
0.0853839148382,-0.0433638284232
0.0939477139015,-0.0459723581678
0.103062630143,-0.0484162125232
0.112728663564,-0.0506953914893
0.122945814163,-0.0528098950661
0.13371408194,-0.0547597232536
0.145033466896,-0.0565448760519
0.156903969031,-0.0581653534609
0.169325588344,-0.0596211554806
0.182298324836,-0.0609122821111
0.195822178506,-0.0620387333523
0.209897149355,-0.0630005092042
0.224523237383,-0.0637976096668
0.239700442589,-0.0644300347402
0.255428764973,-0.0648977844243
0.271708204537,-0.0652008587191
0.288538761278,-0.0653392576247
0.305920435199,-0.065312981141
0.323853226298,-0.065122029268
0.342337134575,-0.0647664020057
0.361058301863,-0.0643146678547
0.379702869991,-0.0638353953155
0.398270838961,-0.0633285843881
0.416762208772,-0.0627942350724
0.435176979425,-0.0622323473685
0.453515150919,-0.0616429212764
0.471776723254,-0.0610259567961
0.48996169643,-0.0603814539276
0.508070070447,-0.0597094126708
0.526101845306,-0.0590098330259
0.544057021006,-0.0582827149927
0.561935597547,-0.0575280585713
0.57973757493,-0.0567458637616
0.597462953153,-0.0559361305638
0.615111732219,-0.0550988589777
0.632683912125,-0.0542340490034
0.650179492872,-0.0533417006409
0.667598474461,-0.0524218138902
0.684940856891,-0.0514743887513
0.702206640163,-0.0504994252241
0.719317233069,-0.0494338805758
0.736194044406,-0.0482147120736
0.752837074173,-0.0468419197173
0.76924632237,-0.0453155035071
0.785421788997,-0.0436354634428
0.801363474054,-0.0418017995246
0.817071377541,-0.0398145117524
0.832545499458,-0.0376736001261
0.847785839805,-0.0353790646459
0.862792398582,-0.0329309053117
0.877565175788,-0.0303291221235
0.892104171425,-0.0275737150813
0.906409385492,-0.0246646841851
0.920480817989,-0.0216020294349
0.934318468916,-0.0183857508308
0.947922338273,-0.0150158483726
0.96129242606,-0.0114923220604
0.974428732276,-0.00781517189429
0.987331256923,-0.00398439787414
1.0,0.0
