  
       XFOIL         Version 6.99
  
 Calculated polar for: G37A4                                           
  
 1 1 Reynolds number fixed          Mach number fixed         
  
 xtrf =   1.000 (top)        1.000 (bottom)  
 Mach =   0.000     Re =     0.200 e 6     Ncrit =   9.000
  
   alpha    CL        CD       CDp       CM     Top_Xtr  Bot_Xtr
  ------ -------- --------- --------- -------- -------- --------
 -13.000  -1.3224   0.02658   0.02013  -0.0109   1.0000   0.2014
 -12.750  -1.3252   0.02630   0.01976  -0.0056   1.0000   0.2116
 -12.500  -1.3235   0.02605   0.01950  -0.0011   1.0000   0.2196
 -12.250  -1.3192   0.02586   0.01915   0.0030   1.0000   0.2277
 -12.000  -1.3122   0.02567   0.01895   0.0067   1.0000   0.2339
 -11.750  -1.3041   0.02554   0.01874   0.0101   1.0000   0.2402
 -11.500  -1.2958   0.02536   0.01840   0.0136   1.0000   0.2463
 -11.250  -1.2838   0.02528   0.01835   0.0164   1.0000   0.2513
 -11.000  -1.2734   0.02521   0.01818   0.0195   1.0000   0.2572
 -10.750  -1.2625   0.02503   0.01786   0.0225   1.0000   0.2623
 -10.500  -1.2475   0.02497   0.01786   0.0247   1.0000   0.2667
 -10.250  -1.2335   0.02489   0.01772   0.0272   1.0000   0.2711
 -10.000  -1.2224   0.02479   0.01745   0.0301   1.0000   0.2763
  -9.750  -1.2068   0.02468   0.01736   0.0322   1.0000   0.2808
  -9.500  -1.1896   0.02475   0.01744   0.0340   0.9997   0.2851
  -9.250  -1.1591   0.02522   0.01781   0.0332   0.9957   0.2904
  -9.000  -1.1307   0.02552   0.01795   0.0328   0.9916   0.2955
  -8.750  -1.0651   0.02654   0.01906   0.0254   0.9738   0.3022
  -8.500  -1.0246   0.02694   0.01932   0.0230   0.9619   0.3092
  -8.250  -0.9866   0.02714   0.01951   0.0209   0.9543   0.3150
  -8.000  -0.9539   0.02721   0.01962   0.0199   0.9469   0.3197
  -7.500  -0.8933   0.02699   0.01913   0.0188   0.9330   0.3284
  -7.250  -0.8500   0.02688   0.01901   0.0157   0.9297   0.3324
  -7.000  -0.8281   0.02649   0.01865   0.0168   0.9202   0.3356
  -6.750  -0.7888   0.02646   0.01858   0.0145   0.9161   0.3404
  -6.500  -0.7658   0.02620   0.01822   0.0155   0.9077   0.3446
  -6.250  -0.7315   0.02594   0.01785   0.0142   0.9024   0.3493
  -6.000  -0.6866   0.02576   0.01774   0.0109   0.8997   0.3538
  -5.750  -0.6679   0.02543   0.01740   0.0127   0.8897   0.3576
  -5.500  -0.6292   0.02520   0.01709   0.0107   0.8858   0.3629
  -5.250  -0.5931   0.02493   0.01671   0.0092   0.8816   0.3679
  -5.000  -0.5689   0.02449   0.01635   0.0099   0.8724   0.3722
  -4.750  -0.5275   0.02416   0.01604   0.0074   0.8693   0.3775
  -4.500  -0.4871   0.02384   0.01566   0.0052   0.8665   0.3833
  -4.250  -0.4712   0.02352   0.01526   0.0076   0.8554   0.3873
  -4.000  -0.4282   0.02298   0.01482   0.0048   0.8528   0.3926
  -3.750  -0.3857   0.02257   0.01443   0.0022   0.8509   0.3987
  -3.500  -0.3713   0.02230   0.01411   0.0049   0.8387   0.4034
  -3.250  -0.3302   0.02174   0.01356   0.0026   0.8361   0.4089
  -3.000  -0.2891   0.02119   0.01308   0.0003   0.8334   0.4146
  -2.750  -0.2713   0.02090   0.01279   0.0024   0.8218   0.4198
  -2.250  -0.1873   0.01961   0.01157  -0.0024   0.8176   0.4323
  -2.000  -0.1713   0.01934   0.01133   0.0001   0.8048   0.4372
  -1.750  -0.1314   0.01868   0.01065  -0.0018   0.8023   0.4443
  -1.500  -0.0885   0.01790   0.00995  -0.0043   0.7998   0.4512
  -1.250  -0.0692   0.01756   0.00966  -0.0023   0.7870   0.4571
  -1.000  -0.0244   0.01685   0.00895  -0.0052   0.7837   0.4649
  -0.750  -0.0001   0.01643   0.00862  -0.0043   0.7705   0.4718
  -0.500   0.0507   0.01568   0.00791  -0.0084   0.7656   0.4814
   0.000   0.1210   0.01481   0.00714  -0.0109   0.7373   0.4995
   0.250   0.1662   0.01435   0.00671  -0.0142   0.7230   0.5113
   0.500   0.2109   0.01399   0.00635  -0.0175   0.7070   0.5260
   0.750   0.2515   0.01371   0.00612  -0.0201   0.6900   0.5427
   1.000   0.2871   0.01353   0.00599  -0.0216   0.6726   0.5650
   1.250   0.3169   0.01334   0.00594  -0.0220   0.6565   0.6006
   1.750   0.4599   0.01363   0.00723  -0.0400   0.6199   0.8529
   2.000   0.5190   0.01432   0.00790  -0.0462   0.6031   0.8878
   2.250   0.5601   0.01493   0.00847  -0.0486   0.5888   0.9068
   2.500   0.6031   0.01556   0.00899  -0.0514   0.5757   0.9202
   2.750   0.6369   0.01608   0.00947  -0.0524   0.5634   0.9338
   3.000   0.6920   0.01667   0.01003  -0.0581   0.5504   0.9401
   3.250   0.7315   0.01716   0.01042  -0.0605   0.5399   0.9505
   3.500   0.7810   0.01755   0.01083  -0.0651   0.5276   0.9566
   3.750   0.8199   0.01799   0.01123  -0.0676   0.5176   0.9659
   4.000   0.8708   0.01826   0.01148  -0.0726   0.5064   0.9709
   4.250   0.9033   0.01854   0.01177  -0.0739   0.4949   0.9794
   4.500   0.9483   0.01868   0.01184  -0.0779   0.4817   0.9849
   4.750   0.9798   0.01880   0.01196  -0.0791   0.4685   0.9926
   5.000   1.0191   0.01880   0.01199  -0.0821   0.4549   0.9993
   5.250   1.0354   0.01898   0.01208  -0.0803   0.4455   1.0000
   5.500   1.0337   0.01908   0.01226  -0.0748   0.4368   1.0000
   6.000   1.0417   0.01940   0.01258  -0.0663   0.4191   1.0000
   6.250   1.0483   0.01959   0.01271  -0.0625   0.4104   1.0000
   6.500   1.0489   0.01976   0.01295  -0.0576   0.4016   1.0000
   6.750   1.0540   0.01996   0.01313  -0.0536   0.3931   1.0000
   7.000   1.0566   0.02017   0.01339  -0.0491   0.3843   1.0000
   7.250   1.0604   0.02040   0.01362  -0.0449   0.3756   1.0000
   7.500   1.0634   0.02065   0.01391  -0.0406   0.3664   1.0000
   7.750   1.0652   0.02093   0.01417  -0.0361   0.3564   1.0000
   8.000   1.0673   0.02122   0.01453  -0.0317   0.3459   1.0000
   8.250   1.0692   0.02158   0.01486  -0.0273   0.3355   1.0000
   8.500   1.0696   0.02197   0.01528  -0.0228   0.3225   1.0000
   8.750   1.0707   0.02241   0.01575  -0.0185   0.3085   1.0000
   9.000   1.0698   0.02298   0.01630  -0.0139   0.2921   1.0000
   9.250   1.0668   0.02369   0.01696  -0.0092   0.2717   1.0000
   9.500   1.0612   0.02462   0.01779  -0.0043   0.2454   1.0000
   9.750   1.0500   0.02593   0.01892   0.0010   0.2106   1.0000
  10.000   1.0334   0.02772   0.02046   0.0067   0.1730   1.0000
  10.250   1.0187   0.02966   0.02218   0.0117   0.1443   1.0000
  10.500   1.0073   0.03161   0.02400   0.0159   0.1261   1.0000
  10.750   0.9990   0.03352   0.02585   0.0195   0.1157   1.0000
  11.000   0.9908   0.03557   0.02785   0.0228   0.1079   1.0000
  11.250   0.9872   0.03745   0.02975   0.0254   0.1017   1.0000
  11.500   0.9806   0.03965   0.03192   0.0280   0.0967   1.0000
  11.750   0.9782   0.04166   0.03396   0.0300   0.0922   1.0000
  12.000   0.9773   0.04364   0.03597   0.0318   0.0883   1.0000
  12.250   0.9731   0.04593   0.03819   0.0336   0.0848   1.0000
  12.500   0.9763   0.04775   0.04010   0.0348   0.0814   1.0000
  12.750   0.9783   0.04967   0.04204   0.0360   0.0785   1.0000
  13.000   0.9809   0.05147   0.04373   0.0374   0.0757   1.0000
