1.0,0.0
0.98837635233,0.00671258114988
0.97631012364,0.0132246266528
0.96380131393,0.0195361365087
0.9508499232,0.0256471107177
0.93745595145,0.0315575492798
0.92361939868,0.0372674521948
0.90934026489,0.0427768194629
0.89461855008,0.048085651084
0.87945425425,0.0531939470582
0.8638473774,0.0581017073854
0.84779791953,0.0628089320657
0.83130588064,0.0673156210989
0.81437126073,0.0716217744853
0.7969940598,0.0757273922246
0.77917427785,0.079632474317
0.760911914879,0.0833370207624
0.742206970889,0.0868410315609
0.723059445879,0.0901445067124
0.703469339849,0.0932474462169
0.683436652799,0.0961498500745
0.663337247265,0.0988916458451
0.643546985785,0.101512761089
0.624065868357,0.104013195805
0.604893894983,0.106392949995
0.586031065662,0.108652023658
0.567477380394,0.110790416794
0.549232839179,0.112808129403
0.531297442017,0.114705161485
0.513671188908,0.11648151304
0.496354079852,0.118137184068
0.47934611485,0.119672174569
0.4626472939,0.121086484543
0.446257617004,0.12238011399
0.430177084161,0.12355306291
0.414405695371,0.124605331304
0.398943450634,0.12553691917
0.38379034995,0.126347826509
0.368946393319,0.127038053322
0.354411580741,0.127607599607
0.340185912217,0.128056465366
0.326217249447,0.128345955703
0.312453454135,0.128437375723
0.298894526279,0.128330725427
0.285540465879,0.128026004814
0.272391272937,0.127523213884
0.259446947452,0.126822352639
0.246707489423,0.125923421076
0.234172898851,0.124826419197
0.221843175736,0.123531347002
0.209718320077,0.12203820449
0.197798331876,0.120346991661
0.186083211131,0.118457708516
0.174572957843,0.116370355055
0.163267572012,0.114084931277
0.152167053638,0.111601437182
0.14127140272,0.108919872771
0.13058061926,0.106040238044
0.120094703256,0.102962532999
0.109813654709,0.0996867576388
0.0997374736185,0.0962129119616
0.0900130699407,0.0926418221881
0.080787353631,0.0890743145386
0.0720603246894,0.0855103890129
0.0638319831159,0.0819500456112
0.0561023289104,0.0783932843334
0.0488713620731,0.0748401051795
0.0421390826038,0.0712905081495
0.0359054905027,0.0677444932434
0.0301705857696,0.0642020604613
0.0249343684046,0.0606632098031
0.0201968384078,0.0571279412688
0.015957995779,0.0535962548585
0.0122178405183,0.050068150572
0.00897637262567,0.0465436284095
0.00623359210116,0.0430226883709
0.00398949894474,0.0395053304562
0.00224409315642,0.0359915546654
0.000997374736185,0.0324813609986
0.000249343684046,0.0289747494557
0.0,0.0254717200367
0.000240144301591,0.0219733302825
0.000960577206365,0.0184806377342
0.00216129871432,0.0149936423916
0.00384230882546,0.0115123442548
0.00600360753978,0.0080367433238
0.00864519485728,0.00456683959858
0.011767070778,0.00110263307915
0.0153692353018,-0.0023558762345
0.0194516884289,-0.00580868834236
0.0240144301591,-0.00925580324443
0.0290574604925,-0.0126972209407
0.0345807794291,-0.0161329414312
0.0405843869689,-0.0195629647159
0.0470682831119,-0.0229872907949
0.054032467858,-0.026405919668
0.0614769412074,-0.0298188513354
0.0694017031599,-0.033226085797
0.0778067537156,-0.0366276230527
0.0866920928744,-0.0400234631027
0.0960577206365,-0.043413605947
0.105801529318,-0.0466983316961
0.115821411234,-0.0497779204608
0.126117366386,-0.0526523722412
0.136689394774,-0.0553216870371
0.147537496397,-0.0577858648487
0.158661671255,-0.0600449056759
0.170061919348,-0.0620988095187
0.181738240677,-0.063947576377
0.193690635241,-0.065591206251
0.20591910304,-0.0670296991407
0.218423644075,-0.0682630550459
0.231204258345,-0.0692912739667
0.244260945851,-0.0701143559031
0.257593706591,-0.0707323008552
0.271202540568,-0.0711451088228
0.285087447779,-0.0713527798061
0.299248428226,-0.071355313805
0.313685481908,-0.0711527108195
0.328398608826,-0.0707449708496
0.343387808978,-0.0701320938953
0.358585179278,-0.0694015953416
0.373922816635,-0.0686409905736
0.38940072105,-0.0678502795913
0.405018892522,-0.0670294623946
0.420777331052,-0.0661785389835
0.43667603664,-0.0652975093582
0.452715009285,-0.0643863735184
0.468894248989,-0.0634451314644
0.485213755749,-0.062473783196
0.501673529568,-0.0614723287132
0.518273570444,-0.0604407680162
0.535013878378,-0.0593791011047
0.55189445337,-0.058287327979
0.568915295419,-0.0571654486389
0.586076404526,-0.0560134630844
0.603377780691,-0.0548313713156
0.620819423913,-0.0536191733325
0.638401334193,-0.052376869135
0.656123511531,-0.0511044587232
0.673985955926,-0.049801942097
0.691836940064,-0.0484257459951
0.709524736631,-0.0469322971561
0.727049345625,-0.0453215955799
0.744410767047,-0.0435936412665
0.761609000897,-0.041748434216
0.778644047175,-0.0397859744283
0.79551590588,-0.0377062619035
0.812224577014,-0.0355092966415
0.828770060576,-0.0331950786424
0.845152356566,-0.0307636079061
0.861371464983,-0.0282148844327
0.877427385829,-0.0255489082221
0.893320119103,-0.0227656792744
0.909049664804,-0.0198651975895
0.924616022934,-0.0168474631675
0.940019193491,-0.0137124760083
0.955259176476,-0.0104602361119
0.97033597189,-0.00709074347844
0.985249579731,-0.0036039981078
1.0,0.0
