1.0,0.0
0.988427252297,0.00666364447423
0.976404419054,0.0131329503563
0.963931500272,0.0194079176461
0.951008495949,0.0254885463438
0.937635406087,0.0313748364493
0.923812230685,0.0370667879626
0.909538969743,0.0425644008837
0.894815623261,0.0478676752127
0.879642191239,0.0529766109494
0.864018673678,0.057891208094
0.847945070576,0.0626114666463
0.831421381935,0.0671373866065
0.814447607754,0.0714689679745
0.797023748033,0.0756062107503
0.779149802772,0.0795491149339
0.760825771972,0.0832976805254
0.742051655631,0.0868519075246
0.722827453751,0.0902117959317
0.70315316633,0.0933773457466
0.68302879337,0.0963485569692
0.662839737899,0.0991584375564
0.642971402946,0.101839995465
0.62342378851,0.104393230694
0.604196894592,0.106818143245
0.585290721192,0.109114733116
0.56670526831,0.111283000309
0.548440535946,0.113322944823
0.530496524099,0.115234566658
0.51287323277,0.117017865814
0.495570661959,0.118672842291
0.478588811666,0.12019949609
0.46192768189,0.121597827209
0.445587272632,0.12286783565
0.429567583892,0.124009521412
0.41386861567,0.125022884494
0.398490367966,0.125907924898
0.383432840779,0.126664642623
0.36869603411,0.12729303767
0.354279947959,0.127793110037
0.340184582326,0.128164859725
0.326346908925,0.128376602607
0.312703899471,0.128396654555
0.299255553965,0.128225015569
0.286001872406,0.127861685649
0.272942854794,0.127306664794
0.26007850113,0.126559953006
0.247408811413,0.125621550283
0.234933785643,0.124491456626
0.22265342382,0.123169672035
0.210567725945,0.12165619651
0.198676692017,0.119951030051
0.186980322036,0.118054172658
0.175478616002,0.11596562433
0.164171573916,0.113685385069
0.153059195777,0.111213454873
0.142141481585,0.108549833743
0.131418431341,0.10569452168
0.120890045043,0.102647518682
0.110556322693,0.0994088247495
0.100417264291,0.0959784398833
0.0906265810223,0.0924524169776
0.0813379840754,0.0889268089272
0.07255147345,0.0854016157318
0.064267049146,0.0818768373917
0.0564847111635,0.0783524739067
0.0492044595024,0.0748285252769
0.0424262941628,0.0713049915023
0.0361502151446,0.0677818725828
0.0303762224479,0.0642591685186
0.0251043160727,0.0607368793095
0.0203344960189,0.0572150049555
0.0160667622865,0.0536935454567
0.0123011148756,0.0501725008132
0.00903755378616,0.0466518710247
0.00627607901816,0.0431316560915
0.00401669057162,0.0396118560134
0.00225938844654,0.0360924707905
0.00100417264291,0.0325735004228
0.000251043160727,0.0290549449102
0.0,0.0255368042528
0.000235534999618,0.0220236232869
0.000942139998471,0.0185199468486
0.00211981499656,0.015025774938
0.00376855999388,0.0115411075551
0.00588837499044,0.0080659446999
0.00847925998624,0.00460028637239
0.0115412149813,0.00114413257257
0.0150742399755,-0.00230251669957
0.019078334969,-0.00573966144402
0.0235534999618,-0.00916730166077
0.0284997349537,-0.0125854373498
0.033917039945,-0.0159940685112
0.0398054149354,-0.0193931951449
0.0461648599251,-0.0227828172509
0.052995374914,-0.0261629348292
0.0602969599021,-0.0295335478798
0.0680696148895,-0.0328946564028
0.0763133398762,-0.036246260398
0.085028134862,-0.0395883598656
0.0942139998471,-0.0429209548054
0.103778243246,-0.046148423089
0.113628173474,-0.0491751425877
0.12376379053,-0.0520011133016
0.134185094414,-0.0546263352306
0.144892085127,-0.0570508083747
0.155884762669,-0.059274532734
0.167163127039,-0.0612975083084
0.178727178237,-0.0631197350979
0.190576916264,-0.0647412131026
0.20271234112,-0.0661619423224
0.215133452804,-0.0673819227573
0.227840251317,-0.0684011544074
0.240832736658,-0.0692196372726
0.254110908827,-0.0698373713529
0.267674767826,-0.0702543566484
0.281524313652,-0.070470593159
0.295659546307,-0.0704860808847
0.310080465791,-0.0703008198256
0.324787072103,-0.0699148099816
0.339779365244,-0.0693280513527
0.354992633467,-0.0686251698197
0.370362165024,-0.0678907912633
0.385887959917,-0.0671249156833
0.401570018144,-0.0663275430799
0.417408339707,-0.0654986734531
0.433402924604,-0.0646383068028
0.449553772837,-0.063746443129
0.465860884405,-0.0628230824318
0.482324259307,-0.0618682247112
0.498943897545,-0.060881869967
0.515719799118,-0.0598640181994
0.532651964025,-0.0588146694084
0.549740392268,-0.0577338235939
0.566985083846,-0.056621480756
0.584386038758,-0.0554776408946
0.601943257006,-0.0543023040097
0.619656738589,-0.0530954701014
0.637526483507,-0.0518571391696
0.655552491759,-0.0505873112144
0.673734763347,-0.0492859862357
0.691897809531,-0.0479115514542
0.709866141573,-0.0464223940906
0.727639759473,-0.0448185141448
0.74521866323,-0.0430999116169
0.762602852845,-0.0412665865069
0.779792328318,-0.0393185388147
0.796787089649,-0.0372557685404
0.813587136837,-0.035078275684
0.830192469883,-0.0327860602454
0.846603088787,-0.0303791222247
0.862818993548,-0.0278574616218
0.878840184168,-0.0252210784368
0.894666660645,-0.0224699726697
0.910298422979,-0.0196041443204
0.925735471172,-0.016623593389
0.940977805222,-0.0135283198755
0.95602542513,-0.0103183237798
0.970878330895,-0.00699360510203
0.985536522519,-0.00355416384208
1.0,0.0
