1.0,0.0
0.988806821268,0.00672535397782
0.977138689481,0.0132483732763
0.964995604637,0.0195690578953
0.952377566737,0.025687407835
0.939284575781,0.0316034230954
0.925716631769,0.0373171036763
0.911673734701,0.0428284495779
0.897155884577,0.0481374608001
0.882163081396,0.0532441373429
0.86669532516,0.0581484792064
0.850752615867,0.0628504863905
0.834334953518,0.0673501588952
0.817442338113,0.0716474967205
0.800074769652,0.0757424998665
0.782232248135,0.0796351683331
0.763914773562,0.0833255021203
0.745122345932,0.0868135012282
0.725854965247,0.0900991656566
0.706112631505,0.0931824954058
0.685895344708,0.0960634904755
0.665594798202,0.0987827237477
0.645602685336,0.101380768104
0.625919006111,0.103857623545
0.606543760525,0.106213290071
0.58747694858,0.108447767681
0.568718570275,0.110561056375
0.550268625609,0.112553156153
0.532127114584,0.114424067016
0.514294037199,0.116173788964
0.496769393454,0.117802321996
0.479553183349,0.119309666112
0.462645406884,0.120695821312
0.446046064059,0.121960787597
0.429755154875,0.123104564967
0.41377267933,0.12412715342
0.398098637426,0.125028552959
0.382733029161,0.125808763581
0.367675854537,0.126467785288
0.352927113552,0.127005618079
0.338486806208,0.127422261955
0.324313335571,0.127681915879
0.310365104707,0.127748778815
0.296642113618,0.127622850763
0.283144362302,0.127304131724
0.26987185076,0.126792621696
0.256824578991,0.126088320681
0.244002546997,0.125191228677
0.231405754776,0.124101345686
0.219034202329,0.122818671707
0.206887889656,0.12134320674
0.194966816757,0.119674950785
0.183270983631,0.117813903842
0.171800390279,0.115760065911
0.160555036701,0.113513436993
0.149534922897,0.111074017086
0.138740048867,0.108441806192
0.12817041461,0.10561680431
0.117826020127,0.10259901144
0.107706865418,0.0993884275816
0.0978129504831,0.0959850527357
0.088276187811,0.092483280909
0.0792284898913,0.0889775061087
0.070669856724,0.0854677283347
0.0626002883092,0.0819539475871
0.0550197846467,0.0784361638659
0.0479283457367,0.074914377171
0.0413259715791,0.0713885875024
0.0352126621739,0.0678587948602
0.0295884175211,0.0643249992443
0.0244532376208,0.0607872006548
0.0198071224728,0.0572453990917
0.0156500720773,0.0536995945549
0.0119820864342,0.0501497870444
0.00880316554348,0.0465959765603
0.00611330940519,0.0430381631026
0.00391251801932,0.0394763466712
0.00220079138587,0.0359105272661
0.000978129504831,0.0323407048874
0.000244532376208,0.0287668795351
0.0,0.0251890512091
0.000231310314259,0.0216148849972
0.000925241257037,0.0180520459873
0.00208179282833,0.0145005341793
0.00370096502815,0.0109603495732
0.00578275785648,0.00743149216907
0.00832717131333,0.00391396196685
0.0113342053987,0.000407758966547
0.0148038601126,-0.00308711683183
0.018736135455,-0.00657066542827
0.0231310314259,-0.0100428868228
0.0279885480254,-0.0135037810154
0.0333086852533,-0.0169533480061
0.0390914431098,-0.0203915877948
0.0453368215948,-0.0238185003816
0.0520448207083,-0.0272340857665
0.0592154404503,-0.0306383439495
0.0668486808209,-0.0340312749305
0.07494454182,-0.0374128787096
0.0835030234476,-0.0407831552868
0.0925241257037,-0.0441421046621
0.101919219233,-0.0473922933977
0.111599674679,-0.0504362880559
0.121565492043,-0.0532740886368
0.131816671324,-0.0559056951403
0.142353212523,-0.0583311075664
0.153175115639,-0.0605503259151
0.164282380673,-0.0625633501865
0.175675007624,-0.0643701803805
0.187352996492,-0.0659708164971
0.199316347278,-0.0673652585364
0.211565059981,-0.0685535064982
0.224099134601,-0.0695355603827
0.236918571139,-0.0703114201898
0.250023369595,-0.0708810859196
0.263413529968,-0.0712445575719
0.277089052258,-0.0714018351469
0.291049936465,-0.0713529186446
0.30529618259,-0.0710978080648
0.319827790633,-0.0706365034077
0.334644760593,-0.0699690046732
0.349678521219,-0.0691840673784
0.364860501261,-0.0683704470404
0.380190700718,-0.0675281436593
0.395669119591,-0.0666571572349
0.411295757879,-0.0657574877674
0.427070615583,-0.0648291352567
0.442993692702,-0.0638720997028
0.459064989237,-0.0628863811057
0.475284505187,-0.0618719794654
0.491652240552,-0.060828894782
0.508168195333,-0.0597571270554
0.52483236953,-0.0586566762855
0.541644763142,-0.0575275424725
0.55860537617,-0.0563697256163
0.575714208613,-0.055183225717
0.592971260471,-0.0539680427744
0.610376531745,-0.0527241767887
0.627930022435,-0.0514516277597
0.64563173254,-0.0501503956876
0.66348166206,-0.0488204805723
0.681350795172,-0.0474213855658
0.69911011605,-0.0459126138202
0.716759624696,-0.0442941653353
0.734299321108,-0.0425660401113
0.751729205287,-0.0407282381482
0.769049277233,-0.0387807594458
0.786259536946,-0.0367236040043
0.803359984426,-0.0345567718236
0.820350619673,-0.0322802629038
0.837231442686,-0.0298940772447
0.854002453467,-0.0273982148465
0.870663652014,-0.0247926757092
0.887215038328,-0.0220774598326
0.903656612409,-0.0192525672169
0.919988374257,-0.016317997862
0.936210323872,-0.013273751768
0.952322461254,-0.0101198289347
0.968324786402,-0.00685622936232
0.984217299318,-0.00348295305075
1.0,0.0
