1.0,0.0
0.985566179424,0.0059292424503
0.970955103147,0.0117243124486
0.956166771169,0.0173852099948
0.941201183491,0.0229119350889
0.926058340112,0.028304487731
0.910738241033,0.0335628679211
0.895240886253,0.0386870756591
0.879566275773,0.0436771109451
0.863714409592,0.048532973779
0.847685287711,0.0532546641608
0.831478910129,0.0578421820907
0.815095276846,0.0622955275684
0.798534387863,0.0666147005942
0.78179624318,0.0707997011678
0.764880842796,0.0748505292895
0.747788186711,0.078767184959
0.730518274926,0.0825496681766
0.71307110744,0.0861979789421
0.695446684254,0.0897121172555
0.677645005367,0.0930920831169
0.659825053363,0.0963244099241
0.642145810828,0.099395631075
0.62460727776,0.10230574657
0.60720945416,0.105054756408
0.589952340027,0.10764266059
0.572835935363,0.110069459116
0.555860240166,0.112335151985
0.539025254437,0.114439739199
0.522330978175,0.116383220756
0.505777411382,0.118165596656
0.489364554056,0.119786866901
0.473092406198,0.121247031489
0.456960967807,0.12254609042
0.440970238884,0.123684043696
0.425120219429,0.124660891315
0.409410909442,0.125476633278
0.393842308922,0.126131269585
0.378414417871,0.126624800235
0.363127236287,0.126957225229
0.34798076417,0.127128544567
0.333035025234,0.127138396261
0.318350043192,0.126986418324
0.303925818042,0.126672610755
0.289762349786,0.126196973556
0.275859638424,0.125559506725
0.262217683954,0.124760210263
0.248836486378,0.12379908417
0.235716045695,0.122676128446
0.222856361905,0.12139134309
0.210257435008,0.119944728104
0.197919265005,0.118336283486
0.185841851895,0.116566009237
0.174025195678,0.114633905357
0.162469296355,0.112539971845
0.151174153925,0.110284208703
0.140139768388,0.107866615929
0.129366139744,0.105287193524
0.118853267994,0.102545941488
0.108601153137,0.0996428598203
0.0986097951727,0.0965779485217
0.0889953401433,0.0934222098988
0.0798739340899,0.0902466462582
0.0712455770123,0.0870512576
0.0631102689105,0.0838360439242
0.0554680097846,0.0806010052307
0.0483187996346,0.0773461415196
0.0416626384605,0.0740714527909
0.0354995262622,0.0707769390445
0.0298294630397,0.0674626002806
0.0246524487932,0.0641284364989
0.0199684835225,0.0607744476997
0.0157775672276,0.0574006338829
0.0120796999087,0.0540069950484
0.00887488156554,0.0505935311962
0.00616311219829,0.0471602423265
0.00394439180691,0.0437071284391
0.00221872039139,0.0402341895341
0.000986097951727,0.0367414256115
0.000246524487932,0.0332288366712
0.0,0.0296964227133
0.000245824482547,0.0261473208228
0.000983297930187,0.0225846680847
0.00221242034292,0.019008464499
0.00393319172075,0.0154187100656
0.00614561206367,0.0118154047847
0.00884968137169,0.00819854865618
0.0120453996448,0.00456814168004
0.015732766883,0.000924183856295
0.0199117830863,-0.00273332481505
0.0245824482547,-0.00640438433401
0.0297447623882,-0.0100889947006
0.0353987254867,-0.0137871559147
0.0415443375504,-0.0174988679765
0.0481815985792,-0.0212241308859
0.055310508573,-0.0249629446428
0.062931067532,-0.0287153092474
0.071043275456,-0.0324812246996
0.0796471323452,-0.0362606909994
0.0887426381994,-0.0400537081468
0.0983297930187,-0.0438602761418
0.108275557732,-0.0475549257097
0.11844689327,-0.0510121875756
0.128843799631,-0.0542320617397
0.139466276816,-0.057214548202
0.150314324824,-0.0599596469623
0.161387943657,-0.0624673580208
0.172687133313,-0.0647376813774
0.184211893792,-0.0667706170321
0.195962225096,-0.068566164985
0.207938127223,-0.0701243252359
0.220139600174,-0.071445097785
0.232566643948,-0.0725284826322
0.245219258547,-0.0733744797775
0.258097443968,-0.073983089221
0.271201200214,-0.0743543109626
0.284530527284,-0.0744881450023
0.298085425177,-0.0743845913401
0.311865893893,-0.074043649976
0.325871933434,-0.0734653209101
0.340103543798,-0.0726496041423
0.354520588731,-0.0716953868297
0.369082931977,-0.0707015561294
0.383790573537,-0.0696681120415
0.398643513411,-0.068595054566
0.413641751598,-0.0674823837027
0.428785288099,-0.0663300994519
0.444074122913,-0.0651382018133
0.459508256041,-0.0639066907871
0.475087687483,-0.0626355663732
0.490812417238,-0.0613248285717
0.506682445307,-0.0599744773825
0.522697771689,-0.0585845128057
0.538858396385,-0.0571549348412
0.555164319395,-0.055685743489
0.571615540718,-0.0541769387492
0.588212060354,-0.0526285206217
0.604953878305,-0.0510404891066
0.621840994568,-0.0494128442038
0.638873409146,-0.0477455859133
0.656051122037,-0.0460387142352
0.673298838177,-0.0442832729962
0.690541262503,-0.0424703060233
0.707778395013,-0.0405998133164
0.725010235708,-0.0386717948755
0.742236784589,-0.0366862507007
0.759458041654,-0.0346431807918
0.776674006905,-0.032542585149
0.793884680341,-0.0303844637722
0.811090061961,-0.0281688166614
0.828290151767,-0.0258956438166
0.845484949757,-0.0235649452379
0.862674455933,-0.0211767209252
0.879858670294,-0.0187309708784
0.89703759284,-0.0162276950977
0.91421122357,-0.0136668935831
0.931379562486,-0.0110485663344
0.948542609587,-0.00837271335179
0.965700364873,-0.00563933463517
0.982852828344,-0.00284843018458
1.0,0.0
