1.0,0.0
0.986925319864,0.00659313088513
0.973541102316,0.0129982603784
0.959847347354,0.0192153884798
0.94584405498,0.0252445151894
0.931531225192,0.0310856405071
0.916908857992,0.036738764433
0.901976953379,0.0422038869671
0.886735511353,0.0474810081093
0.871184531915,0.0525701278596
0.855324015063,0.0574712462181
0.839153960799,0.0621843631847
0.822674369121,0.0667094787595
0.805885240031,0.0710465929425
0.788786573528,0.0751957057336
0.771378369612,0.0791568171328
0.753660628283,0.0829299271402
0.735633349542,0.0865150357558
0.717296533387,0.0899121429795
0.69865017982,0.0931212488113
0.67969428884,0.0961423532513
0.66069360608,0.099001026582
0.641912877175,0.101722839086
0.623352102124,0.104307790762
0.605011280928,0.106755881612
0.586890413586,0.109067111635
0.568989500098,0.111241480831
0.551308540465,0.1132789892
0.533847534686,0.115179636742
0.516606482761,0.116943423458
0.499585384691,0.118570349346
0.482784240475,0.120060414407
0.466203050113,0.121413618642
0.449841813606,0.122629962049
0.433700530953,0.12370944463
0.417779202155,0.124652066384
0.402077827211,0.125457827311
0.386596406121,0.12612672741
0.371334938886,0.126658766683
0.356293425505,0.127053945129
0.341471865978,0.127312262748
0.326885127893,0.127412592783
0.312548078839,0.127333808477
0.298460718814,0.12707590983
0.28462304782,0.126638896842
0.271035065855,0.126022769512
0.257696772921,0.125227527841
0.244608169017,0.124253171829
0.231769254142,0.123099701476
0.219180028298,0.121767116782
0.206840491484,0.120255417746
0.194750643699,0.11856460437
0.182910484945,0.116694676652
0.171320015221,0.114645634593
0.159979234526,0.112417478193
0.148888142862,0.110010207451
0.138046740228,0.107423822369
0.127455026624,0.104658322945
0.11711300205,0.10171370918
0.107020666505,0.0985899810741
0.0971780199913,0.0952871386269
0.0877031630421,0.091894527055
0.0787141961929,0.0885014915748
0.0702111194437,0.0851080321863
0.0621939327944,0.0817141488895
0.0546626362451,0.0783198416844
0.0476172297957,0.074925110571
0.0410577134463,0.0715299555493
0.0349840871969,0.0681343766194
0.0293963510474,0.0647383737811
0.0242945049978,0.0613419470345
0.0196785490482,0.0579450963797
0.0155484831986,0.0545478218165
0.0119043074489,0.0511501233451
0.00874602179922,0.0477520009653
0.00607362624946,0.0443534546773
0.00388712079965,0.040954484481
0.0021865054498,0.0375550903763
0.000971780199913,0.0341552723634
0.000242945049978,0.0307550304422
0.0,0.0273543646127
0.000245428754238,0.0239435278276
0.000981715016954,0.0205127730397
0.00220885878815,0.0170621002488
0.00392686006782,0.013591509455
0.00613571885596,0.0101010006584
0.00883543515259,0.00659057385887
0.0120260089577,0.00306022905646
0.0157074402713,-0.000490033748844
0.0198797290933,-0.00406021455703
0.0245428754238,-0.00765031336811
0.0296968792629,-0.0112603301821
0.0353417406103,-0.0148902649989
0.0414774594663,-0.0185401178187
0.0481040358307,-0.0222098886413
0.0552214697037,-0.0258995774668
0.0628297610851,-0.0296091842952
0.0709289099749,-0.0333387091265
0.0795189163733,-0.0370881519607
0.0885997802801,-0.0408575127977
0.0981715016954,-0.0446467916377
0.108096261638,-0.0483271941287
0.118236241127,-0.0517699259189
0.128591440163,-0.0549749870082
0.139161858746,-0.0579423773968
0.149947496874,-0.0606720970845
0.16094835455,-0.0631641460715
0.172164431771,-0.0654185243576
0.18359572854,-0.0674352319429
0.195242244854,-0.0692142688274
0.207103980716,-0.0707556350111
0.219180936123,-0.072059330494
0.231473111078,-0.0731253552761
0.243980505578,-0.0739537093573
0.256703119626,-0.0745443927378
0.269640953219,-0.0748974054174
0.28279400636,-0.0750127473962
0.296162279046,-0.0748904186742
0.30974577128,-0.0745304192515
0.323544483059,-0.0739327491278
0.337558414386,-0.0730974083034
0.351773325317,-0.0721242491472
0.366174975913,-0.0711131240283
0.380763366172,-0.0700640329466
0.395538496096,-0.0689769759022
0.410500365683,-0.067851952895
0.425648974935,-0.0666889639251
0.440984323851,-0.0654880089925
0.45650641243,-0.0642490880971
0.472215240674,-0.0629722012389
0.488110808582,-0.061657348418
0.504193116154,-0.0603045296344
0.520462163389,-0.058913744888
0.536917950289,-0.0574849941789
0.553560476853,-0.0560182775071
0.570389743081,-0.0545135948725
0.587405748973,-0.0529709462751
0.604608494529,-0.051390331715
0.621997979749,-0.0497717511922
0.639574204633,-0.0481152047066
0.657337169181,-0.0464206922583
0.675157343919,-0.0446768198695
0.692905199374,-0.0428721935623
0.710580735544,-0.0410068133368
0.72818395243,-0.039080679193
0.745714850033,-0.0370937911308
0.763173428351,-0.0350461491504
0.780559687386,-0.0329377532516
0.797873627137,-0.0307686034345
0.815115247604,-0.028538699699
0.832284548786,-0.0262480420453
0.849381530685,-0.0238966304732
0.8664061933,-0.0214844649828
0.883358536632,-0.0190115455741
0.900238560679,-0.016477872247
0.917046265442,-0.0138834450017
0.933781650922,-0.011228263838
0.950444717117,-0.00851232875597
0.967035464029,-0.00573563975564
0.983553891656,-0.00289819683698
1.0,0.0
