1.0,0.0
0.986527339578,0.00648204645184
0.972776997198,0.0127835711484
0.958748972861,0.0189045740897
0.944443266566,0.0248450552757
0.929859878314,0.0306050147064
0.914998808104,0.0361844523819
0.899860055937,0.0415833683021
0.884443621812,0.046801762467
0.86874950573,0.0518396348766
0.85277770769,0.0566969855309
0.836528227693,0.06137381443
0.820001065738,0.0658701215738
0.803196221826,0.0701859069623
0.786113695956,0.0743211705956
0.768753488129,0.0782759124735
0.751115598344,0.0820501325962
0.733200026602,0.0856438309636
0.715006772902,0.0890570075758
0.696535837245,0.0922896624326
0.67778721963,0.0953417955342
0.659005317185,0.0982343186989
0.640434527035,0.100988143745
0.622074849181,0.103603270672
0.603926283623,0.106079699481
0.58598883036,0.108417430172
0.568262489394,0.110616462744
0.550747260723,0.112676797197
0.533443144348,0.114598433531
0.516350140269,0.116381371747
0.499468248485,0.118025611845
0.482797468998,0.119531153824
0.466337801806,0.120897997684
0.45008924691,0.122126143426
0.434051804309,0.123215591049
0.418225474005,0.124166340554
0.402610255996,0.12497839194
0.387206150283,0.125651745207
0.372013156866,0.126186400356
0.357031275745,0.126582357387
0.342260506919,0.126839616298
0.327717414084,0.126937773404
0.313418560931,0.126856425015
0.299363947462,0.126595571132
0.285553573677,0.126155211755
0.271987439575,0.125535346884
0.258665545157,0.124735976518
0.245587890422,0.123757100658
0.232754475371,0.122598719304
0.220165300003,0.121260832456
0.207820364319,0.119743440114
0.195719668319,0.118046542278
0.183863212002,0.116170138947
0.172250995368,0.114114230122
0.160883018418,0.111878815803
0.149759281151,0.10946389599
0.138879783568,0.106869470682
0.128244525669,0.104095539881
0.117853507453,0.101142103585
0.107706728921,0.0980091617952
0.0978041900716,0.0946967145111
0.0882682815396,0.0912944105543
0.079221393958,0.0878918987466
0.0706635273267,0.0844891790878
0.0625946816458,0.0810862515779
0.0550148569153,0.077683116217
0.0479240531351,0.0742797730051
0.0413222703052,0.0708762219422
0.0352095084258,0.0674724630282
0.0295857674967,0.0640684962632
0.0244510475179,0.0606643216472
0.0198053484895,0.0572599391801
0.0156486704115,0.053855348862
0.0119810132838,0.0504505506929
0.00880237710644,0.0470455446727
0.00611276187947,0.0436403308015
0.00391216760286,0.0402349090792
0.00220059427661,0.036829279506
0.000978041900716,0.0334234420817
0.000244510475179,0.0300173968063
0.0,0.0266111436799
0.000244431461028,0.0231973846617
0.000977725844113,0.0197688217109
0.00219988314925,0.0163254548274
0.00391090337645,0.0128672840113
0.00611078652571,0.00939430926261
0.00879953259702,0.00590653058125
0.0119771415904,0.00240394796726
0.0156436135058,-0.00111343857935
0.0197989483433,-0.0046456290586
0.0244431461028,-0.00819262347048
0.0295762067844,-0.011754421815
0.0351981303881,-0.0153310240921
0.0413089169138,-0.0189224303019
0.0479085663615,-0.0225286404443
0.0549970787313,-0.0261496545193
0.0625744540232,-0.029785472527
0.0706406922372,-0.0334360944673
0.0791957933731,-0.0371015203402
0.0882397574312,-0.0407817501457
0.0977725844113,-0.0444767838839
0.107661268408,-0.048062843023
0.117772803518,-0.0514161490314
0.128107189739,-0.0545367019091
0.138664427072,-0.0574245016561
0.149444515517,-0.0600795482723
0.160447455075,-0.0625018417578
0.171673245744,-0.0646913821126
0.183121887526,-0.0666481693366
0.194793380419,-0.06837220343
0.206687724425,-0.0698634843926
0.218804919542,-0.0711220122245
0.231144965772,-0.0721477869256
0.243707863113,-0.0729408084961
0.256493611567,-0.0735010769358
0.269502211133,-0.0738285922447
0.28273366181,-0.073923354423
0.2961879636,-0.0737853634705
0.309865116502,-0.0734146193873
0.323765120516,-0.0728111221734
0.337887975642,-0.0719748718288
0.352216344415,-0.0710073363347
0.366732889372,-0.0700099836723
0.381437610512,-0.0689828138418
0.396330507835,-0.0679258268431
0.411411581342,-0.0668390226761
0.426680831031,-0.065722401341
0.442138256904,-0.0645759628376
0.45778385896,-0.063399707166
0.473617637199,-0.0621936343262
0.489639591622,-0.0609577443182
0.505849722228,-0.059692037142
0.522248029016,-0.0583965127976
0.538834511989,-0.057071171285
0.555609171144,-0.0557160126041
0.572572006482,-0.0543310367551
0.589723018004,-0.0529162437378
0.607062205709,-0.0514716335524
0.624589569597,-0.0499972061987
0.642305109669,-0.0484929616768
0.660208825923,-0.0469588999867
0.678156217987,-0.0453699809763
0.696002785487,-0.0437011644933
0.713748528423,-0.0419524505378
0.731393446794,-0.0401238391098
0.748937540602,-0.0382153302093
0.766380809844,-0.0362269238363
0.783723254523,-0.0341586199907
0.800964874638,-0.0320104186727
0.818105670188,-0.0297823198821
0.835145641174,-0.027474323619
0.852084787595,-0.0250864298834
0.868923109453,-0.0226186386753
0.885660606746,-0.0200709499947
0.902297279475,-0.0174433638416
0.91883312764,-0.0147358802159
0.93526815124,-0.0119484991178
0.951602350277,-0.0090812205471
0.967835724749,-0.00613404450391
0.983968274656,-0.00310697098821
1.0,0.0
