1.0,0.0
0.986487674389,0.00635437202407
0.97270489263,0.0125417918942
0.958651654722,0.0185622596103
0.944327960666,0.0244157751724
0.929733810461,0.0301023385806
0.914869204108,0.0356219498347
0.899734141606,0.0409746089349
0.884328622956,0.0461603158811
0.868652648158,0.0511790706733
0.852706217211,0.0560308733116
0.836489330115,0.0607157237958
0.820001986871,0.0652336221261
0.803244187479,0.0695845683024
0.786215931938,0.0737685623248
0.768917220249,0.0777856041931
0.751348052411,0.0816356939075
0.733508428425,0.0853188314678
0.71539834829,0.0888350168742
0.697017812007,0.0921842501267
0.678366819575,0.0953665312251
0.659690950036,0.0983898744531
0.641235782431,0.101262294094
0.62300131676,0.103983790148
0.604987553023,0.106554362615
0.587194491219,0.108974011495
0.56962213135,0.111242736789
0.552270473414,0.113360538495
0.535139517412,0.115327416614
0.518229263344,0.117143371146
0.50153971121,0.118808402092
0.485070861009,0.12032250945
0.468822712743,0.121685693221
0.45279526641,0.122897953406
0.436988522011,0.123959290003
0.421402479546,0.124869703014
0.406037139015,0.125629192438
0.390892500418,0.126237758274
0.375968563755,0.126695400524
0.361265329025,0.127002119187
0.346782796229,0.127157914262
0.332516092724,0.127151901765
0.318460345865,0.126973197707
0.304615555652,0.12662180209
0.290981722087,0.126097714913
0.277558845168,0.125400936176
0.264346924895,0.12453146588
0.251345961269,0.123489304024
0.23855595429,0.122274450608
0.225976903957,0.120886905632
0.213608810271,0.119326669096
0.201451673231,0.117593741001
0.189505492838,0.115688121346
0.177770269091,0.113609810131
0.166246001992,0.111358807356
0.154932691538,0.108935113021
0.143830337732,0.106338727127
0.132938940571,0.103569649673
0.122258500058,0.100627880659
0.111789016191,0.0975134200856
0.101530488971,0.0942262679522
0.091631266296,0.0908535156734
0.0822396960662,0.0874822546639
0.0733557782813,0.0841124849235
0.0649795129412,0.0807442064522
0.057110900046,0.0773774192501
0.0497499395956,0.0740121233171
0.0428966315901,0.0706483186533
0.0365509760294,0.0672860052586
0.0307129729136,0.0639251831331
0.0253826222426,0.0605658522767
0.0205599240165,0.0572080126895
0.0162448782353,0.0538516643714
0.0124374848989,0.0504968073224
0.00913774400735,0.0471434415427
0.00634565556066,0.043791567032
0.00406121955882,0.0404411837905
0.00228443600184,0.0370922918182
0.00101530488971,0.033744891115
0.000253826222426,0.030398981681
0.0,0.0270545635161
0.000225967885529,0.0237006002451
0.000903871542118,0.0203260554928
0.00203371096977,0.0169309292592
0.00361548616847,0.0135152215443
0.00564919713824,0.010078932348
0.00813484387906,0.00662206167044
0.0110724263909,0.00314460951155
0.0144619446739,-0.000353424128664
0.0183033987279,-0.00387203925019
0.0225967885529,-0.00741123585304
0.0273421141491,-0.0109710139372
0.0325393755162,-0.0145513735027
0.0381885726545,-0.0181523145495
0.0442897055638,-0.0217738370776
0.0508427742441,-0.0254159410871
0.0578477786955,-0.0290786265778
0.065304718918,-0.0327618935499
0.0732135949116,-0.0364657420033
0.0815744066761,-0.040190171938
0.0903871542118,-0.0439351833541
0.09959000768,-0.0475723050657
0.109121137242,-0.050973065887
0.118980542898,-0.0541374658181
0.129168224648,-0.057065504859
0.139684182492,-0.0597571830097
0.150528416431,-0.0622125002701
0.161700926463,-0.0644314566403
0.173201712589,-0.0664140521202
0.185030774809,-0.06816028671
0.197188113123,-0.0696701604094
0.209673727531,-0.0709436732187
0.222487618033,-0.0719808251377
0.235629784629,-0.0727816161665
0.249100227319,-0.0733460463051
0.262898946103,-0.0736741155534
0.27702594098,-0.0737658239115
0.291481211952,-0.0736211713793
0.306264759018,-0.073240157957
0.321376582178,-0.0726227836444
0.336816681432,-0.0717690484415
0.352457892878,-0.0707839891429
0.368173052614,-0.0697726425431
0.38396216064,-0.068735008642
0.399825216957,-0.0676710874397
0.415762221564,-0.0665808789361
0.431773174461,-0.0654643831312
0.447858075648,-0.0643216000251
0.464016925126,-0.0631525296177
0.480249722894,-0.0619571719091
0.496556468952,-0.0607355268992
0.5129371633,-0.0594875945881
0.529391805939,-0.0582133749757
0.545920396867,-0.0569128680621
0.562522936086,-0.0555860738472
0.579199423596,-0.054232992331
0.595949859395,-0.0528536235136
0.612774243485,-0.051447967395
0.629672575865,-0.050016023975
0.646644856535,-0.0485577932539
0.663691085495,-0.0470732752315
0.680760900732,-0.045532813454
0.69780394023,-0.0439067514676
0.714820203991,-0.0421950892725
0.731809692013,-0.0403978268684
0.748772404298,-0.0385149642555
0.765708340844,-0.0365465014338
0.782617501652,-0.0344924384032
0.799499886723,-0.0323527751638
0.816355496055,-0.0301275117155
0.833184329649,-0.0278166480583
0.849986387505,-0.0254201841923
0.866761669624,-0.0229381201175
0.883510176004,-0.0203704558338
0.900231906646,-0.0177171913412
0.91692686155,-0.0149783266398
0.933595040716,-0.0121538617296
0.950236444144,-0.00924379661045
0.966851071834,-0.00624813128249
0.983438923786,-0.00316686574567
1.0,0.0
