1.0,0.0
0.986506928896,0.00629939874112
0.972735477496,0.0124339174987
0.958685645798,0.0184035562728
0.944357433804,0.0242083150634
0.929750841513,0.0298481938705
0.914865868925,0.0353231926941
0.89970251604,0.0406333115342
0.884260782858,0.0457785503907
0.868540669379,0.0507589092637
0.852542175604,0.0555743881533
0.836265301531,0.0602249870593
0.819710047162,0.0647107059818
0.802876412495,0.0690315449208
0.785764397532,0.0731875038763
0.768374002272,0.0771785828483
0.750705226715,0.0810047818367
0.732758070862,0.0846661008417
0.714532534711,0.0881625398631
0.696028618263,0.091494098901
0.677246321519,0.0946607779555
0.658437127771,0.0976714522918
0.639852520311,0.100534997175
0.621492499141,0.103251412606
0.60335706426,0.105820698584
0.585446215668,0.10824285511
0.567759953365,0.110517882182
0.550298277351,0.112645779802
0.533061187626,0.114626547969
0.516048684191,0.116460186683
0.499260767044,0.118146695945
0.482697436186,0.119686075754
0.466358691618,0.12107832611
0.450244533338,0.122323447013
0.434354961348,0.123421438464
0.418689975647,0.124372300462
0.403249576234,0.125176033007
0.388033763111,0.1258326361
0.373042536277,0.126342109739
0.358275895732,0.126704453926
0.343733841476,0.12691966866
0.329415529105,0.126973526745
0.315320114213,0.126851800982
0.3014475968,0.126554491372
0.287797976868,0.126081597915
0.274371254415,0.125433120611
0.261167429442,0.12460905946
0.248186501948,0.123609414461
0.235428471934,0.122434185616
0.2228933394,0.121083372924
0.210581104345,0.119556976384
0.19849176677,0.117854995997
0.186625326675,0.115977431764
0.17498178406,0.113924283683
0.163561138924,0.111695551755
0.152363391267,0.10929123598
0.141388541091,0.106711336358
0.130636588394,0.103955852888
0.120107533177,0.101024785572
0.109801375439,0.0979181344085
0.0997181151811,0.094635899398
0.0899955989509,0.0912675761751
0.0807716732967,0.0879026603746
0.0720463382183,0.0845411519963
0.0638195937159,0.0811830510404
0.0560914397894,0.0778283575069
0.0488618764387,0.0744770713957
0.042130903664,0.0711291927068
0.0358985214652,0.0677847214402
0.0301647298423,0.064443657596
0.0249295287953,0.0611060011742
0.0201929183242,0.0577717521746
0.015954898429,0.0544409105974
0.0122154691097,0.0511134764426
0.0089746303663,0.0477894497101
0.00623238219882,0.0444688303999
0.00398872460724,0.041151618512
0.00224365759157,0.0378378140465
0.000997181151811,0.0345274170033
0.000249295287953,0.0312204273825
0.0,0.027916845184
0.000236358241518,0.0246004287204
0.000945432966073,0.0212549363044
0.00212722417366,0.0178803679359
0.00378173186429,0.0144767236149
0.00590895603796,0.0110440033414
0.00850889669466,0.00758220711552
0.0115815538344,0.00409133493714
0.0151269274572,0.000571386806287
0.019145017563,-0.00297763727703
0.0236358241518,-0.00655573731282
0.0285993472237,-0.0101629133011
0.0340355867786,-0.0137991652418
0.0399445428166,-0.017464493135
0.0463262153376,-0.0211588969807
0.0531806043416,-0.0248823767788
0.0605077098287,-0.0286349325294
0.0683075317988,-0.0324165642324
0.0765800702519,-0.036227271888
0.0853253251881,-0.040067055496
0.0945432966073,-0.0439359150565
0.104126028786,-0.0476970422255
0.113965566001,-0.0512136286594
0.124061908252,-0.054485674358
0.13441505554,-0.0575131793214
0.145025007863,-0.0602961435496
0.155891765223,-0.0628345670425
0.167015327619,-0.0651284498002
0.178395695052,-0.0671777918227
0.19003286752,-0.0689825931099
0.201926845025,-0.0705428536619
0.214077627566,-0.0718585734787
0.226485215143,-0.0729297525602
0.239149607756,-0.0737563909065
0.252070805405,-0.0743384885176
0.265248808091,-0.0746760453935
0.278683615813,-0.0747690615341
0.292375228571,-0.0746175369394
0.306323646365,-0.0742214716096
0.320528869196,-0.0735808655445
0.334990897062,-0.0726957187442
0.349661674226,-0.0716731630886
0.364493144948,-0.0706203304576
0.379485309228,-0.0695372208513
0.394638167066,-0.0684238342696
0.409951718463,-0.0672801707126
0.425425963417,-0.0661062301803
0.44106090193,-0.0649020126725
0.456856534,-0.0636675181895
0.472812859629,-0.062402746731
0.488929878816,-0.0611076982972
0.505207591561,-0.0597823728881
0.521645997865,-0.0584267705036
0.538245097726,-0.0570408911438
0.555004891146,-0.0556247348086
0.571925378123,-0.0541783014981
0.589006558659,-0.0527015912122
0.606248432753,-0.0511946039509
0.623651000405,-0.0496573397143
0.641214261615,-0.0480897985023
0.658938216384,-0.046491980315
0.676704957313,-0.044843441523
0.694396577005,-0.0431237384969
0.712013075461,-0.0413328712367
0.72955445268,-0.0394708397425
0.747020708662,-0.0375376440142
0.764411843408,-0.0355332840518
0.781727856917,-0.0334577598553
0.79896874919,-0.0313110714247
0.816134520226,-0.0290932187601
0.833225170025,-0.0268042018614
0.850240698587,-0.0244440207286
0.867181105913,-0.0220126753617
0.884046392002,-0.0195101657608
0.900836556855,-0.0169364919257
0.917551600471,-0.0142916538566
0.93419152285,-0.0115756515535
0.950756323992,-0.00878848501622
0.967246003898,-0.00593015424489
0.983660562567,-0.00300065923948
1.0,0.0
