1.0,0.0
0.988750110313,0.00666861177759
0.9770349388,0.0131407580706
0.964854485459,0.0194164388791
0.952208750291,0.025495654203
0.939097733296,0.0313784040424
0.925521434474,0.0370646883972
0.911479853825,0.0425545072675
0.896972991349,0.0478478606532
0.882000847046,0.0529447485544
0.866563420916,0.057845170971
0.850660712958,0.062549127903
0.834292723174,0.0670566193505
0.817459451562,0.0713676453135
0.800160898123,0.0754822057919
0.782397062857,0.0794003007857
0.764167945765,0.083121930295
0.745473546845,0.0866470943197
0.726313866098,0.0899757928599
0.706688903523,0.0931080259155
0.686598659122,0.0960437934865
0.666427764378,0.098822913358
0.646560850773,0.101485203315
0.626997918309,0.104030663357
0.607738966986,0.106459293484
0.588783996803,0.108771093697
0.57013300776,0.110966063995
0.551785999858,0.113044204379
0.533742973096,0.115005514848
0.516003927474,0.116849995402
0.498568862993,0.118577646041
0.481437779652,0.120188466766
0.464610677452,0.121682457576
0.448087556392,0.123059618472
0.431868416472,0.124319949453
0.415953257693,0.125463450519
0.400342080054,0.126490121671
0.385034883555,0.127399962908
0.370031668197,0.12819297423
0.355332433979,0.128869155637
0.340937180902,0.12942850713
0.326801869262,0.129826614234
0.312882459359,0.130019062475
0.299178951191,0.130005851853
0.285691344759,0.129786982368
0.272419640063,0.129362454019
0.259363837103,0.128732266808
0.246523935878,0.127896420733
0.233899936389,0.126854915796
0.221491838636,0.125607751995
0.209299642619,0.124154929331
0.197323348337,0.122496447804
0.185562955792,0.120632307414
0.174018464982,0.11856250816
0.162689875908,0.116287050044
0.151577188569,0.113805933065
0.140680402967,0.111119157222
0.1299995191,0.108226722516
0.119534536969,0.105128628947
0.109285456574,0.101824876516
0.0992522779147,0.0983154652205
0.089575180818,0.0946982833351
0.0803943451109,0.0910712191322
0.0717097707934,0.0874342726117
0.0635214578654,0.0837874437736
0.055829406327,0.0801307326179
0.0486336161782,0.0764641391447
0.041934087419,0.0727876633538
0.0357308200493,0.0691013052454
0.0300238140692,0.0654050648195
0.0248130694787,0.0616989420759
0.0200985862777,0.0579829370148
0.0158803644663,0.0542570496361
0.0121584040445,0.0505212799399
0.00893270501232,0.0467756279261
0.00620326736967,0.0430200935946
0.00397009111659,0.0392546769457
0.00223317625308,0.0354793779791
0.000992522779147,0.031694196695
0.000248130694787,0.0278991330933
0.0,0.024094187174
0.000214555021944,0.0203067283589
0.000858220087777,0.0165641260696
0.0019309951975,0.0128663803062
0.00343288035111,0.00921349106872
0.00536387554861,0.00560545835708
0.00772398078999,0.00204228217131
0.0105131960753,-0.00147603748858
0.0137315214044,-0.0049495006226
0.0173789567775,-0.00837810723075
0.0214555021944,-0.011761857313
0.0259611576553,-0.0151007508694
0.03089592316,-0.0183947879
0.0362597987086,-0.0216439684046
0.0420527843011,-0.0248482923834
0.0482748799375,-0.0280077598363
0.0549260856177,-0.0311223707633
0.0620064013419,-0.0341921251645
0.0695158271099,-0.0372170230398
0.0774543629219,-0.0401970643892
0.0858220087777,-0.0431322492128
0.0946123780648,-0.0459578855279
0.103819084171,-0.048609281352
0.113442127095,-0.0510864366851
0.123481506838,-0.0533893515273
0.1339372234,-0.0555180258784
0.144809276781,-0.0574724597386
0.15609766698,-0.0592526531077
0.167802393998,-0.0608586059859
0.179923457834,-0.062290318373
0.19246085849,-0.0635477902692
0.205414595963,-0.0646310216744
0.218784670256,-0.0655400125886
0.232571081367,-0.0662747630118
0.246773829297,-0.066835272944
0.261392914046,-0.0672215423852
0.276428335613,-0.0674335713354
0.291880093999,-0.0674713597946
0.307748189204,-0.0673349077628
0.324032621228,-0.06702421524
0.34073339007,-0.0665392822263
0.357656490576,-0.0659491449802
0.374607917592,-0.0653228397605
0.391587671119,-0.0646603665672
0.408595751155,-0.0639617254004
0.425632157701,-0.0632269162599
0.442696890758,-0.0624559391458
0.459789950324,-0.0616487940581
0.4769113364,-0.0608054809968
0.494061048986,-0.059925999962
0.511239088082,-0.0590103509535
0.528445453688,-0.0580585339714
0.545680145804,-0.0570705490157
0.56294316443,-0.0560463960864
0.580234509566,-0.0549860751835
0.597554181212,-0.053889586307
0.614902179368,-0.0527569294569
0.632278504034,-0.0515881046332
0.649683155209,-0.0503831118358
0.667116132895,-0.0491419510649
0.684577437091,-0.0478646223204
0.701967687576,-0.0465143186698
0.719187504131,-0.0450542331808
0.736236886756,-0.0434843658533
0.75311583545,-0.0418047166874
0.769824350213,-0.0400152856829
0.786362431046,-0.03811607284
0.802730077948,-0.0361070781586
0.81892729092,-0.0339883016388
0.834954069961,-0.0317597432805
0.850810415072,-0.0294214030837
0.866496326252,-0.0269732810484
0.882011803502,-0.0244153771747
0.897356846821,-0.0217476914625
0.912531456209,-0.0189702239119
0.927535631667,-0.0160829745227
0.942369373195,-0.0130859432951
0.957032680792,-0.00997913022904
0.971525554459,-0.0067625353245
0.985847994195,-0.00343615858148
1.0,0.0
