1.0,0.0
0.989377439563,0.00670568267851
0.978230514152,0.0132123023485
0.966559223767,0.0195198590099
0.954363568407,0.0256283526627
0.941643548072,0.031537783307
0.928399162763,0.0372481509427
0.914630412479,0.0427594555699
0.900337297221,0.0480716971885
0.885519816988,0.0531848757986
0.870177971781,0.0580989914001
0.854311761599,0.062814043993
0.837921186442,0.0673300335774
0.821006246312,0.0716469601533
0.803566941206,0.0757648237205
0.785603271126,0.0796836242793
0.767115236072,0.0834033618294
0.748102836043,0.086924036371
0.728566071039,0.0902456479041
0.708504941061,0.0933681964286
0.687919446108,0.0962916819445
0.667247302084,0.0990588464627
0.646926224891,0.101712431994
0.626956214529,0.104252438539
0.607337270999,0.106678866096
0.5880693943,0.108991714667
0.569152584432,0.111190984251
0.550586841395,0.113276674847
0.532372165189,0.115248786457
0.514508555815,0.117107319081
0.496996013272,0.118852272717
0.47983453756,0.120483647366
0.46302412868,0.122001443029
0.446564786631,0.123405659704
0.430456511413,0.124696297393
0.414699303026,0.125873356095
0.39929316147,0.12693683581
0.384238086746,0.127886736538
0.369534078853,0.128723058279
0.355181137791,0.129445801034
0.341179263561,0.130054964801
0.327444936447,0.130502551391
0.313894636736,0.130740562613
0.300528364426,0.130768998467
0.287346119519,0.130587858953
0.274347902014,0.130197144072
0.261533711911,0.129596853822
0.248903549211,0.128786988205
0.236457413913,0.127767547219
0.224195306017,0.126538530866
0.212117225523,0.125099939144
0.200223172431,0.123451772055
0.188513146742,0.121594029598
0.176987148454,0.119526711773
0.165645177569,0.11724981858
0.154487234087,0.114763350019
0.143513318006,0.11206730609
0.132723429328,0.109161686793
0.122117568052,0.106046492128
0.111695734178,0.102721722095
0.101457927706,0.0991873766945
0.0915657797547,0.0955452943877
0.0821809214419,0.0918973136364
0.0733033527676,0.0882434344408
0.0649330737319,0.0845836568007
0.0570700843346,0.0809179807163
0.049714384576,0.0772464061874
0.0428659744558,0.0735689332141
0.0365248539742,0.0698855617965
0.0306910231311,0.0661962919344
0.0253644819265,0.0625011236279
0.0205452303605,0.058800056877
0.016233268433,0.0550930916818
0.012428596144,0.0513802280421
0.00913121349354,0.047661465958
0.00634112048163,0.0439368054295
0.00405831710824,0.0402062464566
0.00228280337339,0.0364697890393
0.00101457927706,0.0327274331776
0.000253644819265,0.0289791788715
0.0,0.025225026121
0.000215284216544,0.0214849284362
0.000861136866178,0.0177788393273
0.0019375579489,0.0141067587942
0.00344454746471,0.010468686837
0.00538210541361,0.00686462345563
0.0077502317956,0.00329456865014
0.0105489266107,-0.000241477579495
0.0137781898588,-0.00374351523327
0.0174380215401,-0.00721154431118
0.0215284216544,-0.0106455648132
0.0260493902019,-0.0140455767394
0.0310009271824,-0.0174115800898
0.036383032596,-0.0207435748642
0.0421957064427,-0.0240415610629
0.0484389487225,-0.0273055386856
0.0551127594354,-0.0305355077325
0.0622171385813,-0.0337314682036
0.0697520861604,-0.0368934200987
0.0777176021725,-0.0400213634181
0.0861136866178,-0.0431152981615
0.0949286907084,-0.04609819684
0.104150965657,-0.0488930319641
0.113780511463,-0.0514998035341
0.123817328128,-0.0539185115498
0.13426141565,-0.0561491560113
0.14511277403,-0.0581917369186
0.156371403267,-0.0600462542717
0.168037303363,-0.0617127080705
0.180110474316,-0.0631910983151
0.192590916128,-0.0644814250054
0.205478628797,-0.0655836881415
0.218773612324,-0.0664978877234
0.232475866709,-0.0672240237511
0.246585391951,-0.0677620962245
0.261102188052,-0.0681121051437
0.27602625501,-0.0682740505087
0.291357592826,-0.0682479323195
0.3070962015,-0.068033750576
0.323242081032,-0.0676315052783
0.339795231422,-0.0670411964263
0.356558403908,-0.0663447091567
0.373334349728,-0.0656239286059
0.390123068882,-0.064878854774
0.406924561371,-0.064109487661
0.423738827194,-0.0633158272668
0.440565866351,-0.0624978735915
0.457405678843,-0.061655626635
0.474258264668,-0.0607890863974
0.491123623828,-0.0598982528786
0.508001756323,-0.0589831260787
0.524892662152,-0.0580437059977
0.541796341315,-0.0570799926355
0.558712793812,-0.0560919859922
0.575642019644,-0.0550796860678
0.592584018809,-0.0540430928622
0.60953879131,-0.0529822063754
0.626506337144,-0.0518970266076
0.643486656313,-0.0507875535585
0.660479748816,-0.0496537872284
0.677485614653,-0.0484957276171
0.694453540496,-0.0472627923588
0.711332813015,-0.0459043990875
0.72812343221,-0.0444205478034
0.744825398082,-0.0428112385064
0.761438710629,-0.0410764711965
0.777963369853,-0.0392162458737
0.794399375754,-0.037230562538
0.81074672833,-0.0351194211894
0.827005427583,-0.0328828218279
0.843175473513,-0.0305207644535
0.859256866118,-0.0280332490661
0.8752496054,-0.0254202756659
0.891153691358,-0.0226818442528
0.906969123992,-0.0198179548269
0.922695903303,-0.016828607388
0.93833402929,-0.0137138019362
0.953883501953,-0.0104735384715
0.969344321292,-0.00710781699388
0.984716487308,-0.00361663750339
1.0,0.0
