1.0,0.0
0.989575140326,0.00682790535113
0.978615080014,0.0134421998672
0.967119819066,0.0198428835482
0.95508935748,0.0260299563942
0.942523695257,0.0320034184051
0.929422832397,0.0377632695809
0.915786768899,0.0433095099217
0.901615504765,0.0486421394274
0.886909039993,0.0537611580981
0.871667374584,0.0586665659337
0.855890508538,0.0633583629342
0.839578441854,0.0678365490997
0.822731174534,0.0721011244302
0.805348706576,0.0761520889255
0.787431037981,0.0799894425859
0.768978168749,0.0836131854111
0.749990098879,0.0870233174013
0.730466828373,0.0902198385565
0.710408357229,0.0932027488766
0.689814685448,0.0959720483616
0.669131844727,0.0985832637303
0.648805866762,0.101091921701
0.628836751553,0.103498022275
0.609224499101,0.10580156545
0.589969109405,0.108002551228
0.571070582465,0.110100979608
0.552528918281,0.112096850591
0.534344116854,0.113990164176
0.516516178184,0.115780920363
0.499045102269,0.117469119153
0.481930889111,0.119054760545
0.465173538709,0.120537844539
0.448773051064,0.121918371135
0.432729426175,0.123196340334
0.417042664042,0.124371752135
0.401712764666,0.125444606539
0.386739728046,0.126414903545
0.372123554182,0.127282643153
0.357864243075,0.128047825363
0.343961794723,0.128710450176
0.330322476144,0.129215926734
0.31685255435,0.12950966418
0.303552029342,0.129591662514
0.290420901121,0.129461921736
0.277459169686,0.129120441846
0.264666835037,0.128567222844
0.252043897174,0.12780226473
0.239590356097,0.126825567505
0.227306211807,0.125637131167
0.215191464302,0.124236955717
0.203246113584,0.122625041156
0.191470159652,0.120801387482
0.179863602506,0.118765994696
0.168426442146,0.116518862799
0.157158678573,0.114059991789
0.146060311785,0.111389381668
0.135131341784,0.108507032434
0.124371768569,0.105412944089
0.11378159214,0.102107116632
0.103360812497,0.0985895500625
0.0932831332786,0.0949615686873
0.0837222581227,0.0913244968124
0.0746781870292,0.0876783344378
0.0661509199982,0.0840230815635
0.0581404570296,0.0803587381895
0.0506467981236,0.0766853043157
0.04366994328,0.0730027799422
0.037209892499,0.0693111650689
0.0312666457804,0.065610459696
0.0258402031243,0.0619006638233
0.0209305645307,0.0581817774509
0.0165377299995,0.0544538005787
0.0126616995309,0.0507167332068
0.00930247312474,0.0469705753352
0.00646005078107,0.0432153269639
0.00413443249988,0.0394509880928
0.00232561828119,0.035677558722
0.00103360812497,0.0318950388515
0.000258402031243,0.0281034284813
0.0,0.0243027276113
0.00020826797662,0.020518205595
0.000833071906481,0.0167751317857
0.00187441178958,0.0130735061835
0.00333228762593,0.00941332878834
0.00520669941551,0.00579459960023
0.00749764715833,0.00221731861916
0.0102051308544,-0.00131851415485
0.0133291505037,-0.00481289872181
0.0168697061062,-0.00826583508172
0.020826797662,-0.0116773232346
0.0252004251711,-0.0150473631804
0.0299905886333,-0.0183759549191
0.0351972880488,-0.0216630984509
0.0408205234176,-0.0249087937755
0.0468602947396,-0.0281130408931
0.0533166020148,-0.0312758398037
0.0601894452433,-0.0343971905072
0.067478824425,-0.0374770930036
0.0751847395599,-0.0405155472931
0.0833071906481,-0.0435125533754
0.09186416556,-0.0463971157862
0.100873652166,-0.0490982390609
0.110335650466,-0.0516159231995
0.12025016046,-0.0539501682021
0.130617182148,-0.0561009740686
0.14143671553,-0.058068340799
0.152708760607,-0.0598522683933
0.164433317377,-0.0614527568515
0.176610385842,-0.0628698061737
0.189239966,-0.0641034163598
0.202322057853,-0.0651535874098
0.2158566614,-0.0660203193237
0.22984377664,-0.0667036121016
0.244283403575,-0.0672034657434
0.259175542204,-0.0675198802491
0.274520192527,-0.0676528556187
0.290317354545,-0.0676023918522
0.306567028256,-0.0673684889497
0.323269213661,-0.0669511469111
0.34042391076,-0.0663503657364
0.357794583506,-0.0656459186146
0.375144695851,-0.0649175787349
0.392474247794,-0.0641653460972
0.409783239336,-0.0633892207016
0.427071670477,-0.0625892025479
0.444339541216,-0.0617652916363
0.461586851554,-0.0609174879666
0.478813601491,-0.060045791539
0.496019791027,-0.0591502023534
0.513205420161,-0.0582307204098
0.530370488894,-0.0572873457083
0.547514997226,-0.0563200782487
0.564638945157,-0.0553289180312
0.581742332686,-0.0543138650557
0.598825159814,-0.0532749193222
0.615887426541,-0.0522120808307
0.632929132866,-0.0511253495812
0.649950278791,-0.0500147255738
0.666950864314,-0.0488802088083
0.683930889435,-0.0477217992849
0.700842319887,-0.0464906566794
0.717637121399,-0.0451379406677
0.734315293972,-0.0436636512499
0.750876837605,-0.0420677884258
0.7673217523,-0.0403503521956
0.783650038055,-0.0385113425592
0.799861694871,-0.0365507595166
0.815956722747,-0.0344686030678
0.831935121684,-0.0322648732128
0.847796891682,-0.0299395699516
0.863542032741,-0.0274926932843
0.87917054486,-0.0249242432108
0.89468242804,-0.0222342197311
0.910077682281,-0.0194226228452
0.925356307582,-0.0164894525531
0.940518303944,-0.0134347088549
0.955563671367,-0.0102583917504
0.970492409851,-0.0069605012398
0.985304519395,-0.00354103732299
1.0,0.0
