1.0,0.0
0.989603242519,0.00705304571549
0.978655050609,0.0138773764611
0.967155424267,0.0204729922369
0.955104363496,0.0268398930428
0.942501868294,0.0329780788789
0.929347938663,0.0388875497452
0.9156425746,0.0445683056415
0.901385776108,0.0500203465681
0.886577543185,0.0552436725247
0.871217875832,0.0602382835116
0.855306774049,0.0650041795285
0.838844237836,0.0695413605756
0.821830267192,0.0738498266529
0.804264862118,0.0779295777603
0.786148022614,0.0817806138979
0.767479748679,0.0854029350656
0.748260040314,0.0887965412634
0.728488897519,0.0919614324914
0.708166320294,0.0948976087496
0.687292308638,0.0976050700379
0.666330325332,0.100158113493
0.645743833153,0.102631036252
0.625532832103,0.105023838315
0.60569732218,0.107336519681
0.586237303386,0.109569080352
0.56715277572,0.111721520325
0.548443739182,0.113793839603
0.530110193772,0.115786038185
0.512152139491,0.11769811607
0.494569576337,0.119530073259
0.477362504311,0.121281909751
0.460530923414,0.122953625548
0.444074833645,0.124545220648
0.427994235003,0.126056695052
0.41228912749,0.127488048759
0.396959511105,0.128839281771
0.382005385849,0.130110394086
0.36742675172,0.131301385705
0.353223608719,0.132412256627
0.339395956847,0.133443006854
0.325843302079,0.134307159825
0.312465150392,0.134918238981
0.299261501786,0.135276244322
0.286232356261,0.135381175849
0.273377713817,0.135233033561
0.260697574454,0.134831817459
0.248191938172,0.134177527541
0.235860804972,0.133270163809
0.223704174852,0.132109726263
0.211722047813,0.130696214902
0.199914423855,0.129029629726
0.188281302978,0.127109970735
0.176822685183,0.12493723793
0.165538570468,0.12251143131
0.154428958834,0.119832550875
0.143493850282,0.116900596626
0.13273324481,0.113715568562
0.122147142419,0.110277466683
0.11173554311,0.106586290989
0.101498446881,0.102642041481
0.0916023483102,0.0985817919764
0.0822137419737,0.0945426162925
0.0733326278716,0.0905245144296
0.0649590060039,0.0865274863877
0.0570928763706,0.0825515321668
0.0497342389717,0.078596651767
0.0428830938072,0.0746628451882
0.0365394408772,0.0707501124303
0.0307032801815,0.0668584534936
0.0253746117203,0.0629878683778
0.0205534354934,0.059138357083
0.016239751501,0.0553099196093
0.0124335597429,0.0515025559565
0.0091348602193,0.0477162661248
0.00634365293007,0.0439510501141
0.00405993787524,0.0402069079245
0.00228371505482,0.0364838395558
0.00101498446881,0.0327818450082
0.000253746117203,0.0291009242815
0.0,0.0254410773759
0.000197558483635,0.0218102485949
0.00079023393454,0.018216382242
0.00177802635271,0.0146594783172
0.00316093573816,0.0111395368205
0.00493896209087,0.00765655775204
0.00711210541086,0.00421054111165
0.00968036569811,0.000801486899404
0.0126437429526,-0.00257060488472
0.0160022371744,-0.0059057342407
0.0197558483635,-0.00920390116856
0.0239045765198,-0.0124651056683
0.0284484216434,-0.0156893477399
0.0333873837343,-0.0188766273833
0.0387214627924,-0.0220269445987
0.0444506588179,-0.0251402993859
0.0505749718105,-0.028216691745
0.0570944017705,-0.0312561216759
0.0640089486977,-0.0342585891787
0.0713186125922,-0.0372240942534
0.079023393454,-0.0401526368999
0.0871979255756,-0.0429785516553
0.0959168432498,-0.0456361730565
0.105180146476,-0.0481255011035
0.114987835256,-0.0504465357963
0.125339909587,-0.052599277135
0.136236369472,-0.0545837251194
0.147677214908,-0.0563998797497
0.159662445898,-0.0580477410257
0.172192062439,-0.0595273089476
0.185266064534,-0.0608385835153
0.198884452181,-0.0619815647288
0.21304722538,-0.0629562525881
0.227754384132,-0.0637626470932
0.243005928436,-0.0644007482441
0.258801858293,-0.0648705560409
0.275142173702,-0.0651720704834
0.292026874664,-0.0653052915718
0.309455961179,-0.0652702193059
0.327429433246,-0.0650668536859
0.345947290865,-0.0646951947117
0.364690846896,-0.0642248359377
0.383341414199,-0.0637253709182
0.401898992772,-0.0631967996534
0.420363582617,-0.0626391221431
0.438735183732,-0.0620523383873
0.457013796119,-0.0614364483862
0.475199419777,-0.0607914521396
0.493292054706,-0.0601173496476
0.511291700906,-0.0594141409102
0.529198358377,-0.0586818259273
0.547012027119,-0.057920404699
0.564732707132,-0.0571298772253
0.582360398417,-0.0563102435061
0.599895100972,-0.0554615035415
0.617336814798,-0.0545836573315
0.634685539896,-0.0536767048761
0.651941276265,-0.0527406461752
0.669104023904,-0.051775481229
0.686173782815,-0.0507812100372
0.703150552997,-0.0497578326001
0.719976438641,-0.0486474039867
0.736593543939,-0.0473919792664
0.753001868889,-0.045991558439
0.769201413493,-0.0444461415046
0.78519217775,-0.0427557284631
0.800974161661,-0.0409203193147
0.816547365224,-0.0389399140592
0.831911788441,-0.0368145126968
0.847067431312,-0.0345441152273
0.862014293835,-0.0321287216508
0.876752376012,-0.0295683319673
0.891281677842,-0.0268629461768
0.905602199325,-0.0240125642792
0.919713940462,-0.0210171862747
0.933616901252,-0.0178768121631
0.947311081695,-0.0145914419445
0.960796481791,-0.0111610756189
0.974073101541,-0.00758571318628
0.987140940944,-0.00386535464665
1.0,0.0
