1.0,0.0
0.989812105879,0.00712169817823
0.979030655091,0.014005980566
0.967655647636,0.0206528471634
0.955687083515,0.0270622979703
0.943124962728,0.0332343329869
0.929969285274,0.0391689522129
0.916220051153,0.0448661556486
0.901877260366,0.0503259432938
0.886940912912,0.0555483151486
0.871411008792,0.060533271213
0.855287548005,0.0652808114869
0.838570530552,0.0697909359705
0.821259956432,0.0740636446635
0.803355825646,0.0780989375662
0.784858138193,0.0818968146784
0.765766894074,0.0854572760002
0.746082093288,0.0887803215316
0.725803735836,0.0918659512725
0.704931821717,0.094714165223
0.683466350932,0.0973249633831
0.661910592819,0.0997822617266
0.640767816717,0.102169976227
0.620038022628,0.104488106885
0.599721210549,0.1067366537
0.579817380482,0.108915616673
0.560326532427,0.111024995803
0.541248666383,0.113064791089
0.522583782351,0.115035002534
0.50433188033,0.116935630135
0.486492960321,0.118766673894
0.469067022323,0.120528133809
0.452054066337,0.122220009882
0.435454092362,0.123842302113
0.419267100399,0.1253950105
0.403493090447,0.126878135045
0.388132062507,0.128291675747
0.373184016578,0.129635632606
0.358648952661,0.130910005623
0.344526870755,0.132114794796
0.330817770861,0.133250000127
0.317407987593,0.134217981983
0.304183855564,0.13492110073
0.291145374774,0.135359356369
0.278292545224,0.135532748899
0.265625366913,0.135441278321
0.253143839842,0.135084944635
0.24084796401,0.134463747841
0.228737739417,0.133577687939
0.216813166065,0.132426764928
0.205074243951,0.131010978808
0.193520973077,0.129330329581
0.182153353443,0.127384817245
0.170971385048,0.125174441801
0.159975067893,0.122699203249
0.149164401977,0.119959101588
0.1385393873,0.116954136819
0.128100023863,0.113684308942
0.117846311665,0.110149617957
0.107778250707,0.106350063863
0.0978958409887,0.102285646661
0.0883509964923,0.098104731566
0.0792956312009,0.0939556837931
0.0707297451144,0.0898385033424
0.0626533382328,0.0857531902139
0.0550664105562,0.0816997444075
0.0479689620845,0.0776781659234
0.0413609928177,0.0736884547614
0.0352425027559,0.0697306109217
0.0296134918991,0.0658046344041
0.0244739602472,0.0619105252087
0.0198239078002,0.0580482833355
0.0156633345582,0.0542179087845
0.0119922405211,0.0504194015557
0.00881062568899,0.046652761649
0.0061184900618,0.0429179890646
0.00391583363955,0.0392150838023
0.00220265642225,0.0355440458623
0.000978958409887,0.0319048752444
0.000244739602472,0.0282975719487
0.0,0.0247221359752
0.000203240542723,0.0211783045527
0.000812962170892,0.0176658149102
0.00182916488451,0.0141846670476
0.00325184868357,0.0107348609649
0.00508101356807,0.0073163966621
0.00731665953802,0.00392927413924
0.00995878659342,0.000573493396293
0.0130073947343,-0.00275094556673
0.0164624839606,-0.00604404274984
0.0203240542723,-0.00930579815303
0.0245921056695,-0.0125362117763
0.0292666381521,-0.0157352836197
0.0343476517202,-0.0189030136831
0.0398351463737,-0.0220394019666
0.0457291221127,-0.0251444484702
0.0520295789371,-0.0282181531939
0.0587365168469,-0.0312605161376
0.0658499358422,-0.0342715373015
0.073369835923,-0.0372512166854
0.0812962170892,-0.0401995542894
0.0896880929999,-0.0430487215962
0.0986044773143,-0.0457308900884
0.108045370032,-0.0482460597661
0.118010771154,-0.0505942306293
0.128500680679,-0.0527754026779
0.139515098608,-0.0547895759119
0.151054024941,-0.0566367503314
0.163117459677,-0.0583169259364
0.175705402817,-0.0598301027268
0.18881785436,-0.0611762807027
0.202454814307,-0.0623554598641
0.216616282658,-0.0633676402108
0.231302259412,-0.0642128217431
0.24651274457,-0.0648910044608
0.262247738132,-0.065402188364
0.278507240097,-0.0657463734526
0.295291250466,-0.0659235597267
0.312599769239,-0.0659337471862
0.330432796415,-0.0657769358312
0.348790331995,-0.0654531256616
0.367355134799,-0.0650331952669
0.385809963647,-0.0645880232366
0.40415481854,-0.0641176095705
0.422389699477,-0.0636219542688
0.440514606459,-0.0631010573313
0.458529539485,-0.0625549187582
0.476434498556,-0.0619835385493
0.494229483671,-0.0613869167048
0.51191449483,-0.0607650532246
0.529489532034,-0.0601179481086
0.546954595283,-0.059445601357
0.564309684575,-0.0587480129697
0.581554799913,-0.0580251829467
0.598689941294,-0.057277111288
0.615715108721,-0.0565037979937
0.632630302191,-0.0557052430636
0.649435521706,-0.0548814464978
0.666130767266,-0.0540324082963
0.68271603887,-0.0531581284592
0.699191336518,-0.0522586069863
0.715542653314,-0.0512614252927
0.73175598236,-0.0500941647932
0.747831323657,-0.0487568254879
0.763768677204,-0.0472494073766
0.779568043001,-0.0455719104596
0.795229421048,-0.0437243347366
0.810752811346,-0.0417066802078
0.826138213894,-0.0395189468732
0.841385628693,-0.0371611347326
0.856495055742,-0.0346332437863
0.871466495041,-0.031935274034
0.886299946591,-0.0290672254759
0.900995410391,-0.0260290981119
0.915552886441,-0.0228208919421
0.929972374742,-0.0194426069664
0.944253875293,-0.0158942431848
0.958397388094,-0.0121758005974
0.972402913146,-0.00828727920415
0.986270450448,-0.004228679005
1.0,0.0
