1.0,0.0
0.987216131138,0.00635508384822
0.974105740296,0.012538505294
0.960668827474,0.0185502643372
0.946905392673,0.024390360978
0.932815435891,0.0300587952163
0.918398957131,0.0355555670521
0.90365595639,0.0408806764855
0.88858643367,0.0460341235164
0.873190388969,0.0510159081448
0.85746782229,0.0558260303707
0.84141873363,0.0604644901942
0.825043122991,0.0649312876151
0.808340990372,0.0692264226336
0.791312335773,0.0733498952497
0.773957159194,0.0773017054632
0.756275460636,0.0810818532743
0.738267240098,0.0846903386829
0.71993249758,0.088127161689
0.701271233083,0.0913923222926
0.682283446606,0.0944858204938
0.663241341511,0.0974218122447
0.644417121163,0.100214453497
0.625810785559,0.102863744252
0.607422334701,0.105369684509
0.589251768588,0.107732274267
0.571299087221,0.109951513528
0.553564290599,0.11202740229
0.536047378723,0.113959940554
0.518748351591,0.11574912832
0.501667209206,0.117394965589
0.484803951566,0.118897452358
0.468158578671,0.12025658863
0.451731090521,0.121472374404
0.435521487117,0.12254480968
0.419529768459,0.123473894457
0.403755934546,0.124259628737
0.388199985378,0.124902012518
0.372861920955,0.125401045802
0.357741741278,0.125756728587
0.342839446347,0.125969060874
0.328172295201,0.126024360362
0.313757546881,0.12590894475
0.299595201388,0.125622814037
0.28568525872,0.125165968224
0.272027718878,0.124538407311
0.258622581863,0.123740131298
0.245469847673,0.122771140185
0.23256951631,0.121631433971
0.219921587772,0.120321012657
0.207526062061,0.118839876242
0.195382939175,0.117188024728
0.183492219116,0.115365458113
0.171853901883,0.113372176398
0.160467987476,0.111208179582
0.149334475894,0.108873467666
0.138453367139,0.106368040651
0.12782466121,0.103691898534
0.117448358107,0.100845041318
0.10732445783,0.0978274690012
0.0974529603793,0.0946391815842
0.0879512967423,0.0913609125733
0.0789368979072,0.0880733954747
0.070409763874,0.0847766302885
0.0623698946427,0.0814706170147
0.0548172902133,0.0781553556532
0.0477519505858,0.0748308462041
0.0411738757602,0.0714970886674
0.0350830657365,0.068154083043
0.0294795205147,0.064801829331
0.0243632400948,0.0614403275314
0.0197342244768,0.0580695776441
0.0155924736607,0.0546895796692
0.0119379876465,0.0513003336066
0.00877076643414,0.0479018394564
0.00609081002371,0.0444940972186
0.00389811841517,0.0410771068931
0.00219269160853,0.03765086848
0.000974529603793,0.0342153819793
0.000243632400948,0.0307706473909
0.0,0.0273166647149
0.000243356556873,0.023852293803
0.000973426227493,0.0203763945069
0.00219020901186,0.0168889668266
0.00389370490997,0.0133900107621
0.00608391392183,0.00987952631345
0.00876083604744,0.0063575134806
0.0119244712868,0.00282397226355
0.0155748196399,-0.000721097337678
0.0197118811067,-0.0042776953231
0.0243356556873,-0.0078458216927
0.0294461433817,-0.0114254764465
0.0350433441898,-0.0150166595845
0.0411272581116,-0.0186193711066
0.0476978851472,-0.022233611013
0.0547552252965,-0.0258593793035
0.0622992785596,-0.0294966759783
0.0703300449364,-0.0331455010372
0.078847524427,-0.0368058544803
0.0878517170313,-0.0404777363076
0.0973426227493,-0.0441611465191
0.10718217426,-0.0477339297996
0.117232304242,-0.0510739308342
0.127493012696,-0.0541811496227
0.137964299621,-0.0570555861652
0.148646165018,-0.0596972404617
0.159538608887,-0.0621061125121
0.170641631227,-0.0642822023165
0.181955232038,-0.066225509875
0.193479411321,-0.0679360351873
0.205214169076,-0.0694137782537
0.217159505302,-0.070658739074
0.22931542,-0.0716709176483
0.241681913169,-0.0724503139766
0.25425898481,-0.0729969280589
0.267046634922,-0.0733107598951
0.280044863506,-0.0733918094854
0.293253670561,-0.0732400768296
0.306673056088,-0.0728555619277
0.320303020087,-0.0722382647799
0.334143562557,-0.071388185386
0.348205947035,-0.0704085401564
0.362501437058,-0.0694025455015
0.377030032626,-0.0683702014212
0.391791733739,-0.0673115079155
0.406786540397,-0.0662264649844
0.4220144526,-0.0651150726279
0.437475470348,-0.0639773308461
0.453169593641,-0.0628132396389
0.469096822479,-0.0616227990063
0.485257156862,-0.0604060089484
0.50165059679,-0.059162869465
0.518277142263,-0.0578933805563
0.53513679328,-0.0565975422223
0.552229549843,-0.0552753544628
0.569555411951,-0.053926817278
0.587114379603,-0.0525519306677
0.604906452801,-0.0511506946322
0.622931631543,-0.0497231091712
0.641189915831,-0.0482691742848
0.659681305663,-0.0467888899731
0.678209647873,-0.045253131675
0.696578789295,-0.0436327748295
0.714788729928,-0.0419278194365
0.732839469772,-0.0401382654961
0.750731008827,-0.0382641130083
0.768463347094,-0.036305361973
0.786036484571,-0.0342620123904
0.80345042126,-0.0321340642603
0.82070515716,-0.0299215175828
0.837800692271,-0.0276243723578
0.854737026594,-0.0252426285854
0.871514160128,-0.0227762862657
0.888132092872,-0.0202253453984
0.904590824828,-0.0175898059838
0.920890355996,-0.0148696680217
0.937030686374,-0.0120649315122
0.953011815964,-0.00917559645531
0.968833744765,-0.00620166285096
0.984496472777,-0.00314313069919
1.0,0.0
