  
       XFOIL         Version 6.99
  
 Calculated polar for: G36A16                                          
  
 1 1 Reynolds number fixed          Mach number fixed         
  
 xtrf =   1.000 (top)        1.000 (bottom)  
 Mach =   0.000     Re =     0.200 e 6     Ncrit =   9.000
  
   alpha    CL        CD       CDp       CM     Top_Xtr  Bot_Xtr
  ------ -------- --------- --------- -------- -------- --------
 -13.000  -1.2671   0.02660   0.02005  -0.0197   1.0000   0.1620
 -12.750  -1.2818   0.02603   0.01951  -0.0126   1.0000   0.1780
 -12.500  -1.2898   0.02562   0.01910  -0.0065   1.0000   0.1933
 -12.250  -1.2897   0.02532   0.01874  -0.0017   1.0000   0.2064
 -12.000  -1.2865   0.02512   0.01843   0.0025   1.0000   0.2175
 -11.750  -1.2816   0.02492   0.01825   0.0065   1.0000   0.2253
 -11.500  -1.2747   0.02479   0.01792   0.0102   1.0000   0.2336
 -11.250  -1.2659   0.02465   0.01783   0.0135   1.0000   0.2401
 -11.000  -1.2565   0.02456   0.01762   0.0167   1.0000   0.2465
 -10.750  -1.2456   0.02439   0.01737   0.0196   1.0000   0.2522
 -10.500  -1.2334   0.02434   0.01731   0.0223   1.0000   0.2573
 -10.000  -1.1436   0.02581   0.01865   0.0152   0.9830   0.2736
  -9.750  -1.1094   0.02598   0.01866   0.0138   0.9732   0.2805
  -9.500  -1.0738   0.02612   0.01877   0.0121   0.9665   0.2860
  -9.250  -1.0444   0.02622   0.01887   0.0117   0.9597   0.2913
  -9.000  -1.0103   0.02650   0.01900   0.0104   0.9545   0.2977
  -8.750  -0.9871   0.02627   0.01876   0.0111   0.9466   0.3028
  -8.500  -0.9479   0.02658   0.01909   0.0089   0.9427   0.3084
  -8.250  -0.9296   0.02648   0.01889   0.0107   0.9341   0.3142
  -8.000  -0.8950   0.02646   0.01882   0.0093   0.9293   0.3201
  -7.750  -0.8554   0.02658   0.01898   0.0070   0.9258   0.3249
  -7.500  -0.8383   0.02627   0.01860   0.0091   0.9166   0.3291
  -7.250  -0.8019   0.02616   0.01830   0.0074   0.9129   0.3342
  -6.750  -0.7433   0.02551   0.01769   0.0067   0.8999   0.3417
  -6.500  -0.7031   0.02533   0.01746   0.0044   0.8969   0.3466
  -6.000  -0.6495   0.02470   0.01666   0.0048   0.8832   0.3558
  -5.750  -0.6068   0.02439   0.01642   0.0020   0.8806   0.3609
  -5.250  -0.5525   0.02382   0.01572   0.0025   0.8665   0.3706
  -5.000  -0.5102   0.02331   0.01521  -0.0002   0.8641   0.3759
  -4.750  -0.4663   0.02291   0.01485  -0.0031   0.8623   0.3815
  -4.500  -0.4547   0.02268   0.01460   0.0001   0.8501   0.3860
  -4.250  -0.4152   0.02228   0.01409  -0.0018   0.8475   0.3920
  -4.000  -0.3738   0.02168   0.01358  -0.0044   0.8448   0.3975
  -3.750  -0.3568   0.02143   0.01336  -0.0022   0.8337   0.4020
  -3.500  -0.3168   0.02093   0.01282  -0.0042   0.8311   0.4086
  -3.250  -0.2738   0.02029   0.01219  -0.0069   0.8294   0.4149
  -2.750  -0.2186   0.01948   0.01144  -0.0063   0.8148   0.4259
  -2.500  -0.1773   0.01883   0.01075  -0.0085   0.8130   0.4329
  -2.250  -0.1313   0.01804   0.01007  -0.0117   0.8116   0.4396
  -1.750  -0.0737   0.01720   0.00921  -0.0114   0.7959   0.4523
  -1.250  -0.0060   0.01618   0.00832  -0.0133   0.7800   0.4668
  -0.750   0.0707   0.01518   0.00742  -0.0170   0.7623   0.4832
  -0.500   0.1045   0.01486   0.00708  -0.0180   0.7500   0.4925
  -0.250   0.1587   0.01425   0.00656  -0.0232   0.7404   0.5039
   0.000   0.1923   0.01401   0.00632  -0.0243   0.7256   0.5150
   0.250   0.2240   0.01379   0.00615  -0.0250   0.7102   0.5282
   0.500   0.2563   0.01360   0.00601  -0.0259   0.6949   0.5441
   0.750   0.2883   0.01343   0.00591  -0.0268   0.6803   0.5656
   1.000   0.3212   0.01321   0.00583  -0.0278   0.6667   0.6000
   1.250   0.3404   0.01296   0.00592  -0.0260   0.6526   0.6646
   1.500   0.4900   0.01362   0.00724  -0.0512   0.6328   0.8504
   1.750   0.5317   0.01423   0.00783  -0.0536   0.6181   0.8841
   2.000   0.5742   0.01488   0.00842  -0.0562   0.6050   0.9028
   2.500   0.6649   0.01608   0.00950  -0.0629   0.5794   0.9249
   2.750   0.7031   0.01658   0.00995  -0.0649   0.5684   0.9363
   3.000   0.7598   0.01709   0.01037  -0.0709   0.5566   0.9426
   3.250   0.7916   0.01745   0.01076  -0.0718   0.5461   0.9528
   3.500   0.8488   0.01786   0.01107  -0.0781   0.5356   0.9579
   3.750   0.8802   0.01812   0.01140  -0.0790   0.5254   0.9676
   4.000   0.9338   0.01840   0.01161  -0.0846   0.5156   0.9729
   4.250   0.9639   0.01853   0.01178  -0.0854   0.5039   0.9815
   4.500   1.0006   0.01856   0.01179  -0.0877   0.4904   0.9884
   4.750   1.0392   0.01862   0.01178  -0.0903   0.4777   0.9951
   5.000   1.0635   0.01857   0.01177  -0.0902   0.4661   1.0000
   5.250   1.0719   0.01874   0.01192  -0.0867   0.4580   1.0000
   5.500   1.0710   0.01883   0.01205  -0.0813   0.4496   1.0000
   5.750   1.0789   0.01901   0.01217  -0.0777   0.4410   1.0000
   6.000   1.0755   0.01911   0.01235  -0.0719   0.4323   1.0000
   6.250   1.0819   0.01931   0.01247  -0.0681   0.4233   1.0000
   6.500   1.0791   0.01944   0.01270  -0.0624   0.4146   1.0000
   6.750   1.0875   0.01967   0.01285  -0.0590   0.4064   1.0000
   7.000   1.0857   0.01985   0.01314  -0.0537   0.3977   1.0000
   7.250   1.0901   0.02009   0.01333  -0.0495   0.3890   1.0000
   7.500   1.0899   0.02032   0.01365  -0.0446   0.3797   1.0000
   7.750   1.0929   0.02061   0.01388  -0.0403   0.3704   1.0000
   8.000   1.0929   0.02088   0.01426  -0.0355   0.3601   1.0000
   8.250   1.0940   0.02123   0.01459  -0.0309   0.3496   1.0000
   8.500   1.0936   0.02162   0.01499  -0.0263   0.3374   1.0000
   8.750   1.0933   0.02206   0.01547  -0.0217   0.3240   1.0000
   9.000   1.0921   0.02259   0.01600  -0.0171   0.3086   1.0000
   9.250   1.0884   0.02326   0.01664  -0.0122   0.2894   1.0000
   9.500   1.0814   0.02417   0.01745  -0.0071   0.2661   1.0000
   9.750   1.0703   0.02539   0.01852  -0.0017   0.2340   1.0000
  10.000   1.0540   0.02707   0.01997   0.0040   0.1938   1.0000
  10.500   1.0200   0.03127   0.02375   0.0141   0.1353   1.0000
  10.750   1.0077   0.03343   0.02580   0.0181   0.1211   1.0000
  11.000   0.9999   0.03546   0.02781   0.0213   0.1120   1.0000
  11.250   0.9903   0.03776   0.03005   0.0242   0.1054   1.0000
  11.500   0.9875   0.03972   0.03205   0.0265   0.0995   1.0000
  11.750   0.9784   0.04226   0.03452   0.0288   0.0948   1.0000
  12.000   0.9795   0.04411   0.03645   0.0304   0.0904   1.0000
  12.250   0.9766   0.04636   0.03867   0.0320   0.0864   1.0000
  12.500   0.9761   0.04843   0.04074   0.0335   0.0834   1.0000
  12.750   0.9784   0.05037   0.04274   0.0346   0.0797   1.0000
  13.000   0.9804   0.05232   0.04468   0.0357   0.0770   1.0000
