1.0,0.0
0.987024890192,0.00635343414877
0.973739252485,0.0125417781154
0.960143086879,0.0185650318999
0.946236393374,0.0244231955024
0.932019171969,0.0301162689226
0.917491422665,0.0356442521608
0.902653145461,0.0410071452169
0.887504340359,0.0462049480908
0.872045007357,0.0512376607826
0.856275146455,0.0561052832923
0.840194757655,0.0608078156198
0.823803840955,0.0653452577653
0.807102396356,0.0697176097286
0.790090423858,0.0739248715098
0.77276792346,0.0779670431089
0.755134895163,0.0818441245259
0.737191338967,0.0855561157607
0.718937254872,0.0891030168134
0.700372642877,0.092484827684
0.681497502983,0.0957015483725
0.662582373696,0.0987572847525
0.643897793523,0.101656142698
0.625443762464,0.104398122208
0.607220280518,0.106983223283
0.589227347686,0.109411445923
0.571464963968,0.111682790129
0.553933129364,0.113797255899
0.536631843873,0.115754843235
0.519561107496,0.117555552136
0.502720920233,0.119199382602
0.486111282083,0.120686334633
0.469732193048,0.122016408229
0.453583653126,0.12318960339
0.437665662317,0.124205920116
0.421978220623,0.125065358407
0.406521328042,0.125767918264
0.391294984575,0.126313599685
0.376299190221,0.126702402672
0.361533944982,0.126934327224
0.346999248856,0.12700937334
0.332686806535,0.126922498008
0.318588322709,0.126668658212
0.304703797379,0.126247853953
0.291033230544,0.12566008523
0.277576622205,0.124905352044
0.264333972361,0.123983654395
0.251305281013,0.122894992282
0.238490548161,0.121639365705
0.225889773804,0.120216774665
0.213502957942,0.118627219162
0.201330100576,0.116870699195
0.189371201706,0.114947214765
0.177626261331,0.112856765871
0.166095279452,0.110599352514
0.154778256068,0.108174974693
0.14367519118,0.105583632409
0.132786084787,0.102825325662
0.12211093689,0.0999000544511
0.111649747489,0.0968078187767
0.101402516583,0.0935486186389
0.0915157712159,0.0902055196069
0.082136038432,0.0868615872501
0.073263318231,0.0835168215684
0.0648976106129,0.0801712225619
0.0570389155778,0.0768247902304
0.0496872331255,0.0734775245741
0.0428425632562,0.0701294255929
0.0365049059698,0.0667804932869
0.0306742612663,0.063430727656
0.0253506291457,0.0600801287002
0.020534009608,0.0567286964195
0.0162244026532,0.053376430814
0.0124218082814,0.0500233318836
0.00912622649244,0.0466693996284
0.00633765728642,0.0433146340482
0.00405610066331,0.0399590351433
0.00228155662311,0.0366026029134
0.00101402516583,0.0332453373586
0.000253506291457,0.029887238479
0.0,0.0265283062746
0.000219261831186,0.0231604665583
0.000877047324744,0.0197756451434
0.00197335648067,0.0163738420297
0.00350818929898,0.0129550572174
0.00548154577965,0.00951929070636
0.00789342592269,0.00606654249664
0.0107438297281,0.00259681258822
0.0140327571959,-0.000889899018885
0.0177602083261,-0.00439359232469
0.0219261831186,-0.00791426732918
0.0265306815735,-0.0114519240324
0.0315737036908,-0.0150065624342
0.0370552494704,-0.0185781825348
0.0429753189124,-0.0221667843341
0.0493339120168,-0.025772367832
0.0561310287836,-0.0293949330287
0.0633666692127,-0.033034479924
0.0710408333042,-0.0366910085181
0.0791535210581,-0.0403645188108
0.0877047324744,-0.0440550108022
0.0966411749263,-0.0476383365884
0.105909555787,-0.0509903482655
0.115509875057,-0.0541110458334
0.125442132736,-0.0570004292921
0.135706328824,-0.0596584986417
0.146302463321,-0.0620852538822
0.157230536226,-0.0642806950134
0.168490547541,-0.0662448220356
0.180082497265,-0.0679776349486
0.192006385398,-0.0694791337524
0.204262211939,-0.0707493184471
0.21684997689,-0.0717881890326
0.22976968025,-0.072595745509
0.243021322018,-0.0731719878762
0.256604902196,-0.0735169161343
0.270520420782,-0.0736305302832
0.284767877778,-0.073512830323
0.299347273182,-0.0731638162536
0.314258606996,-0.0725834880751
0.329501879218,-0.0717718457874
0.344966315506,-0.0708284531291
0.360541141513,-0.0698528738387
0.376226357241,-0.0688451079162
0.392021962689,-0.0678051553617
0.407927957858,-0.066733016175
0.423944342747,-0.0656286903563
0.440071117356,-0.0644921779055
0.456308281685,-0.0633234788225
0.472655835735,-0.0621225931075
0.489113779506,-0.0608895207604
0.505682112996,-0.0596242617813
0.522360836207,-0.05832681617
0.539149949138,-0.0569971839266
0.55604945179,-0.0556353650512
0.573059344162,-0.0542413595437
0.590179626254,-0.0528151674041
0.607410298067,-0.0513567886323
0.6247513596,-0.0498662232286
0.642202810854,-0.0483434711927
0.659764651827,-0.0467885325247
0.67735142424,-0.0451790808086
0.69487766981,-0.0434927896282
0.712343388538,-0.0417296589837
0.729748580423,-0.0398896888749
0.747093245465,-0.0379728793019
0.764377383665,-0.0359792302646
0.781600995023,-0.0339087417632
0.798764079538,-0.0317614137975
0.81586663721,-0.0295372463676
0.83290866804,-0.0272362394735
0.849890172027,-0.0248583931151
0.866811149172,-0.0224037072925
0.883671599475,-0.0198721820058
0.900471522934,-0.0172638172547
0.917210919552,-0.0145786130395
0.933889789326,-0.01181656936
0.950508132259,-0.00897768621637
0.967065948348,-0.00606196360847
0.983563237595,-0.00306940153635
1.0,0.0
