1.0,0.0
0.989258663713,0.00691438238392
0.977991324554,0.0136066758789
0.966197982523,0.0200768804851
0.953878637621,0.0263249962023
0.941033289846,0.0323510230306
0.927661939199,0.0381549609701
0.91376458568,0.0437368100206
0.89934122929,0.0490965701822
0.884391870027,0.054234241455
0.868916507893,0.0591498238388
0.852915142886,0.0638433173338
0.836387775008,0.0683147219398
0.819334404258,0.072564037657
0.801755030635,0.0765912644852
0.783649654141,0.0803964024246
0.765018274775,0.083979451475
0.745860892537,0.0873404116366
0.726177507427,0.0904792829092
0.705968119445,0.093396065293
0.685232728591,0.0960907587879
0.664420093459,0.0986332761063
0.643978972641,0.101093529961
0.623909366139,0.103471520351
0.604211273953,0.105767247277
0.584884696081,0.10798071074
0.565929632525,0.110111910738
0.547346083284,0.112160847272
0.529134048358,0.114127520342
0.511293527747,0.116011929948
0.493824521452,0.117814076091
0.476727029472,0.119533958769
0.460001051807,0.121171577983
0.443646588457,0.122726933733
0.427663639422,0.124200026019
0.412052204703,0.125590854841
0.396812284299,0.126899420199
0.38194387821,0.128125722093
0.367446986436,0.129269760523
0.353321608978,0.130331535488
0.339567745834,0.13131104699
0.326083984141,0.132125407378
0.312768911032,0.132691729002
0.299622526507,0.133010011862
0.286644830566,0.133080255958
0.27383582321,0.132902461291
0.261195504438,0.132476627859
0.248723874251,0.131802755663
0.236420932648,0.130880844704
0.224286679629,0.12971089498
0.212321115194,0.128292906493
0.200524239344,0.126626879242
0.188896052079,0.124712813227
0.177436553397,0.122550708448
0.1661457433,0.120140564905
0.155023621787,0.117482382598
0.144070188859,0.114576161527
0.133285444515,0.111421901692
0.122669388755,0.108019603094
0.11222202158,0.104369265731
0.101943342989,0.100470889605
0.0920038670473,0.0964556624238
0.0825741078208,0.0924547718986
0.0736540653093,0.0884682180288
0.0652437395128,0.0844960008144
0.0573431304311,0.0805381202555
0.0499522380645,0.076594576352
0.0430710624127,0.072665369104
0.0366996034759,0.0687504985114
0.0308378612541,0.0648499645742
0.0254858357472,0.0609637672925
0.0206435269552,0.0570919066663
0.0163109348782,0.0532343826955
0.0124880595161,0.0493911953801
0.00917490086898,0.0455623447201
0.00637145893679,0.0417478307157
0.00407773371955,0.0379476533666
0.00229372521725,0.034161812673
0.00101943342989,0.0303903086348
0.000254858357472,0.0266331412521
0.0,0.0228903105249
0.000195395761943,0.0191772696196
0.000781583047771,0.0155094717028
0.00175856185748,0.0118869167746
0.00312633219108,0.00830960483484
0.00488489404857,0.00477753588365
0.00703424742994,0.00129070992098
0.00957439233519,-0.00215087305317
0.0125053287643,-0.00554721303879
0.0158270567174,-0.00889831003589
0.0195395761943,-0.0122041640445
0.0236428871951,-0.0154647750645
0.0281369897198,-0.018680143096
0.0330218837683,-0.021850268139
0.0382975693408,-0.0249751501935
0.0439640464371,-0.0280547892595
0.0500213150573,-0.0310891853369
0.0564693752014,-0.0340783384258
0.0633082268694,-0.0370222485262
0.0705378700613,-0.039920915638
0.0781583047771,-0.0427743397614
0.0862396549636,-0.0455194527702
0.0948520445676,-0.0480931865387
0.103995473589,-0.0504955410668
0.113669942028,-0.0527265163545
0.123875449885,-0.0547861124018
0.134611997159,-0.0566743292087
0.145879583851,-0.0583911667753
0.15767820996,-0.0599366251014
0.170007875487,-0.0613107041872
0.182868580431,-0.0625134040325
0.196260324793,-0.0635447246375
0.210183108572,-0.064404666002
0.224636931769,-0.0650932281262
0.239621794383,-0.06561041101
0.255137696415,-0.0659562146534
0.271184637865,-0.0661306390564
0.287762618732,-0.066133684219
0.304871639016,-0.0659653501412
0.322511698718,-0.065625636823
0.340682797838,-0.0651145442645
0.359082071289,-0.0645053953823
0.377406653985,-0.0638715130933
0.395656545927,-0.0632128973975
0.413831747114,-0.0625295482949
0.431932257546,-0.0618214657854
0.449958077223,-0.0610886498691
0.467909206145,-0.060331100546
0.485785644313,-0.0595488178161
0.503587391726,-0.0587418016794
0.521314448384,-0.0579100521358
0.538966814288,-0.0570535691854
0.556544489437,-0.0561723528282
0.574047473831,-0.0552664030642
0.59147576747,-0.0543357198933
0.608829370354,-0.0533803033156
0.626108282484,-0.0524001533311
0.643312503859,-0.0513952699398
0.660442034479,-0.0503656531417
0.677496874345,-0.0493113029367
0.694477023456,-0.0482322193249
0.711336494444,-0.0470747609772
0.728029299941,-0.0457852865643
0.744555439948,-0.0443637960864
0.760914914464,-0.0428102895433
0.77710772349,-0.0411247669351
0.793133867025,-0.0393072282619
0.808993345069,-0.0373576735235
0.824686157623,-0.03527610272
0.840212304686,-0.0330625158514
0.855571786258,-0.0307169129177
0.87076460234,-0.0282392939189
0.885790752932,-0.025629658855
0.900650238032,-0.022888007726
0.915343057642,-0.0200143405319
0.929869211762,-0.0170086572727
0.944228700391,-0.0138709579484
0.958421523529,-0.0106012425589
0.972447681177,-0.00719951110439
0.986307173334,-0.00366576358475
1.0,0.0
