1.0,0.0
0.989743041345,0.00699928451403
0.978900606938,0.0137689433299
0.967472696779,0.0203089764477
0.955459310867,0.0266193838674
0.942860449204,0.032700165589
0.929676111788,0.0385513216125
0.91590629862,0.0441728519378
0.9015510097,0.049564756565
0.886610245027,0.0547270354941
0.871084004602,0.0596596887251
0.854972288426,0.064362716258
0.838275096496,0.0688361180928
0.820992428815,0.0730798942294
0.803124285382,0.0770940446679
0.784670666196,0.0808785694084
0.765631571258,0.0844334684507
0.746007000568,0.0877587417948
0.725796954126,0.0908543894409
0.705001431931,0.0937204113889
0.683620433984,0.0963568076387
0.662147122108,0.0988380212963
0.641074658126,0.101238495467
0.620403042038,0.103558230152
0.600132273844,0.10579722535
0.580262353543,0.107955481062
0.560793281136,0.110032997288
0.541725056623,0.112029774027
0.523057680004,0.113945811279
0.504791151279,0.115781109046
0.486925470447,0.117535667325
0.46946063751,0.119209486119
0.452396652466,0.120802565426
0.435733515316,0.122314905246
0.41947122606,0.12374650558
0.403609784697,0.125097366428
0.388149191229,0.126367487789
0.373089445654,0.127556869664
0.358430547973,0.128665512052
0.344172498186,0.129693414954
0.330315296293,0.13064057837
0.316757753399,0.131427266102
0.303398680611,0.131973741955
0.290238077927,0.132280005928
0.277275945349,0.132346058022
0.264512282877,0.132171898235
0.251947090509,0.131757526569
0.239580368247,0.131102943024
0.22741211609,0.130208147598
0.215442334038,0.129073140293
0.203671022092,0.127697921108
0.19209818025,0.126082490043
0.180723808514,0.124226847099
0.169547906883,0.122130992275
0.158570475358,0.119794925571
0.147791513938,0.117218646988
0.137211022623,0.114402156525
0.126829001413,0.111345454182
0.116645450308,0.10804853996
0.106660369309,0.104511413857
0.0968737584147,0.100734075875
0.0874285669693,0.0968386972353
0.0784677443159,0.0929474491587
0.0699912904546,0.0890603316456
0.0619992053854,0.085177344696
0.0544914891083,0.0812984883099
0.0474681416232,0.0774237624873
0.0409291629302,0.0735531672282
0.0348745530293,0.0696867025325
0.0293043119204,0.0658243684003
0.0242184396037,0.0619661648317
0.019616936079,0.0581120918265
0.0154998013464,0.0542621493848
0.0118670354058,0.0504163375066
0.00871863825732,0.0465746561919
0.00605460990092,0.0427371054406
0.00387495033659,0.0389036852529
0.00217965956433,0.0350743956286
0.000968737584147,0.0312492365678
0.000242184396037,0.0274282080706
0.0,0.0236113101368
0.000206181083707,0.0198198962521
0.000824724334828,0.0160753199023
0.00185562975336,0.0123775810872
0.00329889733931,0.00872667980694
0.00515452709267,0.00512261606149
0.00742251901345,0.00156538985083
0.0101028731016,-0.00194499882503
0.0131955893572,-0.00540854996609
0.0167006677803,-0.00882526357235
0.0206181083707,-0.0121951396438
0.0249479111285,-0.0155181781805
0.0296900760538,-0.0187943791823
0.0348446031465,-0.0220237426494
0.0404114924066,-0.0252062685817
0.0463907438341,-0.0283419569791
0.052782357429,-0.0314308078418
0.0595863331913,-0.0344728211697
0.066802671121,-0.0374679969627
0.0744313712182,-0.040416335221
0.0824724334828,-0.0433178359445
0.0909804626101,-0.0461077200356
0.100010063296,-0.0487212083968
0.109561235539,-0.0511583010281
0.119633979341,-0.0534189979294
0.130228294701,-0.0555032991009
0.141344181619,-0.0574112045424
0.152981640095,-0.0591427142541
0.165140670129,-0.0606978282358
0.177821271722,-0.0620765464876
0.191023444872,-0.0632788690095
0.204747189581,-0.0643047958015
0.218992505848,-0.0651543268635
0.233759393673,-0.0658274621957
0.249047853056,-0.0663242017979
0.264857883997,-0.0666445456703
0.281189486496,-0.0667884938127
0.298042660554,-0.0667560462252
0.315417406169,-0.0665472029078
0.333313723343,-0.0661619638604
0.351731612075,-0.0656003290832
0.370352551259,-0.0649415027588
0.38885801979,-0.06426468907
0.407248017668,-0.0635698880168
0.425522544892,-0.0628570995992
0.443681601464,-0.0621263238172
0.461725187381,-0.0613775606707
0.479653302646,-0.0606108101599
0.497465947257,-0.0598260722847
0.515163121215,-0.059023347045
0.53274482452,-0.058202634441
0.550211057172,-0.0573639344725
0.56756181917,-0.0565072471397
0.584797110515,-0.0556325724424
0.601916931206,-0.0547399103807
0.618921281245,-0.0538292609547
0.63581016063,-0.0529006241642
0.652583569362,-0.0519540000093
0.66924150744,-0.05098938849
0.685783974865,-0.0500067896063
0.702210971637,-0.0490062033583
0.718506242581,-0.0479245869161
0.734653532523,-0.0466988974501
0.750652841461,-0.0453291349604
0.766504169397,-0.043815299447
0.78220751633,-0.0421573909097
0.79776288226,-0.0403554093488
0.813170267188,-0.038409354764
0.828429671113,-0.0363192271555
0.843541094035,-0.0340850265232
0.858504535955,-0.0317067528672
0.873319996871,-0.0291844061874
0.887987476785,-0.0265179864838
0.902506975697,-0.0237074937565
0.916878493605,-0.0207529280055
0.931102030511,-0.0176542892306
0.945177586414,-0.014411577432
0.959105161315,-0.0110247926097
0.972884755213,-0.00749393476353
0.986516368108,-0.00381900389365
1.0,0.0
