1.0,-0.0201254797645
0.98931635,-0.00907472806463
0.9785994,0.0014570841864
0.96784915,0.0114699569885
0.9570656,0.0209638903418
0.94624875,0.0299388842461
0.9353986,0.0383949387016
0.92451515,0.0463320537081
0.9135984,0.0537502292658
0.90264835,0.0606494653746
0.891665,0.0670297620345
0.88064835,0.0728911192455
0.8695984,0.0782335370076
0.85851515,0.0830570153209
0.8473986,0.0873615541852
0.83624875,0.0911471536007
0.8250656,0.0944138135672
0.81384915,0.0971615340849
0.8025994,0.0993903151537
0.79131635,0.101100156774
0.78,0.102291058945
0.7687419875,0.103236089189
0.75763395,0.10420831503
0.7466758875,0.105207736466
0.7358678,0.106234353499
0.7252096875,0.107288166128
0.71470155,0.108369174353
0.7043433875,0.109477378174
0.6941352,0.11061277759
0.6840769875,0.111775372603
0.67416875,0.112965163212
0.6644104875,0.114182149418
0.6548022,0.115426331219
0.6453438875,0.116697708616
0.63603555,0.117996281609
0.6268771875,0.119322050198
0.6178688,0.120675014383
0.6090103875,0.122055174165
0.60030195,0.123462529542
0.5917434875,0.124897080516
0.583335,0.126358827085
0.5750015,0.127860925527
0.566668,0.129416532117
0.5583345,0.131025646855
0.550001,0.132688269742
0.5416675,0.134404400777
0.533334,0.136174039961
0.5250005,0.137997187293
0.516667,0.139873842773
0.5083335,0.141804006402
0.5,0.143787678179
0.4916665,0.145824858105
0.483333,0.147915546178
0.4749995,0.150059742401
0.466666,0.152257446771
0.4583325,0.15450865929
0.449999,0.156813379958
0.4416655,0.159171608773
0.433332,0.161583345737
0.4249985,0.16404859085
0.416665,0.166567344111
0.4083315125,0.169000307686
0.39999805,0.171208183743
0.3916646125,0.173190972281
0.3833312,0.1749486733
0.3749978125,0.176481286799
0.36666445,0.17778881278
0.3583311125,0.178871251242
0.3499978,0.179728602186
0.3416645125,0.18036086561
0.33333125,0.180768041515
0.3249980125,0.180950129901
0.3166648,0.180907130769
0.3083316125,0.180639044117
0.29999845,0.180145869946
0.2916653125,0.179427608257
0.2833322,0.178484259049
0.2749991125,0.177315822321
0.26666605,0.175922298075
0.2583330125,0.17430368631
0.25,0.172459987026
0.2416669875,0.1704126804
0.23333395,0.16818324661
0.2250008875,0.165771685656
0.2166678,0.163177997537
0.2083346875,0.160402182254
0.20000155,0.157444239806
0.1916683875,0.154304170195
0.1833352,0.150981973419
0.1750019875,0.147477649478
0.16666875,0.143791198373
0.1583354875,0.139922620104
0.1500022,0.135871914671
0.1416688875,0.131639082073
0.13333555,0.127224122311
0.1250021875,0.122627035384
0.1166688,0.117847821294
0.1083353875,0.112886480039
0.10000195,0.107743011619
0.0916684875,0.102417416035
0.083335,0.0969096932872
0.0752098375,0.0913536368151
0.06750135,0.0858830400594
0.0602095375,0.0804979030202
0.0533344,0.0751982256974
0.0468759375,0.069984008091
0.04083415,0.0648552502011
0.0352090375,0.0598119520276
0.0300006,0.0548541135705
0.0252088375,0.0499817348298
0.02083375,0.0451948158056
0.0168753375,0.0404933564978
0.0133336,0.0358773569065
0.0102085375,0.0313468170315
0.00750015,0.026901736873
0.0052084375,0.022542116431
0.0033334,0.0182679557053
0.0018750375,0.0140792546961
0.00083335,0.00997601340331
0.0002083375,0.00595823182695
0.0,0.00202590996703
0.0002083375,-0.00184947421319
0.00083335,-0.00569644275043
0.0018750375,-0.00951499564469
0.0033334,-0.013305132896
0.0052084375,-0.0170668545043
0.00750015,-0.0208001604696
0.0102085375,-0.0245050507919
0.0133336,-0.0281815254712
0.0168753375,-0.0318295845076
0.02083375,-0.035449227901
0.0252088375,-0.0390404556514
0.0300006,-0.0426032677588
0.0352090375,-0.0461376642232
0.04083415,-0.0496436450447
0.0468759375,-0.0531212102231
0.0533344,-0.0565703597586
0.0602095375,-0.0599910936511
0.06750135,-0.0633834119006
0.0752098375,-0.0667473145072
0.083335,-0.0700828014707
0.0916684875,-0.0733838088406
0.10000195,-0.0766442726662
0.1083353875,-0.0798641929474
0.1166688,-0.0830435696843
0.1250021875,-0.0861824028769
0.13333555,-0.0892806925252
0.1416688875,-0.0923384386291
0.1500022,-0.0953556411887
0.1583354875,-0.098332300204
0.16666875,-0.101268415675
0.1750019875,-0.104163987602
0.1833352,-0.107019015984
0.1916683875,-0.109833500822
0.20000155,-0.112607442115
0.2083346875,-0.115340839865
0.2166678,-0.11803369407
0.2250008875,-0.12068600473
0.23333395,-0.123297771847
0.2416669875,-0.125868995419
0.25,-0.128399675446
0.2583330125,-0.130791141402
0.26666605,-0.132944722759
0.2749991125,-0.134860419516
0.2833322,-0.136538231675
0.2916653125,-0.137978159234
0.29999845,-0.139180202194
0.3083316125,-0.140144360554
0.3166648,-0.140870634316
0.3249980125,-0.141359023478
0.33333125,-0.141609528041
0.3416645125,-0.141622148005
0.3499978,-0.14139688337
0.3583311125,-0.140933734136
0.36666445,-0.140232700302
0.3749978125,-0.139293781869
0.3833312,-0.138116978837
0.3916646125,-0.136702291206
0.39999805,-0.135049718976
0.4083315125,-0.133159262146
0.416665,-0.131030920717
0.4249985,-0.12876502835
0.433332,-0.126461918706
0.4416655,-0.124121591785
0.449999,-0.121744047586
0.4583325,-0.119329286111
0.466666,-0.116877307358
0.4749995,-0.114388111328
0.483333,-0.111861698021
0.4916665,-0.109298067437
0.5,-0.106697219576
0.5083335,-0.104059154437
0.516667,-0.101383872021
0.5250005,-0.0986713723286
0.533334,-0.0959216553587
0.5416675,-0.0931347211115
0.550001,-0.0903105695873
0.5583345,-0.0874492007858
0.566668,-0.0845506147073
0.5750015,-0.0816148113515
0.583335,-0.0786417907186
0.5916684875,-0.0757107943533
0.60000195,-0.0729010638002
0.6083353875,-0.0702125990593
0.6166688,-0.0676454001307
0.6250021875,-0.0651994670143
0.63333555,-0.0628747997101
0.6416688875,-0.0606713982182
0.6500022,-0.0585892625385
0.6583354875,-0.0566283926711
0.66666875,-0.0547887886159
0.6750019875,-0.0530704503729
0.6833352,-0.0514733779422
0.6916683875,-0.0499975713237
0.70000155,-0.0486430305174
0.7083346875,-0.0474097555234
0.7166678,-0.0462977463416
0.7250008875,-0.0453070029721
0.73333395,-0.0444375254148
0.7416669875,-0.0436893136697
0.75,-0.0430623677369
0.75854135,-0.0424670281416
0.7674994,-0.0418136354091
0.77687415,-0.0411021895395
0.7866656,-0.0403326905326
0.79687375,-0.0395051383885
0.8074986,-0.0386195331073
0.81854015,-0.0376758746888
0.8299984,-0.0366741631332
0.84187335,-0.0356143984403
0.854165,-0.0344965806103
0.86687335,-0.0333207096431
0.8799984,-0.0320867855387
0.89354015,-0.0307948082971
0.9074986,-0.0294447779183
0.92187375,-0.0280366944023
0.9366656,-0.0265705577492
0.95187415,-0.0250463679588
0.9674994,-0.0234641250312
0.98354135,-0.0218238289665
1.0,-0.020125479764537407
