1.0,0.0
0.979975528826,0.00553859552958
0.960190466642,0.0109863975146
0.940644813449,0.0163434059552
0.921338569247,0.0216096208513
0.902271734035,0.0267850422028
0.883444307814,0.0318696700099
0.864856290583,0.0368635042724
0.846507682342,0.0417665449904
0.828398483092,0.0465787921639
0.810528692833,0.051300245793
0.792898311564,0.0559309058775
0.775507339285,0.0604707724175
0.758355775998,0.064919845413
0.7414436217,0.069278124864
0.724770876393,0.0735456107704
0.708337540077,0.0777223031324
0.692143612751,0.0818082019499
0.676189094416,0.0858033072228
0.660473985071,0.0897076189513
0.644998284716,0.0935211371352
0.629658273249,0.097186971115
0.614350230564,0.100648230231
0.599074156663,0.103904914483
0.583830051544,0.10695702387
0.568617915209,0.109804558394
0.553437747656,0.112447518054
0.538289548886,0.11488590285
0.5231733189,0.117119712782
0.508089057696,0.11914894785
0.493036765275,0.120973608054
0.478016441638,0.122593693394
0.463028086783,0.124009203871
0.448071700711,0.125220139483
0.433147283423,0.126226500231
0.418254834917,0.127028286115
0.403394355194,0.127625497136
0.388565844255,0.128018133292
0.373769302098,0.128206194585
0.359004728724,0.128189681013
0.344272124134,0.127968592578
0.329677037037,0.127584934688
0.315325016144,0.127080712756
0.301216061457,0.126455926779
0.287350172974,0.12571057676
0.273727350695,0.124844662696
0.260347594621,0.12385818459
0.247210904752,0.12275114244
0.234317281087,0.121523536246
0.221666723627,0.120175366009
0.209259232372,0.118706631728
0.197094807321,0.117117333404
0.185173448475,0.115407471036
0.173495155833,0.113577044625
0.162059929396,0.11162605417
0.150867769164,0.109554499672
0.139918675136,0.10736238113
0.129212647313,0.105049698545
0.118749685694,0.102616451916
0.10852979028,0.100062641244
0.0985529610707,0.0973882665287
0.0889440473663,0.0946287383903
0.0798278984672,0.0918194674499
0.0712045143736,0.0889604537076
0.0630738950852,0.0860516971633
0.0554360406022,0.0830931978171
0.0482909509246,0.0800849556689
0.0416386260524,0.0770269707188
0.0354790659854,0.0739192429667
0.0298122707239,0.0707617724127
0.0246382402677,0.0675545590567
0.0199569746168,0.0642976028987
0.0157684737713,0.0609909039388
0.0120727377312,0.057634462177
0.00886976649636,0.0542282776131
0.00615956006692,0.0507723502474
0.00394211844283,0.0472666800796
0.00221744162409,0.0437112671099
0.000985529610707,0.0401061113383
0.000246382402677,0.0364512127647
0.0,0.0327465713891
0.000253102400492,0.0290195492846
0.00101240960197,0.025297508524
0.00227792160443,0.0215804491073
0.00404963840787,0.0178683710345
0.0063275600123,0.0141612743057
0.00911168641771,0.0104591589209
0.0124020176241,0.00676202487995
0.0161985536315,0.00306987218297
0.0205012944398,-0.000617299170071
0.0253102400492,-0.00429948917917
0.0306253904595,-0.00797669784433
0.0364467456708,-0.0116489251656
0.0427743056831,-0.0153161711428
0.0496080704964,-0.0189784357762
0.0569480401107,-0.0226357190656
0.0647942145259,-0.026288021011
0.0731465937422,-0.0299353416125
0.0820051777594,-0.0335776808701
0.0913699665776,-0.0372150387838
0.101240960197,-0.0408474153535
0.111482931855,-0.0443764507108
0.121960654789,-0.0477037849875
0.132674128999,-0.0508294181835
0.143623354486,-0.0537533502987
0.154808331249,-0.0564755813333
0.166229059288,-0.0589961112871
0.177885538604,-0.0613149401602
0.189777769196,-0.0634320679526
0.201905751064,-0.0653474946643
0.214269484208,-0.0670612202953
0.226868968629,-0.0685732448456
0.239704204326,-0.0698835683152
0.252775191299,-0.0709921907041
0.266081929549,-0.0718991120123
0.279624419075,-0.0726043322397
0.293402659877,-0.0731078513865
0.307416651955,-0.0734096694525
0.32166639531,-0.0735097864379
0.336151889941,-0.0734082023425
0.350873135849,-0.0731049171664
0.365715385287,-0.0726530889765
0.38056389051,-0.0721058758397
0.395418651518,-0.0714632777559
0.410279668311,-0.0707252947251
0.42514694089,-0.0698919267475
0.440020469253,-0.0689631738229
0.454900253402,-0.0679390359513
0.469786293335,-0.0668195131328
0.484678589054,-0.0656046053673
0.499577140558,-0.0642943126549
0.514481947847,-0.0628886349956
0.529393010921,-0.0613875723893
0.54431032978,-0.0597911248361
0.559233904424,-0.058099292336
0.574163734853,-0.0563120748889
0.589099821067,-0.0544294724948
0.604042163067,-0.0524514851538
0.618990760851,-0.0503781128659
0.633945614421,-0.048209355631
0.648906723775,-0.0459452134492
0.664000482351,-0.043634107493
0.679353283582,-0.0413244589352
0.694965127471,-0.0390162677756
0.710836014015,-0.0367095340143
0.726965943216,-0.0344042576513
0.743354915074,-0.0321004386865
0.760002929587,-0.0297980771201
0.776909986758,-0.0274971729519
0.794076086584,-0.025197726182
0.811501229067,-0.0228997368104
0.829185414207,-0.0206032048371
0.847128642003,-0.0183081302621
0.865330912455,-0.0160145130853
0.883792225563,-0.0137223533069
0.902512581329,-0.0114316509267
0.92149197975,-0.00914240594477
0.940730420828,-0.00685461836115
0.960227904562,-0.00456828817582
0.979984430953,-0.00228341538877
1.0,0.0
