1.0,-0.0126787552835
0.98931635,-0.000575919866534
0.9785994,0.011003156302
0.96784915,0.0220584732219
0.9570656,0.0325900308934
0.94624875,0.0425978293164
0.9353986,0.0520818684909
0.92451515,0.0610421484169
0.9135984,0.0694786690943
0.90264835,0.0773914305233
0.891665,0.0847804327038
0.88064835,0.0916456756357
0.8695984,0.0979871593192
0.85851515,0.103804883754
0.8473986,0.109098848941
0.83624875,0.113869054879
0.8250656,0.118115501568
0.81384915,0.121838189009
0.8025994,0.125037117201
0.79131635,0.127712286145
0.78,0.129863695841
0.7687419875,0.131727558925
0.75763395,0.133540088037
0.7466758875,0.135301283177
0.7358678,0.137011144343
0.7252096875,0.138669671537
0.71470155,0.140276864757
0.7043433875,0.141832724006
0.6941352,0.143337249281
0.6840769875,0.144790440583
0.67416875,0.146192297913
0.6644104875,0.14754282127
0.6548022,0.148842010654
0.6453438875,0.150089866065
0.63603555,0.151286387503
0.6268771875,0.152431574969
0.6178688,0.153525428462
0.6090103875,0.154567947982
0.60030195,0.155559133529
0.5917434875,0.156498985104
0.583335,0.157387502706
0.5750015,0.158289100258
0.566668,0.159268191685
0.5583345,0.160324776986
0.550001,0.161458856161
0.5416675,0.162670429211
0.533334,0.163959496134
0.5250005,0.165326056933
0.516667,0.166770111605
0.5083335,0.168291660152
0.5,0.169890702572
0.4916665,0.171567238868
0.483333,0.173321269037
0.4749995,0.175152793081
0.466666,0.177061810999
0.4583325,0.179048322791
0.449999,0.181112328458
0.4416655,0.183253827998
0.433332,0.185472821414
0.4249985,0.187769308703
0.416665,0.190143289867
0.4083315125,0.192405464336
0.39999805,0.194366531544
0.3916646125,0.196026491491
0.3833312,0.197385344175
0.3749978125,0.198443089597
0.36666445,0.199199727758
0.3583311125,0.199655258657
0.3499978,0.199809682294
0.3416645125,0.199662998669
0.33333125,0.199215207783
0.3249980125,0.198466309634
0.3166648,0.197416304224
0.3083316125,0.196065191552
0.29999845,0.194412971618
0.2916653125,0.192459644422
0.2833322,0.190205209964
0.2749991125,0.187649668245
0.26666605,0.184793019264
0.2583330125,0.18163526302
0.25,0.178176399515
0.2416669875,0.174518396674
0.23333395,0.170763222423
0.2250008875,0.166910876761
0.2166678,0.162961359689
0.2083346875,0.158914671206
0.20000155,0.154770811313
0.1916683875,0.150529780009
0.1833352,0.146191577295
0.1750019875,0.14175620317
0.16666875,0.137223657635
0.1583354875,0.13259394069
0.1500022,0.127867052334
0.1416688875,0.123042992568
0.13333555,0.118121761391
0.1250021875,0.113103358804
0.1166688,0.107987784807
0.1083353875,0.102775039399
0.10000195,0.0974651225807
0.0916684875,0.0920580343519
0.083335,0.0865537747127
0.0752098375,0.081038251368
0.06750135,0.0755973720225
0.0602095375,0.0702311366763
0.0533344,0.0649395453294
0.0468759375,0.0597225979817
0.04083415,0.0545802946334
0.0352090375,0.0495126352843
0.0300006,0.0445196199345
0.0252088375,0.039601248584
0.02083375,0.0347575212327
0.0168753375,0.0299884378808
0.0133336,0.0252939985281
0.0102085375,0.0206742031747
0.00750015,0.0161290518206
0.0052084375,0.0116585444657
0.0033334,0.00726268111015
0.0018750375,0.00294146175387
0.00083335,-0.00130511360313
0.0002083375,-0.00547704496085
0.0,-0.00957433231929
0.0002083375,-0.0136225271456
0.00083335,-0.017647180907
0.0018750375,-0.0216482936035
0.0033334,-0.025625865235
0.0052084375,-0.0295798958016
0.00750015,-0.0335103853033
0.0102085375,-0.03741733374
0.0133336,-0.0413007411118
0.0168753375,-0.0451606074186
0.02083375,-0.0489969326605
0.0252088375,-0.0528097168375
0.0300006,-0.0565989599496
0.0352090375,-0.0603646619967
0.04083415,-0.0641068229789
0.0468759375,-0.0678254428961
0.0533344,-0.0715205217484
0.0602095375,-0.0751920595358
0.06750135,-0.0788400562582
0.0752098375,-0.0824645119157
0.083335,-0.0860654265083
0.0916684875,-0.089592325689
0.10000195,-0.0929947351109
0.1083353875,-0.0962726547741
0.1166688,-0.0994260846785
0.1250021875,-0.102455024824
0.13333555,-0.105359475211
0.1416688875,-0.108139435839
0.1500022,-0.110794906708
0.1583354875,-0.113325887819
0.16666875,-0.115732379171
0.1750019875,-0.118014380764
0.1833352,-0.120171892598
0.1916683875,-0.122204914673
0.20000155,-0.12411344699
0.2083346875,-0.125897489548
0.2166678,-0.127557042347
0.2250008875,-0.129092105387
0.23333395,-0.130502678669
0.2416669875,-0.131788762192
0.25,-0.132950355956
0.2583330125,-0.133984230755
0.26666605,-0.134887157384
0.2749991125,-0.135659135842
0.2833322,-0.13630016613
0.2916653125,-0.136810248246
0.29999845,-0.137189382193
0.3083316125,-0.137437567968
0.3166648,-0.137554805573
0.3249980125,-0.137541095007
0.33333125,-0.137396436271
0.3416645125,-0.137120829364
0.3499978,-0.136714274287
0.3583311125,-0.136176771038
0.36666445,-0.135508319619
0.3749978125,-0.13470892003
0.3833312,-0.13377857227
0.3916646125,-0.132717276339
0.39999805,-0.131525032238
0.4083315125,-0.130201839966
0.416665,-0.128747699523
0.4249985,-0.127232851068
0.433332,-0.12572753476
0.4416655,-0.124231750598
0.449999,-0.122745498583
0.4583325,-0.121268778714
0.466666,-0.119801590991
0.4749995,-0.118343935415
0.483333,-0.116895811986
0.4916665,-0.115457220703
0.5,-0.114028161566
0.5083335,-0.112608634575
0.516667,-0.111198639732
0.5250005,-0.109798177034
0.533334,-0.108407246483
0.5416675,-0.107025848079
0.550001,-0.10565398182
0.5583345,-0.104291647709
0.566668,-0.102938845743
0.5750015,-0.101595575925
0.583335,-0.100261838252
0.5916684875,-0.0989026291934
0.60000195,-0.0974829452149
0.6083353875,-0.0960027863168
0.6166688,-0.0944621524992
0.6250021875,-0.092861043762
0.63333555,-0.0911994601053
0.6416688875,-0.089477401529
0.6500022,-0.0876948680331
0.6583354875,-0.0858518596176
0.66666875,-0.0839483762826
0.6750019875,-0.0819844180281
0.6833352,-0.0799599848539
0.6916683875,-0.0778750767602
0.70000155,-0.0757296937469
0.7083346875,-0.0735238358141
0.7166678,-0.0712575029617
0.7250008875,-0.0689306951898
0.73333395,-0.0665434124982
0.7416669875,-0.0640956548871
0.75,-0.0615874223565
0.75854135,-0.0590536041979
0.7674994,-0.056529089703
0.77687415,-0.0540138788717
0.7866656,-0.0515079717042
0.79687375,-0.0490113682003
0.8074986,-0.0465240683601
0.81854015,-0.0440460721836
0.8299984,-0.0415773796707
0.84187335,-0.0391179908216
0.854165,-0.0366679056361
0.86687335,-0.0342271241143
0.8799984,-0.0317956462561
0.89354015,-0.0293734720617
0.9074986,-0.0269606015309
0.92187375,-0.0245570346638
0.9366656,-0.0221627714604
0.95187415,-0.0197778119207
0.9674994,-0.0174021560446
0.98354135,-0.0150358038322
1.0,-0.012678755283530902
