1.0,0.0
0.988496383536,0.0070428722549
0.976508712056,0.0138572688772
0.96403698556,0.0204431898669
0.951081204047,0.0268006352241
0.937641367518,0.0329296049486
0.923717475972,0.0388300990405
0.90930952941,0.0445021174999
0.894417527832,0.0499456603266
0.879041471238,0.0551607275208
0.863181359627,0.0601473190824
0.846837193,0.0649054350114
0.830008971356,0.0694350753078
0.812696694696,0.0737362399716
0.79490036302,0.0778089290028
0.776619976327,0.0816531424014
0.757855534618,0.0852688801674
0.738607037893,0.0886561423009
0.718874486151,0.0918149288017
0.698657879393,0.09474523967
0.677957217619,0.0974470749056
0.657203669754,0.0999932535463
0.636828404724,0.10245659463
0.616831422529,0.104837098156
0.59721272317,0.107134764124
0.577972306645,0.109349592536
0.559110172956,0.11148158339
0.540626322102,0.113530736686
0.522520754082,0.115497052425
0.504793468898,0.117380530607
0.487444466549,0.119181171232
0.470473747036,0.120898974299
0.453881310357,0.122533939809
0.437667156513,0.124086067762
0.421831285505,0.125555358157
0.406373697332,0.126941810995
0.391294391993,0.128245426275
0.37659336949,0.129466203998
0.362270629822,0.130604144164
0.34832617299,0.131659246772
0.334759998992,0.132631511823
0.321466155135,0.133437200821
0.308338688724,0.133992575268
0.295377599758,0.134297635165
0.282582888239,0.134352380512
0.269954554166,0.134156811309
0.257492597539,0.133710927556
0.245197018358,0.133014729253
0.233067816623,0.1320682164
0.221104992335,0.130871388996
0.209308545492,0.129424247043
0.197678476095,0.127726790539
0.186214784144,0.125779019485
0.174917469639,0.123580933882
0.163786532581,0.121132533728
0.152821972968,0.118433819024
0.142023790801,0.11548478977
0.131391986081,0.112285445965
0.120926558806,0.108835787611
0.110627508978,0.105135814707
0.100494836595,0.101185527252
0.090696590027,0.0971222817461
0.081400817642,0.0930834346873
0.0726075194399,0.0890689860756
0.0643166954208,0.0850789359111
0.0565283455847,0.0811132841938
0.0492424699316,0.0771720309236
0.0424590684614,0.0732551761005
0.0361781411742,0.0693627197246
0.03039968807,0.0654946617959
0.0251237091488,0.0616510023143
0.0203502044105,0.0578317412799
0.0160791738552,0.0540368786926
0.0123106174829,0.0502664145525
0.00904453529355,0.0465203488596
0.00628092728719,0.0427986816138
0.0040197934638,0.0391014128151
0.00226113382339,0.0354285424636
0.00100494836595,0.0317800705593
0.000251237091488,0.0281559971021
0.0,0.024556322092
0.000200408999602,0.0209864173631
0.00080163599841,0.0174516547491
0.00180368099642,0.0139520342501
0.00320654399364,0.010487555866
0.00501022499006,0.00705821959698
0.00721472398569,0.0036640254429
0.00982004098052,0.000304973403788
0.0128261759746,-0.00301893652034
0.0162331289678,-0.0063077043295
0.0200408999602,-0.00956133002368
0.0242494889519,-0.0127798136029
0.0288588959428,-0.0159631550671
0.0338691209328,-0.0191113544164
0.0392801639221,-0.0222244116506
0.0450920249106,-0.0253023267699
0.0513047038982,-0.0283450997743
0.0579182008851,-0.0313527306636
0.0649325158712,-0.034325219438
0.0723476488565,-0.0372625660974
0.080163599841,-0.0401647706418
0.0884545184372,-0.0429656376898
0.0972945542575,-0.0455989718598
0.106683707302,-0.0480647731519
0.116621977571,-0.0503630415662
0.127109365063,-0.0524937771024
0.13814586978,-0.0544569797608
0.149731491722,-0.0562526495413
0.161866230887,-0.0578807864438
0.174550087276,-0.0593413904684
0.18778306089,-0.0606344616151
0.201565151728,-0.0617599998839
0.21589635979,-0.0627180052747
0.230776685076,-0.0635084777877
0.246206127586,-0.0641314174227
0.26218468732,-0.0645868241798
0.278712364279,-0.0648746980589
0.295789158462,-0.0649950390602
0.313415069868,-0.0649478471835
0.331590098499,-0.0647331224289
0.350314244355,-0.0643508647964
0.369243316596,-0.0638728240969
0.388033124385,-0.0633707501414
0.406683667722,-0.0628446429299
0.425194946607,-0.0622945024623
0.44356696104,-0.0617203287386
0.461799711021,-0.061122121759
0.479893196549,-0.0604998815233
0.497847417626,-0.0598536080315
0.51566237425,-0.0591833012838
0.533338066423,-0.05848896128
0.550874494143,-0.0577705880201
0.568271657411,-0.0570281815043
0.585529556228,-0.0562617417323
0.602648190592,-0.0554712687044
0.619627560504,-0.0546567624204
0.636467665964,-0.0538182228804
0.653168506971,-0.0529556500843
0.669730083527,-0.0520690440323
0.686152395631,-0.0511584047241
0.702435443282,-0.05022373216
0.718582099328,-0.049198818097
0.734595236615,-0.0480174542925
0.750474855143,-0.0466796407463
0.766220954912,-0.0451853774586
0.781833535923,-0.0435346644293
0.797312598174,-0.0417275016584
0.812658141666,-0.039763889146
0.827870166399,-0.0376438268919
0.842948672374,-0.0353673148963
0.857893659589,-0.0329343531591
0.872705128045,-0.0303449416803
0.887383077743,-0.0275990804599
0.901927508681,-0.024696769498
0.916338420861,-0.0216380087944
0.930615814281,-0.0184227983493
0.944759688943,-0.0150511381626
0.958770044846,-0.0115230282343
0.972646881989,-0.00783846856448
0.986390200374,-0.00399745915303
1.0,0.0
