1.0,0.0
0.989040045189,0.00697356021298
0.977620033459,0.0137260081156
0.965739964809,0.0202573437079
0.953399839241,0.0265675669899
0.940599656753,0.0326566779615
0.927339417346,0.0385246766228
0.91361912102,0.0441715629737
0.899438767775,0.0495973370143
0.884798357611,0.0548019987446
0.869697890527,0.0597855481645
0.854137366525,0.0645479852741
0.838116785603,0.0690893100734
0.821636147762,0.0734095225623
0.804695453002,0.0775086227408
0.787294701322,0.0813866106091
0.769433892724,0.085043486167
0.751113027206,0.0884792494145
0.73233210477,0.0916939003517
0.713091125414,0.0946874389786
0.693390089139,0.0974598652951
0.673598202754,0.10006819705
0.65408467307,0.102569451991
0.634849500085,0.104963630119
0.615892683801,0.107250731433
0.597214224218,0.109430755934
0.578814121334,0.111503703622
0.56069237515,0.113469574496
0.542848985667,0.115328368557
0.525283952884,0.117080085805
0.507997276801,0.118724726239
0.490988957418,0.12026228986
0.474258994736,0.121692776667
0.457807388753,0.123016186661
0.441634139471,0.124232519841
0.425739246889,0.125341776208
0.410122711007,0.126343955762
0.394784531826,0.127239058502
0.379724709344,0.128027084429
0.364943243563,0.128708033543
0.350440134482,0.129281905843
0.336176800985,0.12969921193
0.322114661957,0.129910462405
0.308253717398,0.129915657268
0.294593967307,0.129714796518
0.281135411685,0.129307880157
0.267878050531,0.128694908183
0.254821883846,0.127875880597
0.24196691163,0.126850797399
0.229313133882,0.125619658588
0.216860550603,0.124182464165
0.204609161793,0.12253921413
0.192558967451,0.120689908483
0.180709967578,0.118634547224
0.169062162173,0.116373130352
0.157615551237,0.113905657868
0.14637013477,0.111232129772
0.135325912771,0.108352546064
0.124482885241,0.105266906743
0.113841052179,0.10197521181
0.103400413586,0.0984774612651
0.0933188732615,0.0948754994494
0.0837543350048,0.0912711707046
0.074706798816,0.0876644750306
0.0661762646951,0.0840554124275
0.0581627326422,0.0804439828953
0.0506662026572,0.076830186434
0.0436866747401,0.0732140230435
0.037224148891,0.0695954927239
0.0312786251098,0.0659745954752
0.0258501033965,0.0623513312974
0.0209385837512,0.0587257001904
0.0165440661738,0.0550977021543
0.0126665506643,0.0514673371891
0.00930603722275,0.0478346052947
0.00646252584913,0.0441995064712
0.00413601654345,0.0405620407186
0.00232650930569,0.0369222080369
0.00103400413586,0.033280008426
0.000258501033965,0.029635441886
0.0,0.0259885084169
0.000212526077494,0.0223483434495
0.000850104309976,0.0187240824147
0.00191273469745,0.0151157253125
0.0034004172399,0.0115232721429
0.00531315193735,0.00794672290593
0.00765093878978,0.00438607760151
0.0104137777972,0.000841336229687
0.0136016689596,-0.00268750120955
0.017214612277,-0.00620043471619
0.0212526077494,-0.00969746429024
0.0257156553768,-0.0131785899317
0.0306037551591,-0.0166438116406
0.0359169070965,-0.0200931294168
0.0416551111888,-0.0235265432605
0.0478183674362,-0.0269440531716
0.0544066758385,-0.0303456591501
0.0614200363958,-0.033731361196
0.0688584491081,-0.0371011593093
0.0767219139753,-0.04045505349
0.0850104309976,-0.0437930437381
0.0937026526783,-0.0470184225854
0.102777231521,-0.0500344825637
0.112234167525,-0.0528412236729
0.122073460692,-0.055438645913
0.13229511102,-0.0578267492841
0.14289911851,-0.0600055337861
0.153885483162,-0.061974999419
0.165254204975,-0.0637351461829
0.177005283951,-0.0652859740778
0.189138720089,-0.0666274831036
0.201654513388,-0.0677596732603
0.214552663849,-0.068682544548
0.227833171472,-0.0693960969666
0.241496036257,-0.0699003305161
0.255541258204,-0.0701952451966
0.269968837313,-0.0702808410081
0.284778773583,-0.0701571179505
0.299971067016,-0.0698240760238
0.31554571761,-0.0692817152281
0.331502725366,-0.0685300355633
0.347699084909,-0.067663676215
0.363991790861,-0.0667772763688
0.380380843223,-0.0658708360246
0.396866241995,-0.0649443551825
0.413447987177,-0.0639978338424
0.430126078769,-0.0630312720044
0.446900516771,-0.0620446696685
0.463771301183,-0.0610380268346
0.480738432005,-0.0600113435028
0.497801909237,-0.058964619673
0.514961732879,-0.0578978553453
0.532217902931,-0.0568110505197
0.549570419393,-0.0557042051961
0.567019282265,-0.0545773193746
0.584564491546,-0.0534303930551
0.602206047238,-0.0522634262377
0.61994394934,-0.0510764189223
0.637778197852,-0.049869371109
0.655708792774,-0.0486422827977
0.673735734106,-0.0473951539886
0.69172275358,-0.0460823744983
0.709533582931,-0.044658334144
0.727168222157,-0.0431230329255
0.744626671259,-0.0414764708429
0.761908930237,-0.0397186478962
0.779014999091,-0.0378495640853
0.79594487782,-0.0358692194103
0.812698566426,-0.0337776138712
0.829276064907,-0.031574747468
0.845677373263,-0.0292606202006
0.861902491496,-0.0268352320691
0.877951419604,-0.0242985830735
0.893824157589,-0.0216506732138
0.909520705449,-0.0188915024899
0.925041063184,-0.0160210709019
0.940385230796,-0.0130393784498
0.955553208283,-0.00994642513351
0.970544995646,-0.00674221095314
0.985360592885,-0.00342673590863
1.0,0.0
