  
       XFOIL         Version 6.99
  
 Calculated polar for: G31A4                                           
  
 1 1 Reynolds number fixed          Mach number fixed         
  
 xtrf =   1.000 (top)        1.000 (bottom)  
 Mach =   0.000     Re =     0.200 e 6     Ncrit =   9.000
  
   alpha    CL        CD       CDp       CM     Top_Xtr  Bot_Xtr
  ------ -------- --------- --------- -------- -------- --------
 -13.000  -1.1896   0.02924   0.02214  -0.0282   1.0000   0.1038
 -12.750  -1.2129   0.02802   0.02091  -0.0206   1.0000   0.1107
 -12.500  -1.2392   0.02687   0.01981  -0.0120   1.0000   0.1216
 -12.250  -1.2658   0.02557   0.01868  -0.0033   1.0000   0.1459
 -12.000  -1.2854   0.02427   0.01770   0.0043   1.0000   0.1929
 -11.750  -1.2892   0.02373   0.01729   0.0097   1.0000   0.2297
 -11.500  -1.2839   0.02357   0.01708   0.0137   1.0000   0.2492
 -11.250  -1.2760   0.02352   0.01696   0.0172   1.0000   0.2621
 -11.000  -1.2667   0.02360   0.01705   0.0206   1.0000   0.2720
 -10.750  -1.2565   0.02362   0.01693   0.0237   1.0000   0.2809
 -10.500  -1.2440   0.02379   0.01710   0.0265   1.0000   0.2874
  -9.750  -1.1211   0.02618   0.01908   0.0186   0.9729   0.3122
  -9.500  -1.0838   0.02672   0.01971   0.0168   0.9656   0.3174
  -9.250  -1.0528   0.02703   0.01994   0.0161   0.9595   0.3228
  -9.000  -1.0281   0.02717   0.01983   0.0166   0.9527   0.3287
  -8.750  -0.9957   0.02731   0.02009   0.0157   0.9469   0.3331
  -8.500  -0.9569   0.02781   0.02058   0.0136   0.9431   0.3386
  -8.250  -0.9398   0.02767   0.02030   0.0156   0.9345   0.3438
  -8.000  -0.9057   0.02777   0.02039   0.0143   0.9301   0.3495
  -7.750  -0.8627   0.02818   0.02084   0.0114   0.9274   0.3547
  -7.500  -0.8498   0.02775   0.02034   0.0142   0.9178   0.3579
  -7.250  -0.8150   0.02759   0.02001   0.0128   0.9140   0.3620
  -6.750  -0.7620   0.02687   0.01918   0.0130   0.9014   0.3683
  -6.500  -0.7223   0.02666   0.01896   0.0106   0.8983   0.3715
  -6.250  -0.6814   0.02651   0.01875   0.0081   0.8959   0.3754
  -6.000  -0.6704   0.02618   0.01834   0.0113   0.8852   0.3786
  -5.750  -0.6325   0.02595   0.01795   0.0094   0.8820   0.3827
  -5.500  -0.5918   0.02548   0.01749   0.0068   0.8796   0.3864
  -5.250  -0.5770   0.02516   0.01718   0.0093   0.8690   0.3890
  -5.000  -0.5364   0.02482   0.01683   0.0069   0.8661   0.3928
  -4.750  -0.5009   0.02450   0.01645   0.0055   0.8622   0.3966
  -4.500  -0.4832   0.02428   0.01615   0.0075   0.8525   0.4004
  -4.250  -0.4431   0.02377   0.01559   0.0053   0.8497   0.4042
  -4.000  -0.3988   0.02323   0.01511   0.0022   0.8480   0.4082
  -3.500  -0.3451   0.02258   0.01444   0.0028   0.8337   0.4153
  -3.250  -0.3046   0.02212   0.01392   0.0006   0.8317   0.4200
  -2.750  -0.2492   0.02131   0.01315   0.0009   0.8177   0.4272
  -2.500  -0.2071   0.02072   0.01260  -0.0016   0.8157   0.4313
  -2.250  -0.1642   0.02010   0.01197  -0.0042   0.8143   0.4361
  -1.750  -0.1094   0.01925   0.01112  -0.0035   0.7999   0.4444
  -1.500  -0.0646   0.01851   0.01045  -0.0065   0.7982   0.4490
  -1.250  -0.0174   0.01778   0.00976  -0.0099   0.7966   0.4542
  -1.000  -0.0036   0.01763   0.00960  -0.0070   0.7837   0.4582
  -0.750   0.0452   0.01688   0.00888  -0.0108   0.7809   0.4637
  -0.500   0.0673   0.01660   0.00867  -0.0094   0.7693   0.4683
  -0.250   0.1169   0.01594   0.00804  -0.0135   0.7643   0.4744
   0.000   0.1446   0.01569   0.00778  -0.0133   0.7525   0.4795
   0.250   0.2015   0.01499   0.00715  -0.0190   0.7453   0.4867
   0.500   0.2288   0.01478   0.00697  -0.0187   0.7307   0.4931
   0.750   0.2620   0.01458   0.00674  -0.0197   0.7164   0.5003
   1.000   0.3001   0.01429   0.00653  -0.0218   0.7020   0.5082
   1.250   0.3369   0.01414   0.00635  -0.0236   0.6870   0.5176
   1.500   0.3724   0.01399   0.00624  -0.0252   0.6717   0.5285
   1.750   0.4018   0.01395   0.00620  -0.0256   0.6561   0.5418
   2.000   0.4194   0.01394   0.00627  -0.0235   0.6405   0.5576
   2.250   0.4368   0.01390   0.00636  -0.0214   0.6257   0.5799
   2.500   0.4541   0.01373   0.00644  -0.0193   0.6121   0.6257
   3.000   0.6502   0.01491   0.00857  -0.0481   0.5720   0.9144
   3.250   0.6894   0.01555   0.00914  -0.0502   0.5577   0.9331
   3.500   0.7420   0.01619   0.00969  -0.0552   0.5428   0.9445
   3.750   0.7837   0.01669   0.01015  -0.0581   0.5286   0.9558
   4.000   0.8207   0.01715   0.01061  -0.0602   0.5149   0.9672
   4.250   0.8734   0.01754   0.01096  -0.0656   0.5008   0.9740
   4.500   0.9142   0.01788   0.01123  -0.0687   0.4866   0.9822
   4.750   0.9547   0.01810   0.01138  -0.0718   0.4704   0.9895
   5.000   0.9952   0.01825   0.01150  -0.0750   0.4538   0.9973
   5.250   1.0109   0.01838   0.01168  -0.0731   0.4413   1.0000
   5.500   1.0175   0.01860   0.01185  -0.0693   0.4315   1.0000
   5.750   1.0204   0.01878   0.01204  -0.0648   0.4217   1.0000
   6.000   1.0257   0.01901   0.01224  -0.0609   0.4121   1.0000
   6.250   1.0280   0.01923   0.01244  -0.0563   0.4019   1.0000
   6.500   1.0314   0.01946   0.01270  -0.0519   0.3920   1.0000
   6.750   1.0365   0.01973   0.01292  -0.0480   0.3826   1.0000
   7.000   1.0389   0.01998   0.01322  -0.0435   0.3727   1.0000
   7.250   1.0449   0.02029   0.01348  -0.0398   0.3636   1.0000
   7.500   1.0470   0.02057   0.01384  -0.0354   0.3533   1.0000
   7.750   1.0509   0.02093   0.01416  -0.0314   0.3435   1.0000
   8.000   1.0539   0.02127   0.01455  -0.0273   0.3328   1.0000
   8.250   1.0571   0.02167   0.01497  -0.0232   0.3216   1.0000
   8.500   1.0588   0.02216   0.01541  -0.0191   0.3103   1.0000
   8.750   1.0608   0.02265   0.01594  -0.0150   0.2967   1.0000
   9.000   1.0620   0.02324   0.01654  -0.0110   0.2815   1.0000
   9.250   1.0609   0.02397   0.01724  -0.0068   0.2637   1.0000
   9.500   1.0576   0.02489   0.01808  -0.0024   0.2418   1.0000
   9.750   1.0498   0.02612   0.01918   0.0023   0.2122   1.0000
  10.000   1.0376   0.02776   0.02061   0.0073   0.1739   1.0000
  10.250   1.0228   0.02976   0.02237   0.0121   0.1413   1.0000
  10.500   1.0111   0.03180   0.02424   0.0162   0.1214   1.0000
  10.750   1.0027   0.03378   0.02615   0.0197   0.1099   1.0000
  11.000   0.9952   0.03584   0.02816   0.0228   0.1021   1.0000
  11.250   0.9917   0.03776   0.03010   0.0253   0.0961   1.0000
  11.500   0.9855   0.03998   0.03229   0.0277   0.0912   1.0000
  11.750   0.9834   0.04200   0.03434   0.0297   0.0872   1.0000
  12.000   0.9829   0.04398   0.03636   0.0313   0.0831   1.0000
  12.250   0.9782   0.04634   0.03864   0.0331   0.0797   1.0000
  12.500   0.9820   0.04811   0.04050   0.0343   0.0768   1.0000
  12.750   0.9846   0.05001   0.04244   0.0354   0.0739   1.0000
  13.000   0.9862   0.05198   0.04435   0.0366   0.0711   1.0000
