  
       XFOIL         Version 6.99
  
 Calculated polar for: G15A2                                           
  
 1 1 Reynolds number fixed          Mach number fixed         
  
 xtrf =   1.000 (top)        1.000 (bottom)  
 Mach =   0.000     Re =     0.200 e 6     Ncrit =   9.000
  
   alpha    CL        CD       CDp       CM     Top_Xtr  Bot_Xtr
  ------ -------- --------- --------- -------- -------- --------
 -13.000  -1.1336   0.02651   0.01970  -0.0343   1.0000   0.1356
 -12.750  -1.1372   0.02468   0.01812  -0.0327   0.9925   0.1714
 -12.500  -1.1388   0.02358   0.01726  -0.0295   0.9837   0.2142
 -12.250  -1.1232   0.02311   0.01685  -0.0285   0.9770   0.2462
 -12.000  -1.1013   0.02291   0.01656  -0.0280   0.9706   0.2668
 -11.500  -1.0550   0.02279   0.01638  -0.0271   0.9584   0.2921
 -11.250  -1.0230   0.02277   0.01624  -0.0281   0.9541   0.3030
 -11.000  -1.0016   0.02280   0.01623  -0.0271   0.9477   0.3110
 -10.750  -0.9767   0.02271   0.01601  -0.0267   0.9415   0.3188
 -10.500  -0.9404   0.02279   0.01609  -0.0283   0.9382   0.3265
 -10.250  -0.9245   0.02274   0.01584  -0.0262   0.9305   0.3334
 -10.000  -0.8943   0.02275   0.01592  -0.0266   0.9254   0.3397
  -9.750  -0.8591   0.02276   0.01585  -0.0280   0.9220   0.3474
  -9.500  -0.8214   0.02264   0.01564  -0.0299   0.9198   0.3546
  -9.250  -0.8114   0.02268   0.01571  -0.0265   0.9097   0.3590
  -9.000  -0.7781   0.02260   0.01554  -0.0275   0.9060   0.3660
  -8.750  -0.7413   0.02238   0.01525  -0.0292   0.9036   0.3730
  -8.500  -0.6987   0.02237   0.01530  -0.0318   0.9021   0.3802
  -8.250  -0.6961   0.02236   0.01520  -0.0271   0.8904   0.3850
  -8.000  -0.6614   0.02198   0.01469  -0.0284   0.8875   0.3906
  -7.750  -0.6189   0.02157   0.01434  -0.0311   0.8859   0.3949
  -7.500  -0.5768   0.02120   0.01393  -0.0338   0.8845   0.3996
  -6.750  -0.4961   0.02025   0.01281  -0.0333   0.8685   0.4127
  -6.500  -0.4520   0.01987   0.01243  -0.0363   0.8673   0.4175
  -6.250  -0.4071   0.01947   0.01196  -0.0396   0.8661   0.4228
  -5.750  -0.3679   0.01904   0.01144  -0.0363   0.8515   0.4311
  -5.500  -0.3231   0.01863   0.01107  -0.0395   0.8499   0.4360
  -5.250  -0.2793   0.01824   0.01064  -0.0426   0.8482   0.4413
  -4.750  -0.2377   0.01790   0.01023  -0.0398   0.8339   0.4501
  -4.500  -0.1948   0.01751   0.00988  -0.0426   0.8315   0.4553
  -4.250  -0.1512   0.01713   0.00948  -0.0455   0.8293   0.4608
  -4.000  -0.1454   0.01723   0.00953  -0.0412   0.8188   0.4649
  -3.750  -0.1084   0.01687   0.00918  -0.0429   0.8148   0.4702
  -3.500  -0.0665   0.01651   0.00886  -0.0456   0.8118   0.4758
  -3.250  -0.0445   0.01645   0.00880  -0.0444   0.8049   0.4810
  -3.000  -0.0209   0.01636   0.00865  -0.0435   0.7980   0.4862
  -2.750   0.0183   0.01600   0.00836  -0.0457   0.7941   0.4921
  -2.500   0.0611   0.01572   0.00809  -0.0485   0.7908   0.4989
  -2.250   0.0676   0.01584   0.00822  -0.0443   0.7807   0.5042
  -2.000   0.1029   0.01557   0.00798  -0.0457   0.7758   0.5103
  -1.750   0.1447   0.01532   0.00775  -0.0484   0.7721   0.5179
  -1.500   0.1529   0.01543   0.00790  -0.0445   0.7624   0.5246
  -1.250   0.1865   0.01520   0.00774  -0.0455   0.7570   0.5323
  -1.000   0.2231   0.01503   0.00757  -0.0472   0.7520   0.5416
  -0.750   0.2358   0.01503   0.00765  -0.0441   0.7424   0.5497
  -0.500   0.2722   0.01477   0.00743  -0.0456   0.7362   0.5613
  -0.250   0.2913   0.01473   0.00749  -0.0438   0.7278   0.5724
   0.250   0.3539   0.01443   0.00730  -0.0449   0.7147   0.6030
   0.500   0.3634   0.01446   0.00749  -0.0412   0.7052   0.6189
   0.750   0.3943   0.01431   0.00742  -0.0416   0.6986   0.6408
   1.000   0.4127   0.01431   0.00755  -0.0395   0.6906   0.6634
   1.250   0.4347   0.01424   0.00757  -0.0382   0.6824   0.6880
   1.500   0.4661   0.01415   0.00757  -0.0386   0.6758   0.7127
   1.750   0.4787   0.01416   0.00775  -0.0354   0.6663   0.7361
   2.000   0.5116   0.01408   0.00772  -0.0361   0.6591   0.7613
   2.250   0.5254   0.01413   0.00793  -0.0330   0.6497   0.7847
   2.500   0.5556   0.01409   0.00794  -0.0332   0.6415   0.8081
   2.750   0.5752   0.01416   0.00812  -0.0313   0.6321   0.8306
   3.000   0.6068   0.01417   0.00818  -0.0318   0.6228   0.8518
   3.250   0.6319   0.01430   0.00841  -0.0311   0.6126   0.8731
   3.500   0.6749   0.01441   0.00851  -0.0339   0.6023   0.8896
   3.750   0.7053   0.01461   0.00881  -0.0343   0.5894   0.9056
   4.000   0.7406   0.01477   0.00897  -0.0357   0.5748   0.9193
   4.250   0.7716   0.01491   0.00909  -0.0362   0.5576   0.9334
   4.500   0.8102   0.01517   0.00933  -0.0385   0.5379   0.9423
   4.750   0.8445   0.01548   0.00962  -0.0399   0.5198   0.9532
   5.000   0.8759   0.01579   0.00990  -0.0408   0.5006   0.9655
   5.250   0.9127   0.01610   0.01017  -0.0431   0.4788   0.9744
   5.500   0.9464   0.01643   0.01043  -0.0448   0.4560   0.9848
   5.750   0.9801   0.01679   0.01073  -0.0468   0.4305   0.9950
   6.000   0.9933   0.01706   0.01093  -0.0450   0.4091   1.0000
   6.250   0.9771   0.01720   0.01098  -0.0374   0.3965   1.0000
   6.500   0.9668   0.01747   0.01116  -0.0308   0.3818   1.0000
   6.750   0.9610   0.01783   0.01145  -0.0251   0.3654   1.0000
   7.000   0.9585   0.01829   0.01182  -0.0201   0.3490   1.0000
   7.250   0.9574   0.01883   0.01228  -0.0155   0.3321   1.0000
   7.500   0.9577   0.01945   0.01282  -0.0113   0.3153   1.0000
   7.750   0.9585   0.02015   0.01344  -0.0073   0.2981   1.0000
   8.000   0.9598   0.02092   0.01414  -0.0036   0.2805   1.0000
   8.250   0.9608   0.02179   0.01493  -0.0001   0.2622   1.0000
   8.500   0.9613   0.02277   0.01583   0.0033   0.2433   1.0000
   8.750   0.9605   0.02391   0.01687   0.0066   0.2230   1.0000
   9.000   0.9604   0.02514   0.01801   0.0097   0.2010   1.0000
   9.250   0.9582   0.02659   0.01933   0.0127   0.1804   1.0000
   9.500   0.9557   0.02818   0.02078   0.0155   0.1627   1.0000
   9.750   0.9550   0.02978   0.02228   0.0179   0.1483   1.0000
  10.000   0.9562   0.03135   0.02378   0.0200   0.1363   1.0000
  10.250   0.9595   0.03286   0.02526   0.0218   0.1271   1.0000
  10.500   0.9613   0.03454   0.02686   0.0235   0.1196   1.0000
  10.750   0.9663   0.03605   0.02837   0.0249   0.1129   1.0000
  11.000   0.9707   0.03765   0.02993   0.0263   0.1076   1.0000
  11.250   0.9772   0.03914   0.03143   0.0275   0.1025   1.0000
  11.500   0.9828   0.04073   0.03293   0.0287   0.0984   1.0000
  11.750   0.9913   0.04214   0.03442   0.0295   0.0943   1.0000
  12.000   0.9983   0.04368   0.03591   0.0305   0.0906   1.0000
  12.250   1.0080   0.04504   0.03727   0.0313   0.0874   1.0000
  12.500   1.0169   0.04651   0.03880   0.0320   0.0843   1.0000
  12.750   1.0265   0.04791   0.04016   0.0327   0.0815   1.0000
  13.000   1.0389   0.04914   0.04136   0.0334   0.0789   1.0000
