1.0,0.0
0.980930503729,0.005607980669
0.96199605021,0.0111151473048
0.943196639445,0.0165214999073
0.924532271433,0.0218270384766
0.906002946174,0.0270317630127
0.887608663667,0.0321356735156
0.869349423914,0.0371387699852
0.851225226914,0.0420410524216
0.833236072667,0.0468425208248
0.815381961172,0.0515431751947
0.797662892431,0.0561430155314
0.780078866443,0.0606420418349
0.762629883208,0.0650402541051
0.745315942725,0.0693376523422
0.728137044996,0.073534236546
0.71109319002,0.0776300067165
0.694184377797,0.0816249628539
0.677410608327,0.085519104958
0.660771881609,0.0893124330289
0.644268197645,0.0930049470665
0.627887501979,0.09655095439
0.611617740156,0.0999047623182
0.595458912175,0.103066370851
0.579411018038,0.106035779989
0.563474057744,0.108812989731
0.547648031292,0.111398000079
0.531932938684,0.113790811031
0.516328779919,0.115991422588
0.500835554996,0.117999834749
0.485453263917,0.119816047516
0.47018190668,0.121440060887
0.455021483286,0.122871874863
0.439971993736,0.124111489443
0.425033438028,0.125158904629
0.410205816164,0.126014120419
0.395489128142,0.126677136814
0.380883373963,0.127147953814
0.366388553627,0.127426571418
0.352004667135,0.127512989627
0.337731714485,0.127407208442
0.323625219828,0.127139262042
0.309740707315,0.126739184609
0.296078176945,0.126206976144
0.282637628719,0.125542636645
0.269419062636,0.124746166114
0.256422478696,0.123817564551
0.2436478769,0.122756831954
0.231095257247,0.121563968325
0.218764619738,0.120238973663
0.206655964372,0.118781847969
0.194769291149,0.117192591241
0.18310460007,0.115471203481
0.171661891135,0.113617684688
0.160441164342,0.111632034863
0.149442419694,0.109514254004
0.138665657188,0.107264342113
0.128110876826,0.104882299189
0.117778078608,0.102368125232
0.107667262532,0.0997218202431
0.0977784286006,0.096943384221
0.0882450318121,0.0940813288016
0.0792005271665,0.0911841656205
0.0706449146639,0.0882518946777
0.0625781943044,0.0852845159732
0.0550003660878,0.082282029507
0.0479114300143,0.079244435279
0.0413113860838,0.0761717332894
0.0352002342962,0.073063923538
0.0295779746517,0.069921006025
0.0244446071502,0.0667429807502
0.0198001317916,0.0635298477137
0.0156445485761,0.0602816069155
0.0119778575036,0.0569982583556
0.00880005857405,0.053679802034
0.00611115178754,0.0503262379507
0.00391113714402,0.0469375661056
0.00220001464351,0.0435137864989
0.000977784286006,0.0400548991304
0.000244446071502,0.0365609040002
0.0,0.0330318011083
0.000247614706523,0.0294812447714
0.000990458826092,0.0259228893062
0.00222853235871,0.0223567347127
0.00396183530437,0.0187827809909
0.00619036766308,0.0152010281407
0.00891412943483,0.0116114761623
0.0121331206196,0.00801412505555
0.0158473412175,0.00440897482049
0.0200567912284,0.000796025457124
0.0247614706523,-0.00282472303455
0.0299613794893,-0.00645327065454
0.0356565177393,-0.0100896174028
0.0418468854024,-0.0137337632794
0.0485324824785,-0.0173857082843
0.0557133089677,-0.0210454524176
0.0633893648699,-0.0247129956791
0.0715606501852,-0.0283883380689
0.0802271649135,-0.0320714795871
0.0893889090548,-0.0357624202335
0.0990458826092,-0.0394611600083
0.109066701662,-0.0430579470216
0.119319982298,-0.0464430293835
0.129805724519,-0.0496164070942
0.140523928322,-0.0525780801535
0.15147459371,-0.0553280485615
0.162657720681,-0.0578663123183
0.174073309236,-0.0601928714237
0.185721359375,-0.0623077258778
0.197601871097,-0.0642108756806
0.209714844403,-0.0659023208321
0.222060279292,-0.0673820613323
0.234638175766,-0.0686500971812
0.247448533823,-0.0697064283787
0.260491353463,-0.070551054925
0.273766634688,-0.0711839768199
0.287274377496,-0.0716051940636
0.301014581887,-0.0718147066559
0.314987247863,-0.071812514597
0.329192375422,-0.0715986178867
0.343629964565,-0.0711730165251
0.358243108287,-0.0705977265686
0.372974899583,-0.0699347640735
0.387825338454,-0.0691841290399
0.4027944249,-0.0683458214678
0.41788215892,-0.0674198413571
0.433088540515,-0.0664061887079
0.448413569684,-0.0653048635201
0.463857246428,-0.0641158657938
0.479419570746,-0.0628391955289
0.495100542639,-0.0614748527255
0.510900162106,-0.0600228373835
0.526818429149,-0.058483149503
0.542855343765,-0.056855789084
0.559010905956,-0.0551407561264
0.575285115722,-0.0533380506303
0.591677973062,-0.0514476725956
0.608189477977,-0.0494696220224
0.624819630467,-0.0474038989106
0.641568430531,-0.0452505032603
0.658435878169,-0.0430094350714
0.675370221328,-0.0407312522485
0.692319707954,-0.038466512696
0.709284338046,-0.0362152164141
0.726264111605,-0.0339773634025
0.743259028631,-0.0317529536614
0.760269089123,-0.0295419871908
0.777294293081,-0.0273444639906
0.794334640506,-0.0251603840609
0.811390131398,-0.0229897474017
0.828460765756,-0.0208325540129
0.845546543581,-0.0186888038945
0.862647464872,-0.0165584970467
0.87976352963,-0.0144416334692
0.896894737855,-0.0123382131622
0.914041089546,-0.0102482361257
0.931202584704,-0.00817170235967
0.948379223328,-0.00610861186407
0.965571005419,-0.00405896463892
0.982777930976,-0.00202276068423
1.0,0.0
