  
       XFOIL         Version 6.99
  
 Calculated polar for: G46A1                                           
  
 1 1 Reynolds number fixed          Mach number fixed         
  
 xtrf =   1.000 (top)        1.000 (bottom)  
 Mach =   0.000     Re =     0.200 e 6     Ncrit =   9.000
  
   alpha    CL        CD       CDp       CM     Top_Xtr  Bot_Xtr
  ------ -------- --------- --------- -------- -------- --------
 -13.000  -1.2133   0.03019   0.02296  -0.0270   1.0000   0.1119
 -12.750  -1.2217   0.02917   0.02192  -0.0215   1.0000   0.1190
 -12.500  -1.2318   0.02820   0.02098  -0.0154   1.0000   0.1272
 -12.250  -1.2414   0.02732   0.02016  -0.0093   1.0000   0.1384
 -12.000  -1.2493   0.02659   0.01946  -0.0031   1.0000   0.1530
 -11.750  -1.2549   0.02603   0.01892   0.0029   1.0000   0.1684
 -11.500  -1.2553   0.02558   0.01847   0.0079   1.0000   0.1827
 -11.250  -1.2522   0.02522   0.01811   0.0124   1.0000   0.1953
 -11.000  -1.2467   0.02494   0.01781   0.0165   1.0000   0.2059
 -10.750  -1.2375   0.02472   0.01748   0.0199   1.0000   0.2154
 -10.500  -1.2291   0.02453   0.01729   0.0235   1.0000   0.2237
 -10.250  -1.2183   0.02434   0.01698   0.0267   1.0000   0.2314
 -10.000  -1.2071   0.02418   0.01684   0.0298   1.0000   0.2381
  -9.750  -1.1955   0.02405   0.01656   0.0329   1.0000   0.2452
  -9.500  -1.1819   0.02386   0.01641   0.0355   1.0000   0.2511
  -9.250  -1.1689   0.02376   0.01626   0.0383   1.0000   0.2574
  -9.000  -1.1562   0.02365   0.01598   0.0411   1.0000   0.2634
  -8.750  -1.1403   0.02347   0.01590   0.0433   1.0000   0.2689
  -8.500  -1.1257   0.02339   0.01577   0.0458   1.0000   0.2743
  -8.250  -1.1127   0.02332   0.01553   0.0485   1.0000   0.2802
  -8.000  -1.0892   0.02342   0.01573   0.0491   0.9986   0.2858
  -7.750  -1.0509   0.02458   0.01684   0.0470   0.9932   0.2935
  -7.500  -1.0185   0.02479   0.01697   0.0459   0.9854   0.3004
  -7.000  -0.9192   0.02596   0.01804   0.0375   0.9543   0.3174
  -6.750  -0.8743   0.02635   0.01852   0.0342   0.9469   0.3251
  -6.500  -0.8472   0.02612   0.01822   0.0345   0.9367   0.3314
  -6.000  -0.7749   0.02577   0.01784   0.0313   0.9222   0.3424
  -5.750  -0.7301   0.02590   0.01793   0.0281   0.9187   0.3491
  -5.500  -0.7111   0.02548   0.01738   0.0301   0.9082   0.3541
  -5.250  -0.6645   0.02523   0.01721   0.0264   0.9051   0.3602
  -5.000  -0.6413   0.02483   0.01682   0.0274   0.8952   0.3656
  -4.750  -0.6002   0.02466   0.01657   0.0251   0.8911   0.3729
  -4.500  -0.5715   0.02415   0.01608   0.0250   0.8822   0.3785
  -4.250  -0.5298   0.02376   0.01574   0.0225   0.8772   0.3852
  -4.000  -0.4855   0.02343   0.01535   0.0196   0.8744   0.3929
  -3.750  -0.4635   0.02286   0.01481   0.0210   0.8631   0.3986
  -3.500  -0.4193   0.02236   0.01437   0.0180   0.8598   0.4059
  -3.250  -0.3966   0.02188   0.01386   0.0194   0.8484   0.4122
  -3.000  -0.3527   0.02120   0.01323   0.0166   0.8442   0.4197
  -2.750  -0.3282   0.02064   0.01273   0.0177   0.8323   0.4264
  -2.500  -0.2873   0.01999   0.01205   0.0157   0.8272   0.4348
  -2.250  -0.2623   0.01935   0.01150   0.0166   0.8135   0.4415
  -2.000  -0.2360   0.01874   0.01094   0.0174   0.7998   0.4492
  -1.750  -0.2117   0.01816   0.01033   0.0187   0.7832   0.4569
  -1.500  -0.1792   0.01741   0.00968   0.0183   0.7640   0.4651
  -1.250  -0.1360   0.01654   0.00879   0.0161   0.7426   0.4753
  -1.000  -0.0678   0.01534   0.00758   0.0088   0.7152   0.4884
  -0.750   0.0180   0.01439   0.00643  -0.0025   0.6743   0.5052
  -0.500   0.0689   0.01426   0.00607  -0.0071   0.6379   0.5210
  -0.250   0.1003   0.01425   0.00601  -0.0080   0.6127   0.5369
   0.000   0.1271   0.01423   0.00601  -0.0079   0.5937   0.5577
   0.250   0.1516   0.01416   0.00602  -0.0073   0.5784   0.5875
   0.500   0.1726   0.01392   0.00607  -0.0059   0.5655   0.6457
   0.750   0.3744   0.01524   0.00808  -0.0422   0.5420   0.8661
   1.000   0.4102   0.01595   0.00879  -0.0432   0.5319   0.8934
   1.250   0.4613   0.01677   0.00945  -0.0476   0.5221   0.9082
   1.500   0.5019   0.01737   0.01004  -0.0500   0.5136   0.9210
   1.750   0.5446   0.01797   0.01057  -0.0528   0.5060   0.9332
   2.000   0.6070   0.01856   0.01107  -0.0600   0.4976   0.9387
   2.250   0.6496   0.01901   0.01152  -0.0631   0.4903   0.9484
   2.500   0.7085   0.01945   0.01187  -0.0697   0.4833   0.9542
   2.750   0.7616   0.01982   0.01223  -0.0752   0.4767   0.9606
   3.000   0.8029   0.02007   0.01250  -0.0782   0.4701   0.9680
   3.250   0.8594   0.02032   0.01269  -0.0845   0.4636   0.9738
   3.500   0.9055   0.02068   0.01305  -0.0887   0.4578   0.9804
   3.750   0.9515   0.02068   0.01310  -0.0930   0.4514   0.9858
   4.000   0.9996   0.02088   0.01330  -0.0976   0.4457   0.9923
   4.250   1.0603   0.02107   0.01344  -0.1051   0.4392   0.9967
   4.500   1.0765   0.02095   0.01342  -0.1032   0.4324   1.0000
   4.750   1.0883   0.02106   0.01353  -0.1003   0.4266   1.0000
   5.000   1.1106   0.02133   0.01371  -0.0997   0.4197   1.0000
   5.250   1.1081   0.02135   0.01384  -0.0938   0.4143   1.0000
   5.500   1.1163   0.02144   0.01397  -0.0902   0.4086   1.0000
   5.750   1.1358   0.02164   0.01409  -0.0889   0.4026   1.0000
   6.000   1.1392   0.02177   0.01431  -0.0843   0.3972   1.0000
   6.250   1.1410   0.02184   0.01445  -0.0794   0.3913   1.0000
   6.500   1.1509   0.02195   0.01455  -0.0762   0.3857   1.0000
   6.750   1.1613   0.02214   0.01473  -0.0731   0.3796   1.0000
   7.000   1.1605   0.02224   0.01494  -0.0677   0.3739   1.0000
   7.250   1.1641   0.02232   0.01504  -0.0632   0.3677   1.0000
   7.500   1.1753   0.02250   0.01519  -0.0603   0.3617   1.0000
   7.750   1.1740   0.02265   0.01548  -0.0549   0.3560   1.0000
   8.000   1.1766   0.02278   0.01566  -0.0504   0.3498   1.0000
   8.250   1.1845   0.02296   0.01579  -0.0469   0.3436   1.0000
   8.500   1.1820   0.02315   0.01614  -0.0415   0.3366   1.0000
   8.750   1.1843   0.02334   0.01636  -0.0370   0.3299   1.0000
   9.000   1.1867   0.02359   0.01666  -0.0326   0.3226   1.0000
   9.250   1.1865   0.02385   0.01700  -0.0278   0.3139   1.0000
   9.500   1.1871   0.02417   0.01736  -0.0232   0.3045   1.0000
   9.750   1.1877   0.02455   0.01778  -0.0188   0.2945   1.0000
  10.000   1.1870   0.02502   0.01830  -0.0142   0.2813   1.0000
  10.250   1.1849   0.02562   0.01890  -0.0096   0.2655   1.0000
  10.500   1.1784   0.02646   0.01969  -0.0044   0.2445   1.0000
  10.750   1.1674   0.02767   0.02077   0.0011   0.2149   1.0000
  11.000   1.1504   0.02937   0.02227   0.0069   0.1821   1.0000
  11.500   1.1138   0.03367   0.02626   0.0176   0.1345   1.0000
  11.750   1.0985   0.03597   0.02851   0.0219   0.1228   1.0000
  12.000   1.0828   0.03852   0.03100   0.0257   0.1146   1.0000
  12.250   1.0730   0.04088   0.03340   0.0286   0.1083   1.0000
  12.500   1.0588   0.04377   0.03628   0.0313   0.1041   1.0000
  12.750   1.0522   0.04627   0.03885   0.0331   0.0997   1.0000
  13.000   1.0419   0.04924   0.04183   0.0348   0.0956   1.0000
