  
       XFOIL         Version 6.99
  
 Calculated polar for: G33A6                                           
  
 1 1 Reynolds number fixed          Mach number fixed         
  
 xtrf =   1.000 (top)        1.000 (bottom)  
 Mach =   0.000     Re =     0.200 e 6     Ncrit =   9.000
  
   alpha    CL        CD       CDp       CM     Top_Xtr  Bot_Xtr
  ------ -------- --------- --------- -------- -------- --------
 -13.000  -1.2261   0.02779   0.02087  -0.0237   1.0000   0.1198
 -12.750  -1.2548   0.02655   0.01974  -0.0149   1.0000   0.1370
 -12.500  -1.2825   0.02539   0.01877  -0.0059   1.0000   0.1672
 -12.250  -1.2962   0.02450   0.01808   0.0009   1.0000   0.2052
 -12.000  -1.2959   0.02413   0.01771   0.0056   1.0000   0.2295
 -11.750  -1.2912   0.02396   0.01746   0.0096   1.0000   0.2454
 -11.500  -1.2843   0.02389   0.01739   0.0133   1.0000   0.2560
 -11.250  -1.2748   0.02383   0.01725   0.0166   1.0000   0.2650
 -11.000  -1.2651   0.02389   0.01723   0.0198   1.0000   0.2736
 -10.750  -1.2537   0.02388   0.01715   0.0227   1.0000   0.2803
 -10.500  -1.2408   0.02399   0.01722   0.0254   1.0000   0.2861
 -10.250  -1.2292   0.02406   0.01708   0.0283   0.9996   0.2932
 -10.000  -1.1604   0.02567   0.01877   0.0203   0.9850   0.3020
  -9.750  -1.1226   0.02607   0.01894   0.0182   0.9748   0.3088
  -9.500  -1.0787   0.02679   0.01970   0.0150   0.9698   0.3145
  -9.250  -1.0533   0.02678   0.01967   0.0155   0.9609   0.3192
  -9.000  -1.0168   0.02724   0.01992   0.0137   0.9565   0.3257
  -8.750  -0.9954   0.02699   0.01969   0.0148   0.9480   0.3300
  -8.500  -0.9558   0.02744   0.02017   0.0126   0.9437   0.3353
  -8.250  -0.9355   0.02745   0.02008   0.0140   0.9357   0.3410
  -8.000  -0.9035   0.02741   0.01994   0.0131   0.9305   0.3465
  -7.750  -0.8599   0.02758   0.02017   0.0100   0.9278   0.3508
  -7.500  -0.8440   0.02718   0.01971   0.0122   0.9183   0.3537
  -7.250  -0.8081   0.02701   0.01943   0.0106   0.9144   0.3579
  -6.750  -0.7542   0.02634   0.01855   0.0107   0.9013   0.3651
  -6.500  -0.7125   0.02609   0.01832   0.0080   0.8983   0.3685
  -6.000  -0.6576   0.02555   0.01769   0.0081   0.8850   0.3757
  -5.750  -0.6186   0.02527   0.01728   0.0060   0.8820   0.3800
  -5.250  -0.5615   0.02450   0.01650   0.0057   0.8685   0.3872
  -5.000  -0.5204   0.02414   0.01614   0.0033   0.8659   0.3912
  -4.750  -0.4783   0.02375   0.01570   0.0006   0.8638   0.3958
  -4.500  -0.4663   0.02352   0.01538   0.0038   0.8519   0.3994
  -4.250  -0.4241   0.02295   0.01480   0.0011   0.8495   0.4037
  -4.000  -0.3800   0.02243   0.01434  -0.0018   0.8478   0.4080
  -3.750  -0.3663   0.02222   0.01413   0.0010   0.8359   0.4113
  -3.500  -0.3263   0.02173   0.01360  -0.0011   0.8332   0.4160
  -3.250  -0.2850   0.02121   0.01299  -0.0034   0.8314   0.4206
  -2.750  -0.2278   0.02032   0.01222  -0.0034   0.8171   0.4290
  -2.500  -0.1854   0.01967   0.01158  -0.0059   0.8153   0.4337
  -2.250  -0.1430   0.01904   0.01090  -0.0084   0.8139   0.4385
  -1.750  -0.0842   0.01805   0.01002  -0.0085   0.7990   0.4476
  -1.500  -0.0370   0.01733   0.00933  -0.0119   0.7970   0.4534
  -1.250  -0.0209   0.01716   0.00913  -0.0094   0.7841   0.4574
  -1.000   0.0296   0.01637   0.00841  -0.0136   0.7808   0.4631
  -0.750   0.0533   0.01610   0.00818  -0.0126   0.7686   0.4685
  -0.500   0.1064   0.01544   0.00753  -0.0174   0.7631   0.4756
  -0.250   0.1342   0.01517   0.00727  -0.0172   0.7493   0.4809
   0.000   0.1732   0.01478   0.00694  -0.0194   0.7369   0.4874
   0.250   0.2198   0.01442   0.00655  -0.0230   0.7245   0.4956
   0.500   0.2612   0.01413   0.00628  -0.0258   0.7103   0.5040
   0.750   0.2913   0.01403   0.00618  -0.0263   0.6944   0.5125
   1.000   0.3211   0.01396   0.00611  -0.0267   0.6787   0.5217
   1.250   0.3492   0.01391   0.00610  -0.0268   0.6635   0.5333
   1.500   0.3776   0.01387   0.00610  -0.0270   0.6490   0.5474
   1.750   0.4076   0.01383   0.00610  -0.0276   0.6355   0.5673
   2.000   0.4217   0.01379   0.00621  -0.0248   0.6218   0.5940
   2.250   0.4358   0.01362   0.00636  -0.0219   0.6093   0.6471
   2.500   0.5604   0.01403   0.00761  -0.0421   0.5901   0.8603
   2.750   0.6208   0.01474   0.00829  -0.0486   0.5759   0.9013
   3.000   0.6661   0.01537   0.00884  -0.0519   0.5630   0.9201
   3.250   0.6979   0.01590   0.00939  -0.0525   0.5507   0.9357
   3.500   0.7531   0.01651   0.00995  -0.0582   0.5381   0.9443
   3.750   0.7986   0.01701   0.01038  -0.0619   0.5265   0.9543
   4.000   0.8373   0.01741   0.01082  -0.0643   0.5150   0.9642
   4.250   0.8865   0.01780   0.01115  -0.0690   0.5035   0.9706
   4.500   0.9216   0.01810   0.01141  -0.0708   0.4906   0.9799
   4.750   0.9610   0.01819   0.01152  -0.0736   0.4749   0.9876
   5.000   0.9983   0.01833   0.01165  -0.0761   0.4606   0.9951
   5.250   1.0330   0.01847   0.01176  -0.0781   0.4481   1.0000
   5.500   1.0332   0.01859   0.01189  -0.0731   0.4389   1.0000
   5.750   1.0393   0.01878   0.01205  -0.0692   0.4301   1.0000
   6.000   1.0394   0.01892   0.01222  -0.0642   0.4209   1.0000
   6.250   1.0439   0.01912   0.01240  -0.0600   0.4118   1.0000
   6.500   1.0439   0.01930   0.01259  -0.0550   0.4020   1.0000
   6.750   1.0472   0.01953   0.01282  -0.0507   0.3928   1.0000
   7.000   1.0498   0.01975   0.01305  -0.0462   0.3836   1.0000
   7.250   1.0534   0.02001   0.01333  -0.0420   0.3745   1.0000
   7.500   1.0560   0.02029   0.01360  -0.0376   0.3647   1.0000
   7.750   1.0586   0.02058   0.01395  -0.0333   0.3547   1.0000
   8.000   1.0607   0.02095   0.01426  -0.0290   0.3442   1.0000
   8.250   1.0622   0.02130   0.01468  -0.0246   0.3322   1.0000
   8.500   1.0635   0.02174   0.01513  -0.0203   0.3193   1.0000
   8.750   1.0644   0.02224   0.01563  -0.0161   0.3058   1.0000
   9.000   1.0638   0.02285   0.01623  -0.0117   0.2892   1.0000
   9.250   1.0613   0.02361   0.01694  -0.0072   0.2680   1.0000
   9.500   1.0548   0.02464   0.01786  -0.0024   0.2423   1.0000
   9.750   1.0434   0.02604   0.01908   0.0028   0.2053   1.0000
  10.000   1.0256   0.02800   0.02077   0.0083   0.1644   1.0000
  10.250   1.0103   0.03009   0.02263   0.0131   0.1349   1.0000
  10.500   0.9992   0.03214   0.02455   0.0170   0.1183   1.0000
  10.750   0.9906   0.03418   0.02654   0.0204   0.1083   1.0000
  11.000   0.9821   0.03636   0.02867   0.0234   0.1013   1.0000
  11.250   0.9789   0.03831   0.03065   0.0258   0.0952   1.0000
  11.500   0.9725   0.04060   0.03291   0.0281   0.0907   1.0000
  11.750   0.9707   0.04266   0.03501   0.0299   0.0864   1.0000
  12.000   0.9705   0.04467   0.03705   0.0314   0.0828   1.0000
  12.250   0.9675   0.04694   0.03926   0.0330   0.0798   1.0000
  12.500   0.9703   0.04882   0.04122   0.0342   0.0765   1.0000
  12.750   0.9731   0.05075   0.04317   0.0352   0.0735   1.0000
  13.000   0.9763   0.05261   0.04499   0.0362   0.0712   1.0000
