1.0,0.0
0.989086355486,0.00689442894724
0.977655117436,0.0135670309699
0.96570628585,0.020017806068
0.953239860728,0.0262467542416
0.94025584207,0.0322538754906
0.926754229876,0.038039169815
0.912735024146,0.0436026372148
0.89819822488,0.0489442776901
0.883143832078,0.0540640912408
0.86757184574,0.0589620778669
0.851482265865,0.0636382375685
0.834875092455,0.0680925703455
0.817750325509,0.072325076198
0.800107965027,0.0763357551259
0.781948011009,0.0801246071292
0.763270463454,0.0836916322079
0.744075322364,0.0870368303621
0.724362587738,0.0901602015917
0.704132259575,0.0930617458968
0.683384337877,0.0957414632773
0.662552261434,0.0982680287166
0.642069469036,0.100710117198
0.621935960685,0.103067728722
0.602151736379,0.105340863288
0.582716796119,0.107529520897
0.563631139906,0.109633701548
0.544894767738,0.111653405241
0.526507679616,0.113588631976
0.50846987554,0.115439381754
0.49078135551,0.117205654574
0.473442119526,0.118887450436
0.456452167588,0.120484769341
0.439811499696,0.121997611287
0.423520115849,0.123425976277
0.407578016049,0.124769864308
0.391985200295,0.126029275382
0.376741668586,0.127204209498
0.361847420924,0.128294666656
0.347302457307,0.129300646857
0.333106777736,0.1302221501
0.319195145625,0.130980945796
0.305502324385,0.131498803356
0.292028314016,0.131775722781
0.27877311452,0.13181170407
0.265736725895,0.131606747224
0.252919148142,0.131160852242
0.24032038126,0.130474019124
0.22794042525,0.129546247871
0.215779280113,0.128377538481
0.203836945846,0.126967890957
0.192113422452,0.125317305296
0.180608709929,0.1234257815
0.169322808278,0.121293319568
0.158255717499,0.118919919501
0.147407437591,0.116305581298
0.136777968556,0.113450304959
0.126367310391,0.110354090485
0.116175463099,0.107016937875
0.106202426679,0.103438847129
0.0964482011298,0.0996198182475
0.0870445015196,0.0956852365864
0.0781230429151,0.0917604875016
0.0696838253162,0.0878455709932
0.061726848723,0.0839404870611
0.0542521131355,0.0800452357053
0.0472596185536,0.0761598169259
0.0407493649773,0.0722842307227
0.0347213524067,0.0684184770959
0.0291755808418,0.0645625560454
0.0241120502824,0.0607164675712
0.0195307607288,0.0568802116734
0.0154317121808,0.0530537883519
0.0118149046384,0.0492371976067
0.00868033810168,0.0454304394378
0.00602801257061,0.0416335138452
0.00385792804519,0.037846420829
0.00217008452542,0.0340691603891
0.000964482011298,0.0303017325255
0.000241120502824,0.0265441372382
0.0,0.0227963745273
0.0001889508564,0.0190775049824
0.0007558034256,0.0154065891932
0.0017005577076,0.0117836271598
0.0030232137024,0.00820861888215
0.00472377141,0.00468156436024
0.0068022308304,0.00120246359407
0.0092585919636,-0.00222868341634
0.0120928548096,-0.00561187667101
0.0153050193684,-0.00894711616993
0.01889508564,-0.0122344019131
0.0228630536244,-0.0154737339005
0.0272089233216,-0.0186651121322
0.0319326947316,-0.0218085366081
0.0370343678544,-0.0249040073283
0.04251394269,-0.0279515242927
0.0483714192384,-0.0309510875014
0.0546067974996,-0.0339026969543
0.0612200774736,-0.0368063526515
0.0682112591604,-0.0396620545929
0.07558034256,-0.0424698027786
0.0834360598563,-0.045171131817
0.0918871432331,-0.0477075763166
0.100933592691,-0.0500791362773
0.110575408228,-0.0522858116992
0.120812589847,-0.0543276025823
0.131645137546,-0.0562045089266
0.143073051325,-0.0579165307321
0.155096331186,-0.0594636679987
0.167714977126,-0.0608459207265
0.180928989147,-0.0620632889155
0.194738367249,-0.0631157725657
0.209143111432,-0.064003371677
0.224143221694,-0.0647260862495
0.239738698038,-0.0652839162832
0.255929540462,-0.0656768617781
0.272715748966,-0.0659049227341
0.290097323551,-0.0659680991513
0.308074264217,-0.0658663910297
0.326646570963,-0.0655997983693
0.34581424379,-0.06516832117
0.365196954745,-0.0646413696221
0.384414375879,-0.0640883539155
0.403466507189,-0.0635092740503
0.422353348677,-0.0629041300264
0.441074900342,-0.062272921844
0.459631162185,-0.0616156495029
0.478022134205,-0.0609323130032
0.496247816403,-0.0602229123449
0.514308208778,-0.059487447528
0.532203311331,-0.0587259185524
0.549933124061,-0.0579383254182
0.567497646968,-0.0571246681254
0.584896880053,-0.056284946674
0.602130823315,-0.055419161064
0.619199476755,-0.0545273112953
0.636102840372,-0.053609397368
0.652840914166,-0.0526654192821
0.669413698138,-0.0516953770376
0.685821192287,-0.0506992706345
0.702063396614,-0.0496771000727
0.718159819567,-0.0485694648135
0.734129969596,-0.0473169643181
0.7499738467,-0.0459195985864
0.765691450879,-0.0443773676184
0.781282782134,-0.0426902714142
0.796747840464,-0.0408583099737
0.812086625869,-0.038881483297
0.82729913835,-0.036759791384
0.842385377906,-0.0344932342347
0.857345344538,-0.0320818118492
0.872179038245,-0.0295255242274
0.886886459027,-0.0268243713694
0.901467606885,-0.0239783532751
0.915922481818,-0.0209874699446
0.930251083827,-0.0178517213778
0.944453412911,-0.0145711075748
0.95852946907,-0.0111456285355
0.972479252305,-0.0075752842599
0.986302762615,-0.00386007474808
1.0,0.0
