1.0,0.0
0.990213799511,0.00686737574114
0.97984181186,0.0135162368496
0.968884037045,0.0199465833253
0.957340475067,0.0261584151682
0.945211125927,0.0321517323785
0.932495989623,0.037926534956
0.919195066157,0.0434828229008
0.905308355528,0.0488205962129
0.890835857735,0.0539398548923
0.87577757278,0.0588405989389
0.860133500662,0.0635228283529
0.843903641381,0.0679865431341
0.827087994937,0.0722317432826
0.80968656133,0.0762584287983
0.79169934056,0.0800665996814
0.773126332628,0.0836562559317
0.753967537532,0.0870273975493
0.734222955273,0.0901800245342
0.713892585852,0.0931141368864
0.692976429267,0.0958297346058
0.67194412429,0.0983946401067
0.651265309691,0.100876675803
0.63093998547,0.103275841696
0.610968151628,0.105592137784
0.591349808163,0.107825564067
0.572084955076,0.109976120547
0.553173592367,0.112043807222
0.534615720036,0.114028624093
0.516411338083,0.115930571159
0.498560446509,0.117749648421
0.481063045312,0.119485855879
0.463919134493,0.121139193532
0.447128714052,0.122709661382
0.43069178399,0.124197259427
0.414608344305,0.125601987667
0.398878394998,0.126923846103
0.38350193607,0.128162834735
0.368478967519,0.129318953563
0.353809489346,0.130392202586
0.339493501552,0.131382581805
0.325460113667,0.132207657919
0.311638435224,0.132784997627
0.298028466222,0.133114600929
0.284630206662,0.133196467825
0.271443656543,0.133030598314
0.258468815866,0.132616992398
0.24570568463,0.131955650076
0.233154262836,0.131046571348
0.220814550484,0.129889756213
0.208686547573,0.128485204673
0.196770254103,0.126832916727
0.185065670076,0.124932892374
0.173572795489,0.122785131616
0.162291630344,0.120389634451
0.151222174641,0.117746400881
0.140364428379,0.114855430905
0.129718391559,0.111716724522
0.119284064181,0.108330281734
0.109061446243,0.104696102539
0.0990505377479,0.100814186938
0.0893931103175,0.0968150137378
0.0802309355758,0.092829061743
0.0715640135229,0.088856330954
0.0633923441587,0.0848968213709
0.0557159274832,0.0809505329936
0.0485347634965,0.0770174658221
0.0418488521985,0.0730976198564
0.0356581935893,0.0691909950965
0.0299627876687,0.0652975915425
0.024762634437,0.0614174091943
0.020057733894,0.057550448052
0.0158480860397,0.0536967081154
0.0121336908741,0.0498561893847
0.00891454839731,0.0460288918598
0.00619065860925,0.0422148155408
0.00396202150992,0.0384139604276
0.00222863709933,0.0346263265202
0.000990505377479,0.0308519138186
0.00024762634437,0.0270907223228
0.0,0.0233427520329
0.000190115331426,0.0196201383658
0.000760461325702,0.0159350167383
0.00171103798283,0.0122873871506
0.00304184530281,0.0086772496026
0.00475288328564,0.0051046040943
0.00684415193132,0.00156945062572
0.00931565123985,-0.00192821080315
0.0121673812112,-0.0053883801923
0.0153993418455,-0.00881105754175
0.0190115331426,-0.0121962428515
0.0230039551025,-0.0155439361215
0.0273766077253,-0.0188541373518
0.0321294910109,-0.0221268465424
0.0372626049594,-0.0253620636933
0.0427759495708,-0.0285597888044
0.048669524845,-0.0317200218759
0.054943330782,-0.0348427629076
0.0615973673819,-0.0379280118996
0.0686316346446,-0.0409757688519
0.0760461325702,-0.0439860337645
0.0839263853044,-0.0468866885199
0.0923579169928,-0.0496056150004
0.101340727635,-0.052142813206
0.110874817232,-0.0544982831368
0.120960185783,-0.0566720247928
0.131596833289,-0.058664038174
0.142784759748,-0.0604743232803
0.154523965162,-0.0621028801118
0.16681444953,-0.0635497086685
0.179656212852,-0.0648148089503
0.193049255129,-0.0658981809573
0.20699357636,-0.0667998246894
0.221489176544,-0.0675197401468
0.236536055684,-0.0680579273292
0.252134213777,-0.0684143862369
0.268283650825,-0.0685891168697
0.284984366827,-0.0685821192277
0.302236361783,-0.0683933933109
0.320039635693,-0.0680229391192
0.338394188558,-0.0674707566527
0.356990176891,-0.0668155832426
0.375517757207,-0.0661361562203
0.393976929505,-0.0654324755857
0.412367693787,-0.0647045413388
0.430690050051,-0.0639523534797
0.448943998298,-0.0631759120083
0.467129538527,-0.0623752169246
0.48524667074,-0.0615502682286
0.503295394935,-0.0607010659204
0.521275711112,-0.0598276099999
0.539187619273,-0.0589299004671
0.557031119416,-0.058007937322
0.574806211542,-0.0570617205647
0.592512895651,-0.0560912501951
0.610151171742,-0.0550965262132
0.627721039816,-0.0540775486191
0.645222499873,-0.0530343174127
0.662655551913,-0.051966832594
0.680020195936,-0.0508750941631
0.697316431941,-0.0497591021198
0.714472071258,-0.0485629914576
0.731414925215,-0.0472308971698
0.748144993813,-0.0457628192563
0.764662277052,-0.0441587577171
0.780966774931,-0.0424187125522
0.797058487451,-0.0405426837617
0.812937414612,-0.0385306713456
0.828603556414,-0.0363826753037
0.844056912856,-0.0340986956362
0.859297483938,-0.0316787323431
0.874325269661,-0.0291227854242
0.889140270025,-0.0264308548798
0.90374248503,-0.0236029407096
0.918131914675,-0.0206390429138
0.932308558961,-0.0175391614923
0.946272417888,-0.0143032964452
0.960023491455,-0.0109314477724
0.973561779663,-0.00742361547392
0.986887282511,-0.00377979954979
1.0,0.0
