  
       XFOIL         Version 6.99
  
 Calculated polar for: G60A12                                          
  
 1 1 Reynolds number fixed          Mach number fixed         
  
 xtrf =   1.000 (top)        1.000 (bottom)  
 Mach =   0.000     Re =     0.200 e 6     Ncrit =   9.000
  
   alpha    CL        CD       CDp       CM     Top_Xtr  Bot_Xtr
  ------ -------- --------- --------- -------- -------- --------
 -13.000  -1.1953   0.03206   0.02465  -0.0296   1.0000   0.1068
 -12.750  -1.1995   0.03106   0.02360  -0.0248   1.0000   0.1115
 -12.500  -1.2039   0.03011   0.02267  -0.0199   1.0000   0.1165
 -12.250  -1.2067   0.02927   0.02181  -0.0150   1.0000   0.1231
 -12.000  -1.2084   0.02854   0.02107  -0.0102   1.0000   0.1309
 -11.750  -1.2125   0.02780   0.02037  -0.0048   1.0000   0.1396
 -11.500  -1.2138   0.02720   0.01979   0.0003   1.0000   0.1496
 -11.250  -1.2138   0.02673   0.01929   0.0053   1.0000   0.1603
 -11.000  -1.2135   0.02637   0.01888   0.0104   1.0000   0.1708
 -10.750  -1.2142   0.02599   0.01854   0.0156   1.0000   0.1792
 -10.500  -1.2079   0.02571   0.01817   0.0196   1.0000   0.1886
 -10.250  -1.2018   0.02545   0.01791   0.0237   1.0000   0.1970
 -10.000  -1.1928   0.02519   0.01758   0.0272   1.0000   0.2047
  -9.750  -1.1834   0.02497   0.01735   0.0307   1.0000   0.2116
  -9.500  -1.1729   0.02480   0.01704   0.0340   1.0000   0.2188
  -9.250  -1.1612   0.02455   0.01686   0.0370   1.0000   0.2251
  -9.000  -1.1492   0.02439   0.01661   0.0400   1.0000   0.2316
  -8.750  -1.1361   0.02417   0.01636   0.0427   1.0000   0.2379
  -8.500  -1.1229   0.02401   0.01621   0.0454   1.0000   0.2438
  -8.250  -1.1098   0.02389   0.01599   0.0482   1.0000   0.2499
  -8.000  -1.0944   0.02367   0.01579   0.0504   1.0000   0.2558
  -7.750  -1.0699   0.02399   0.01610   0.0509   0.9976   0.2625
  -7.500  -1.0356   0.02497   0.01694   0.0495   0.9931   0.2702
  -7.250  -1.0076   0.02490   0.01698   0.0492   0.9871   0.2770
  -7.000  -0.9722   0.02591   0.01791   0.0476   0.9824   0.2849
  -6.500  -0.8885   0.02608   0.01808   0.0421   0.9538   0.3028
  -6.250  -0.8478   0.02615   0.01817   0.0397   0.9434   0.3116
  -6.000  -0.8099   0.02628   0.01829   0.0378   0.9360   0.3203
  -5.750  -0.7790   0.02597   0.01791   0.0374   0.9259   0.3271
  -5.500  -0.7342   0.02601   0.01802   0.0341   0.9216   0.3348
  -5.250  -0.7108   0.02564   0.01759   0.0351   0.9117   0.3419
  -5.000  -0.6664   0.02550   0.01748   0.0319   0.9079   0.3499
  -4.750  -0.6414   0.02508   0.01708   0.0326   0.8981   0.3568
  -4.500  -0.5993   0.02494   0.01684   0.0301   0.8938   0.3653
  -4.250  -0.5695   0.02437   0.01639   0.0299   0.8844   0.3732
  -4.000  -0.5286   0.02407   0.01607   0.0276   0.8798   0.3828
  -3.750  -0.4806   0.02365   0.01571   0.0238   0.8773   0.3923
  -3.500  -0.4592   0.02308   0.01517   0.0254   0.8656   0.4000
  -3.250  -0.4122   0.02252   0.01462   0.0220   0.8625   0.4107
  -3.000  -0.3904   0.02192   0.01409   0.0235   0.8504   0.4193
  -2.750  -0.3461   0.02130   0.01346   0.0207   0.8467   0.4300
  -2.500  -0.3231   0.02064   0.01292   0.0220   0.8336   0.4390
  -2.000  -0.2572   0.01921   0.01162   0.0211   0.8144   0.4615
  -1.750  -0.2352   0.01855   0.01099   0.0228   0.7974   0.4734
  -1.500  -0.2160   0.01794   0.01049   0.0250   0.7738   0.4847
  -1.250  -0.1831   0.01711   0.00973   0.0247   0.7499   0.5000
  -1.000  -0.1246   0.01580   0.00847   0.0196   0.7245   0.5222
  -0.750  -0.0308   0.01421   0.00683   0.0072   0.6818   0.5613
  -0.500   0.0252   0.01359   0.00626   0.0017   0.6370   0.6194
   0.000   0.2723   0.01569   0.00877  -0.0372   0.5626   0.8703
   0.250   0.3083   0.01651   0.00948  -0.0382   0.5468   0.8884
   0.500   0.3471   0.01724   0.01008  -0.0400   0.5336   0.9022
   0.750   0.3917   0.01797   0.01066  -0.0431   0.5218   0.9138
   1.000   0.4441   0.01862   0.01123  -0.0479   0.5104   0.9212
   1.250   0.4929   0.01919   0.01166  -0.0522   0.5007   0.9297
   1.500   0.5398   0.01965   0.01208  -0.0560   0.4913   0.9371
   1.750   0.5916   0.02006   0.01241  -0.0610   0.4827   0.9438
   2.000   0.6351   0.02046   0.01272  -0.0645   0.4753   0.9514
   2.250   0.6851   0.02064   0.01290  -0.0692   0.4667   0.9570
   2.500   0.7259   0.02103   0.01320  -0.0721   0.4603   0.9655
   2.750   0.7811   0.02111   0.01326  -0.0782   0.4528   0.9697
   3.000   0.8209   0.02126   0.01343  -0.0810   0.4459   0.9769
   3.250   0.8707   0.02136   0.01344  -0.0860   0.4393   0.9822
   3.500   0.9206   0.02145   0.01353  -0.0911   0.4330   0.9878
   3.750   0.9613   0.02144   0.01357  -0.0942   0.4266   0.9939
   4.000   1.0146   0.02134   0.01341  -0.1001   0.4198   0.9997
   4.250   1.0468   0.02164   0.01368  -0.1016   0.4146   1.0000
   4.500   1.0570   0.02177   0.01390  -0.0985   0.4100   1.0000
   4.750   1.0727   0.02194   0.01411  -0.0964   0.4051   1.0000
   5.000   1.0938   0.02216   0.01430  -0.0955   0.4004   1.0000
   5.250   1.1264   0.02257   0.01465  -0.0971   0.3951   1.0000
   5.500   1.1308   0.02269   0.01490  -0.0927   0.3908   1.0000
   5.750   1.1376   0.02280   0.01506  -0.0888   0.3853   1.0000
   6.000   1.1503   0.02291   0.01512  -0.0861   0.3795   1.0000
   6.250   1.1639   0.02315   0.01536  -0.0837   0.3737   1.0000
   6.500   1.1630   0.02323   0.01554  -0.0783   0.3681   1.0000
   6.750   1.1733   0.02337   0.01571  -0.0751   0.3632   1.0000
   7.000   1.1913   0.02357   0.01584  -0.0736   0.3580   1.0000
   7.250   1.1947   0.02376   0.01613  -0.0691   0.3530   1.0000
   7.500   1.1968   0.02389   0.01635  -0.0644   0.3477   1.0000
   7.750   1.2027   0.02399   0.01647  -0.0604   0.3425   1.0000
   8.000   1.2200   0.02423   0.01664  -0.0588   0.3374   1.0000
   8.250   1.2136   0.02437   0.01694  -0.0524   0.3318   1.0000
   8.500   1.2166   0.02453   0.01716  -0.0480   0.3264   1.0000
   8.750   1.2243   0.02469   0.01729  -0.0446   0.3213   1.0000
   9.000   1.2285   0.02495   0.01763  -0.0405   0.3160   1.0000
   9.250   1.2298   0.02519   0.01798  -0.0359   0.3103   1.0000
   9.500   1.2337   0.02541   0.01820  -0.0318   0.3048   1.0000
   9.750   1.2389   0.02572   0.01854  -0.0281   0.2991   1.0000
  10.000   1.2392   0.02605   0.01900  -0.0235   0.2926   1.0000
  10.250   1.2419   0.02638   0.01931  -0.0195   0.2864   1.0000
  10.500   1.2446   0.02680   0.01982  -0.0155   0.2798   1.0000
  10.750   1.2446   0.02724   0.02033  -0.0111   0.2720   1.0000
  11.000   1.2453   0.02777   0.02087  -0.0070   0.2641   1.0000
  11.250   1.2450   0.02835   0.02153  -0.0029   0.2548   1.0000
  11.500   1.2448   0.02904   0.02227   0.0011   0.2453   1.0000
  11.750   1.2405   0.02992   0.02314   0.0056   0.2337   1.0000
  12.000   1.2351   0.03097   0.02420   0.0099   0.2191   1.0000
  12.250   1.2277   0.03227   0.02550   0.0143   0.2007   1.0000
  12.500   1.2139   0.03407   0.02723   0.0190   0.1777   1.0000
  12.750   1.1963   0.03633   0.02940   0.0237   0.1567   1.0000
  13.000   1.1764   0.03903   0.03200   0.0280   0.1387   1.0000
