  
       XFOIL         Version 6.99
  
 Calculated polar for: G06A7                                           
  
 1 1 Reynolds number fixed          Mach number fixed         
  
 xtrf =   1.000 (top)        1.000 (bottom)  
 Mach =   0.000     Re =     0.200 e 6     Ncrit =   9.000
  
   alpha    CL        CD       CDp       CM     Top_Xtr  Bot_Xtr
  ------ -------- --------- --------- -------- -------- --------
   1.000   0.5173   0.01483   0.00676  -0.0578   0.5799   0.6046
   1.100   0.5254   0.01484   0.00682  -0.0573   0.5757   0.6085
   1.200   0.5349   0.01484   0.00685  -0.0570   0.5722   0.6126
   1.300   0.5456   0.01486   0.00685  -0.0570   0.5690   0.6175
   1.400   0.5558   0.01491   0.00686  -0.0569   0.5657   0.6227
   1.500   0.5630   0.01493   0.00696  -0.0562   0.5615   0.6261
   1.600   0.5718   0.01495   0.00701  -0.0558   0.5576   0.6304
   1.700   0.5818   0.01498   0.00702  -0.0557   0.5543   0.6353
   1.800   0.5937   0.01503   0.00702  -0.0559   0.5514   0.6402
   1.900   0.6003   0.01507   0.00713  -0.0551   0.5473   0.6438
   2.000   0.6083   0.01510   0.00720  -0.0546   0.5433   0.6482
   2.100   0.6177   0.01515   0.00724  -0.0543   0.5400   0.6532
   2.200   0.6285   0.01519   0.00725  -0.0543   0.5370   0.6577
   2.300   0.6383   0.01524   0.00732  -0.0541   0.5339   0.6617
   2.400   0.6453   0.01530   0.00744  -0.0534   0.5301   0.6661
   2.500   0.6538   0.01536   0.00750  -0.0530   0.5267   0.6712
   2.600   0.6634   0.01540   0.00756  -0.0528   0.5238   0.6754
   2.700   0.6743   0.01545   0.00761  -0.0529   0.5212   0.6798
   2.800   0.6849   0.01554   0.00768  -0.0529   0.5187   0.6848
   2.900   0.6916   0.01561   0.00779  -0.0522   0.5154   0.6900
   3.000   0.6998   0.01565   0.00790  -0.0517   0.5124   0.6941
   3.100   0.7088   0.01571   0.00798  -0.0514   0.5096   0.6990
   3.200   0.7188   0.01578   0.00804  -0.0513   0.5073   0.7047
   3.300   0.7299   0.01584   0.00810  -0.0514   0.5051   0.7094
   3.400   0.7405   0.01592   0.00820  -0.0514   0.5029   0.7146
   3.500   0.7471   0.01599   0.00833  -0.0506   0.5002   0.7204
   3.600   0.7550   0.01605   0.00844  -0.0502   0.4977   0.7253
   3.700   0.7637   0.01610   0.00854  -0.0498   0.4953   0.7306
   3.800   0.7731   0.01617   0.00862  -0.0496   0.4931   0.7371
   3.900   0.7833   0.01621   0.00869  -0.0495   0.4911   0.7424
   4.000   0.7946   0.01628   0.00877  -0.0497   0.4893   0.7485
   4.100   0.8057   0.01637   0.00886  -0.0498   0.4874   0.7554
   4.200   0.8120   0.01642   0.00902  -0.0490   0.4853   0.7613
   4.300   0.8194   0.01649   0.00915  -0.0484   0.4832   0.7686
   4.400   0.8279   0.01655   0.00928  -0.0481   0.4812   0.7754
   4.500   0.8370   0.01661   0.00939  -0.0478   0.4794   0.7833
   4.600   0.8469   0.01667   0.00951  -0.0477   0.4778   0.7915
   4.700   0.8574   0.01673   0.00961  -0.0477   0.4763   0.8008
   4.800   0.8690   0.01679   0.00973  -0.0479   0.4749   0.8104
   4.900   0.8815   0.01688   0.00985  -0.0483   0.4735   0.8217
   5.000   0.8961   0.01699   0.01000  -0.0491   0.4722   0.8340
   5.100   0.9057   0.01708   0.01022  -0.0490   0.4706   0.8485
   5.200   0.9178   0.01718   0.01044  -0.0494   0.4685   0.8659
   5.300   0.9337   0.01726   0.01063  -0.0506   0.4656   0.8861
   5.400   0.9553   0.01732   0.01075  -0.0530   0.4617   0.9070
   5.600   1.0010   0.01747   0.01096  -0.0584   0.4513   0.9504
   5.700   1.0226   0.01755   0.01107  -0.0609   0.4466   0.9722
   5.800   1.0459   0.01763   0.01110  -0.0636   0.4421   0.9876
   5.900   1.0585   0.01779   0.01129  -0.0644   0.4383   1.0000
   6.000   1.0602   0.01787   0.01139  -0.0629   0.4359   1.0000
   6.100   1.0629   0.01793   0.01145  -0.0615   0.4330   1.0000
   6.200   1.0675   0.01800   0.01151  -0.0605   0.4303   1.0000
   6.300   1.0742   0.01807   0.01154  -0.0598   0.4276   1.0000
   6.400   1.0821   0.01817   0.01160  -0.0594   0.4247   1.0000
   6.500   1.0815   0.01826   0.01174  -0.0574   0.4220   1.0000
   6.600   1.0827   0.01835   0.01186  -0.0557   0.4191   1.0000
   6.700   1.0851   0.01843   0.01195  -0.0542   0.4163   1.0000
   6.800   1.0879   0.01850   0.01199  -0.0528   0.4133   1.0000
   6.900   1.0974   0.01860   0.01201  -0.0526   0.4097   1.0000
   7.000   1.0952   0.01869   0.01217  -0.0503   0.4074   1.0000
   7.100   1.0946   0.01880   0.01232  -0.0483   0.4047   1.0000
   7.200   1.0955   0.01890   0.01244  -0.0467   0.4017   1.0000
   7.300   1.0973   0.01900   0.01254  -0.0451   0.3983   1.0000
   7.400   1.1040   0.01911   0.01257  -0.0445   0.3942   1.0000
   7.500   1.1024   0.01926   0.01279  -0.0425   0.3912   1.0000
   7.600   1.1021   0.01941   0.01299  -0.0407   0.3877   1.0000
   7.700   1.1019   0.01956   0.01315  -0.0390   0.3834   1.0000
   7.800   1.1055   0.01971   0.01322  -0.0379   0.3786   1.0000
   7.900   1.1040   0.01993   0.01351  -0.0361   0.3748   1.0000
   8.000   1.1028   0.02015   0.01378  -0.0344   0.3700   1.0000
   8.100   1.1027   0.02038   0.01396  -0.0328   0.3643   1.0000
   8.200   1.1008   0.02067   0.01430  -0.0311   0.3585   1.0000
   8.300   1.0990   0.02099   0.01463  -0.0295   0.3521   1.0000
   8.400   1.0967   0.02136   0.01497  -0.0278   0.3450   1.0000
   8.500   1.0934   0.02179   0.01543  -0.0261   0.3365   1.0000
   8.600   1.0885   0.02232   0.01595  -0.0243   0.3260   1.0000
   8.700   1.0829   0.02295   0.01655  -0.0225   0.3139   1.0000
   8.800   1.0744   0.02377   0.01734  -0.0205   0.2904   1.0000
   8.900   1.0641   0.02479   0.01822  -0.0185   0.2606   1.0000
   9.000   1.0510   0.02607   0.01930  -0.0164   0.2308   1.0000
   9.100   1.0372   0.02752   0.02056  -0.0144   0.2021   1.0000
   9.200   1.0228   0.02911   0.02197  -0.0125   0.1729   1.0000
   9.300   1.0100   0.03069   0.02341  -0.0109   0.1476   1.0000
   9.400   0.9993   0.03218   0.02479  -0.0095   0.1280   1.0000
   9.500   0.9867   0.03388   0.02638  -0.0081   0.1107   1.0000
   9.600   0.9769   0.03543   0.02787  -0.0070   0.1001   1.0000
   9.700   0.9680   0.03697   0.02936  -0.0060   0.0919   1.0000
   9.800   0.9617   0.03836   0.03074  -0.0053   0.0862   1.0000
   9.900   0.9542   0.03989   0.03225  -0.0045   0.0817   1.0000
  10.000   0.9514   0.04106   0.03346  -0.0040   0.0785   1.0000
  10.100   0.9464   0.04245   0.03486  -0.0035   0.0744   1.0000
  10.200   0.9420   0.04383   0.03624  -0.0030   0.0723   1.0000
  10.300   0.9364   0.04534   0.03777  -0.0026   0.0705   1.0000
  10.400   0.9321   0.04675   0.03921  -0.0022   0.0683   1.0000
  10.500   0.9302   0.04798   0.04048  -0.0020   0.0664   1.0000
  10.600   0.9281   0.04922   0.04176  -0.0017   0.0646   1.0000
  10.700   0.9254   0.05056   0.04312  -0.0015   0.0631   1.0000
  10.800   0.9216   0.05202   0.04460  -0.0013   0.0618   1.0000
  10.900   0.9172   0.05353   0.04613  -0.0011   0.0606   1.0000
  11.000   0.9125   0.05511   0.04772  -0.0009   0.0595   1.0000
  11.100   0.9078   0.05668   0.04930  -0.0008   0.0586   1.0000
  11.200   0.9063   0.05796   0.05061  -0.0006   0.0572   1.0000
  11.300   0.9070   0.05901   0.05169  -0.0006   0.0562   1.0000
  11.400   0.9061   0.06023   0.05294  -0.0005   0.0549   1.0000
  11.500   0.9058   0.06138   0.05411  -0.0004   0.0536   1.0000
  11.600   0.9049   0.06260   0.05534  -0.0003   0.0527   1.0000
  11.700   0.9045   0.06375   0.05650  -0.0003   0.0516   1.0000
  11.800   0.9043   0.06486   0.05761  -0.0002   0.0508   1.0000
  11.900   0.9033   0.06603   0.05877  -0.0001   0.0501   1.0000
  12.000   0.9019   0.06716   0.05985   0.0002   0.0491   1.0000
  12.100   0.9031   0.06803   0.06073   0.0005   0.0481   1.0000
  12.200   0.9059   0.06887   0.06161   0.0005   0.0473   1.0000
  12.300   0.9086   0.06966   0.06242   0.0007   0.0465   1.0000
  12.400   0.9115   0.07044   0.06322   0.0007   0.0456   1.0000
  12.500   0.9140   0.07124   0.06403   0.0009   0.0445   1.0000
  12.600   0.9167   0.07204   0.06483   0.0009   0.0437   1.0000
  12.700   0.9197   0.07280   0.06557   0.0010   0.0429   1.0000
  12.800   0.9228   0.07347   0.06622   0.0012   0.0421   1.0000
  12.900   0.9265   0.07397   0.06668   0.0015   0.0411   1.0000
  13.000   0.9336   0.07392   0.06659   0.0021   0.0406   1.0000
