1.0,0.0
0.981489237283,0.00585094141131
0.963048921531,0.0115820732149
0.944679052746,0.0171933954109
0.926379630926,0.0226849079992
0.908150656072,0.0280566109798
0.889992128184,0.0333085043528
0.871904047262,0.038440588118
0.853886413305,0.0434528622756
0.835939226315,0.0483453268256
0.81806248629,0.0531179817678
0.800256193231,0.0577708271024
0.782520347138,0.0623038628293
0.764854948011,0.0667170889485
0.747259995849,0.0710105054601
0.729735490654,0.075184112364
0.712281432424,0.0792379096602
0.69489782116,0.0831718973487
0.677584656862,0.0869860754296
0.66034193953,0.0906804439028
0.643169669163,0.0942550027683
0.626116612168,0.097675685339
0.60923153495,0.100908424928
0.592514437508,0.103953221534
0.575965319844,0.106810075158
0.559584181956,0.109478985801
0.543371023844,0.111959953461
0.52732584551,0.114252978139
0.511448646953,0.116358059835
0.495739428172,0.118275198549
0.480198189168,0.120004394281
0.464824929941,0.121545647031
0.44961965049,0.122898956799
0.434582350817,0.124064323585
0.41971303092,0.125041747389
0.4050116908,0.12583122821
0.390478330457,0.12643276605
0.376112949891,0.126846360907
0.361915549101,0.127072012783
0.347886128088,0.127109721676
0.334024686853,0.126959487587
0.320346359072,0.126649650923
0.306866278425,0.126208552091
0.293584444913,0.125636191091
0.280500858534,0.124932567923
0.267615519289,0.124097682586
0.254928427178,0.123131535082
0.242439582201,0.122034125409
0.230148984358,0.120805453568
0.218056633649,0.119445519559
0.206162530074,0.117954323382
0.194466673633,0.116331865037
0.182969064325,0.114578144524
0.171669702152,0.112693161842
0.160568587112,0.110676916993
0.149665719207,0.108529409975
0.138961098435,0.106250640789
0.128454724798,0.103840609435
0.118146598294,0.101299315913
0.108036718924,0.0986267602228
0.0981250866885,0.0958229423644
0.0885578907364,0.0929335426297
0.0794813202177,0.0900042413106
0.0708953751325,0.087035038407
0.0628000554807,0.0840259339191
0.0551953612623,0.0809769278466
0.0480812924774,0.0778880201897
0.0414578491259,0.0747592109484
0.0353250312079,0.0715905001227
0.0296828387233,0.0683818877125
0.0245312716721,0.0651333737178
0.0198703300544,0.0618449581387
0.0157000138702,0.0585166409752
0.0120203231193,0.0551484222273
0.00883125780197,0.0517403018949
0.00613281791803,0.048292279978
0.00392500346754,0.0448043564767
0.00220781445049,0.041276531391
0.000981250866885,0.0377088047208
0.000245312716721,0.0341011764662
0.0,0.0304536466271
0.000238980695431,0.02678763583
0.000955922781723,0.0231245647013
0.00215082625888,0.0194644332409
0.00382369112689,0.0158072414488
0.00597451738577,0.0121529893252
0.00860330503551,0.00850167686982
0.0117100540761,0.00485330408283
0.0152947645076,0.00120787096421
0.0193574363299,-0.00243462248607
0.0238980695431,-0.00607417626799
0.0289166641471,-0.00971079038155
0.034413220142,-0.0133444648268
0.0403877375278,-0.0169751996036
0.0468402163044,-0.0206029947121
0.0537706564719,-0.0242278501523
0.0611790580303,-0.0278497659241
0.0690654209795,-0.0314687420275
0.0774297453196,-0.0350847784626
0.0862720310505,-0.0386978752294
0.0955922781723,-0.0423080323277
0.105304584501,-0.0458080112162
0.115323047852,-0.049090573353
0.125647668227,-0.0521557187383
0.136278445624,-0.055003447372
0.147215380044,-0.0576337592542
0.158458471486,-0.0600466543848
0.170007719952,-0.0622421327638
0.18186312544,-0.0642201943912
0.194024687951,-0.0659808392671
0.206492407485,-0.0675240673914
0.219266284042,-0.0688498787642
0.232346317621,-0.0699582733853
0.245732508224,-0.0708492512549
0.259424855849,-0.071522812373
0.273423360497,-0.0719789567394
0.287728022168,-0.0722176843543
0.302338840861,-0.0722389952177
0.317255816578,-0.0720428893294
0.332478949317,-0.0716293666896
0.348008239079,-0.0709984272983
0.363669250941,-0.0702277450004
0.379287549981,-0.0693949936412
0.394863136198,-0.0685001732205
0.410396009592,-0.0675432837384
0.425886170164,-0.066524325195
0.441333617913,-0.0654432975901
0.45673835284,-0.0643002009239
0.472100374944,-0.0630950351962
0.487419684226,-0.0618278004072
0.502696280685,-0.0604984965567
0.517930164322,-0.0591071236449
0.533121335136,-0.0576536816716
0.548269793127,-0.056138170637
0.563375538296,-0.0545605905409
0.578438570642,-0.0529209413835
0.593458890166,-0.0512192231647
0.608436496867,-0.0494554358844
0.623371390746,-0.0476295795428
0.638263571802,-0.0457416541397
0.653113040035,-0.0437916596753
0.668066963666,-0.0418002029807
0.683272510915,-0.0397878908873
0.698729681781,-0.037754723395
0.714438476265,-0.0357007005038
0.730398894366,-0.0336258222138
0.746610936085,-0.0315300885249
0.763074601422,-0.0294134994372
0.779789890376,-0.0272760549505
0.796756802948,-0.0251177550651
0.813975339138,-0.0229385997807
0.831445498945,-0.0207385890976
0.849167282369,-0.0185177230155
0.867140689411,-0.0162760015346
0.885365720071,-0.0140134246548
0.903842374349,-0.0117299923761
0.922570652244,-0.00942570469864
0.941550553756,-0.00710056162228
0.960782078887,-0.00475456314705
0.980265227635,-0.00238770927295
1.0,0.0
