1.0,0.0
0.981815733084,0.0055713877179
0.963681735005,0.0110402988048
0.945598005763,0.0164067332606
0.927564545358,0.0216706910854
0.909581353789,0.0268321722792
0.891648431058,0.031891176842
0.873765777164,0.0368477047737
0.855933392107,0.0417017560744
0.838151275887,0.046453330744
0.820419428505,0.0511024287827
0.802737849959,0.0556490501903
0.78510654025,0.0600931949668
0.767525499378,0.0644348631124
0.749994727343,0.0686740546269
0.732514224145,0.0728107695104
0.715083989784,0.0768450077628
0.697704024261,0.0807767693842
0.680374327574,0.0846060543746
0.663094899724,0.088332862734
0.645865740711,0.0919571944623
0.628748841435,0.0954374734508
0.611806192792,0.0987321235907
0.595037794785,0.101841144882
0.578443647412,0.104764537324
0.562023750674,0.107502300918
0.54577810457,0.110054435664
0.529706709102,0.11242094156
0.513809564268,0.114601818608
0.498086670068,0.116597066808
0.482538026503,0.118406686159
0.467163633573,0.120030676661
0.451963491278,0.121469038314
0.436937599617,0.122721771119
0.422085958591,0.123788875075
0.4074085682,0.124670350183
0.392905428444,0.125366196442
0.378576539322,0.125876413852
0.364421900834,0.126201002414
0.350441512982,0.126339962127
0.336635375764,0.126293292991
0.32301003259,0.126084080216
0.309572026869,0.125735409012
0.296321358601,0.125247279377
0.283258027787,0.124619691313
0.270382034425,0.123852644819
0.257693378517,0.122946139895
0.245192060062,0.121900176541
0.23287807906,0.120714754757
0.220751435511,0.119389874544
0.208812129415,0.117925535901
0.197060160772,0.116321738828
0.185495529583,0.114578483325
0.174118235846,0.112695769392
0.162928279563,0.11067359703
0.151925660733,0.108511966237
0.141110379356,0.106210877015
0.130482435432,0.103770329363
0.120041828961,0.101190323282
0.109788559944,0.0984708587701
0.0997226283792,0.0956119358286
0.0899996721122,0.0926668731119
0.0807753289872,0.0896889892743
0.072049599004,0.0866782843159
0.0638224821627,0.0836347582367
0.0560939784633,0.0805584110367
0.0488640879058,0.0774492427158
0.0421328104902,0.074307253274
0.0359001462165,0.0711324427115
0.0301660950847,0.0679248110281
0.0249306570948,0.0646843582239
0.0201938322468,0.0614110842988
0.0159556205407,0.0581049892529
0.0122160219765,0.0547660730862
0.00897503655413,0.0513943357987
0.0062326642737,0.0479897773903
0.00398890513517,0.0445523978611
0.00224375913853,0.0410821972111
0.000997226283792,0.0375791754402
0.000249306570948,0.0340433325485
0.0,0.0304746685359
0.000248169295737,0.0268874212247
0.000992677182949,0.0232958284369
0.00223352366164,0.0196998901725
0.0039707087318,0.0160996064315
0.00620423239343,0.012494977214
0.00893409464654,0.0088860025199
0.0121602954911,0.00527268234922
0.0158828349272,0.00165501670196
0.0201017129547,-0.00196699442187
0.0248169295737,-0.00559335102228
0.0300284847842,-0.00922405309926
0.0357363785862,-0.0128591006528
0.0419406109796,-0.0164984936829
0.0486411819645,-0.0201422321896
0.0558380915409,-0.0237903161729
0.0635313397088,-0.0274427456328
0.0717209264681,-0.0310995205692
0.0804068518189,-0.0347606409822
0.0895891157612,-0.0384261068718
0.0992677182949,-0.0420959182379
0.109308935754,-0.0456588779986
0.119579044472,-0.0490037890718
0.130078044449,-0.0521306514574
0.140805935686,-0.0550394651555
0.151762718181,-0.0577302301662
0.162948391936,-0.0602029464893
0.17436295695,-0.0624576141249
0.186006413223,-0.0644942330729
0.197878760755,-0.0663128033335
0.209979999546,-0.0679133249065
0.222310129596,-0.0692957977921
0.234869150906,-0.0704602219901
0.247657063474,-0.0714065975006
0.260673867302,-0.0721349243236
0.273919562389,-0.0726452024591
0.287394148735,-0.072937431907
0.30109762634,-0.0730116126675
0.315029995204,-0.0728677447404
0.329191255327,-0.0725058281258
0.34358140671,-0.0719258628237
0.358122959956,-0.0711992405493
0.372738425673,-0.0703973530175
0.387427803859,-0.0695202002286
0.402191094515,-0.0685677821823
0.41702829764,-0.0675400988789
0.431939413235,-0.0664371503182
0.4469244413,-0.0652589365002
0.461983381834,-0.064005457425
0.477116234838,-0.0626767130925
0.492323000312,-0.0612727035028
0.507603678255,-0.0597934286559
0.522958268668,-0.0582388885517
0.538386771551,-0.0566090831902
0.553889186903,-0.0549040125715
0.569465514725,-0.0531236766956
0.585115755016,-0.0512680755624
0.600839907778,-0.049337209172
0.616637973008,-0.0473310775243
0.632509950709,-0.0452496806193
0.648455840879,-0.0430930184572
0.664518405362,-0.0409007058598
0.680740405999,-0.0387123576491
0.697121842792,-0.0365279738253
0.71366271574,-0.0343475543883
0.730363024843,-0.0321710993381
0.747222770101,-0.0299986086746
0.764241951514,-0.027830082398
0.781420569082,-0.0256655205081
0.798758622806,-0.0235049230051
0.816256112684,-0.0213482898888
0.833913038718,-0.0191956211594
0.851729400906,-0.0170469168167
0.86970519925,-0.0149021768608
0.887840433749,-0.0127614012918
0.906135104403,-0.0106245901095
0.924589211212,-0.008491743314
0.943202754177,-0.00636286090531
0.961975733296,-0.00423794288341
0.98090814857,-0.00211698924831
1.0,0.0
