1.0,0.0
0.981525639513,0.00573169782984
0.963114196052,0.0113526363309
0.944765669618,0.0168628155032
0.926480060211,0.0222622353468
0.90825736783,0.0275508958616
0.890097592476,0.0327287970476
0.872000734149,0.0377959389049
0.853966792849,0.0427523214334
0.835995768576,0.0475979446331
0.818087661329,0.0523328085041
0.800242471109,0.0569569130464
0.782460197915,0.0614702582598
0.764740841749,0.0658728441445
0.747084402609,0.0701646707005
0.729490880496,0.0743457379276
0.71196027541,0.0784160458261
0.69449258735,0.0823755943957
0.677087816317,0.0862243836366
0.659745962311,0.0899624135488
0.642467025331,0.0935896841321
0.625311713999,0.0970682543605
0.608340736935,0.100360183207
0.591554094137,0.103465470673
0.574951785608,0.106384116758
0.558533811346,0.109116121461
0.542300171352,0.111661484782
0.526250865626,0.114020206723
0.510385894167,0.116192287282
0.494705256975,0.118177726459
0.479208954052,0.119976524256
0.463896985396,0.121588680671
0.448769351007,0.123014195705
0.433826050886,0.124253069357
0.419067085033,0.125305301628
0.404492453447,0.126170892518
0.390102156129,0.126849842027
0.375896193079,0.127342150154
0.361874564296,0.1276478169
0.348037269781,0.127766842264
0.334384309533,0.127699226247
0.320914065775,0.127468376906
0.307624920725,0.127097702297
0.294516874386,0.126587202421
0.281589926756,0.125936877278
0.268844077836,0.125146726867
0.256279327626,0.124216751189
0.243895676125,0.123146950243
0.231693123334,0.12193732403
0.219671669252,0.12058787255
0.207831313881,0.119098595802
0.196172057219,0.117469493786
0.184693899267,0.115700566504
0.173396840024,0.113791813953
0.162280879491,0.111743236136
0.151346017668,0.109554833051
0.140592254555,0.107226604698
0.130019590151,0.104758551079
0.119628024457,0.102150672191
0.109417557473,0.0994029680367
0.099388189198,0.0965154386147
0.0896978407512,0.0935419450463
0.0805044332504,0.0905363484528
0.0718079666956,0.087498648834
0.0636084410867,0.0844288461901
0.0559058564239,0.0813269405211
0.048700212707,0.0781929318268
0.0419915099362,0.0750268201074
0.0357797481113,0.0718286053628
0.0300649272324,0.068598287593
0.0248470472995,0.065335866798
0.0201261083126,0.0620413429778
0.0159021102717,0.0587147161325
0.0121750531768,0.055355986262
0.00894493702782,0.0519651533663
0.00621176182488,0.0485422174455
0.00397552756792,0.0450871784994
0.00223623425696,0.0416000365282
0.00099388189198,0.0380807915318
0.000248470472995,0.0345294435102
0.0,0.0309459924634
0.000237299261323,0.0273423221686
0.000949197045293,0.0237303164026
0.00213569335191,0.0201099751655
0.00379678818117,0.0164812984574
0.00593248153308,0.0128442862781
0.00854277340764,0.00919893862782
0.0116276638048,0.00554525550642
0.0151871527247,0.00188323691394
0.0192212401672,-0.00178711714963
0.0237299261323,-0.00546580668429
0.0287132106201,-0.00915283169003
0.0341710936305,-0.0128481921669
0.0401035751636,-0.0165518881148
0.0465106552193,-0.0202639195338
0.0533923337977,-0.0239842864238
0.0607486108987,-0.027712988785
0.0685794865224,-0.0314500266173
0.0768849606687,-0.0351953999206
0.0856650333377,-0.038949108695
0.0949197045293,-0.0427111529405
0.104548768825,-0.0463646207216
0.114452020808,-0.0497926001027
0.124629460477,-0.0529950910839
0.135081087832,-0.0559720936652
0.145806902873,-0.0587236078465
0.156806905601,-0.0612496336279
0.168081096015,-0.0635501710094
0.179629474116,-0.0656252199909
0.191452039903,-0.0674747805725
0.203548793376,-0.0690988527541
0.215919734536,-0.0704974365358
0.228564863382,-0.0716705319176
0.241484179914,-0.0726181388994
0.254677684133,-0.0733402574813
0.268145376038,-0.0738368876633
0.28188725563,-0.0741080294453
0.295903322907,-0.0741536828273
0.310193577872,-0.0739738478095
0.324758020522,-0.0735685243917
0.339596650859,-0.072937712574
0.354590575111,-0.072158434235
0.369620899509,-0.0713077112536
0.384687624052,-0.0703855436297
0.399790748739,-0.0693919313633
0.414930273572,-0.0683268744544
0.43010619855,-0.067190372903
0.445318523673,-0.0659824267091
0.460567248941,-0.0647030358727
0.475852374354,-0.0633522003939
0.491173899912,-0.0619299202726
0.506531825615,-0.0604361955087
0.521926151463,-0.0588710261024
0.537356877456,-0.0572344120536
0.552824003594,-0.0555263533624
0.568327529877,-0.0537468500286
0.583867456306,-0.0518959020523
0.599443782879,-0.0499735094336
0.615056509597,-0.0479796721723
0.630705636461,-0.0459143902686
0.646391163469,-0.0437776637224
0.662193726288,-0.041604393139
0.678193960581,-0.0394294791238
0.694391866348,-0.0372529216766
0.71078744359,-0.0350747207976
0.727380692306,-0.0328948764868
0.744171612497,-0.0307133887441
0.761160204163,-0.0285302575695
0.778346467303,-0.026345482963
0.795730401918,-0.0241590649247
0.813312008007,-0.0219710034545
0.831091285571,-0.0197812985525
0.849068234609,-0.0175899502186
0.867242855122,-0.0153969584528
0.88561514711,-0.0132023232551
0.904185110572,-0.0110060446256
0.922952745508,-0.00880812256421
0.941918051919,-0.00660855707095
0.961081029805,-0.00440734814584
0.980441679165,-0.00220449578885
1.0,0.0
