  
       XFOIL         Version 6.99
  
 Calculated polar for: G27A3                                           
  
 1 1 Reynolds number fixed          Mach number fixed         
  
 xtrf =   1.000 (top)        1.000 (bottom)  
 Mach =   0.000     Re =     0.200 e 6     Ncrit =   9.000
  
   alpha    CL        CD       CDp       CM     Top_Xtr  Bot_Xtr
  ------ -------- --------- --------- -------- -------- --------
   1.000   0.7910   0.02436   0.01492  -0.0985   0.3849   0.4837
   1.100   0.8017   0.02449   0.01508  -0.0985   0.3844   0.4850
   1.200   0.8123   0.02462   0.01524  -0.0985   0.3839   0.4865
   1.300   0.8230   0.02475   0.01539  -0.0985   0.3834   0.4882
   1.400   0.8337   0.02488   0.01554  -0.0986   0.3829   0.4902
   1.500   0.8445   0.02500   0.01567  -0.0986   0.3824   0.4923
   1.600   0.8552   0.02513   0.01579  -0.0987   0.3819   0.4946
   1.700   0.8658   0.02525   0.01594  -0.0988   0.3814   0.4965
   1.800   0.8763   0.02540   0.01613  -0.0988   0.3810   0.4978
   1.900   0.8867   0.02555   0.01634  -0.0987   0.3805   0.4991
   2.000   0.8972   0.02572   0.01656  -0.0987   0.3799   0.5005
   2.100   0.9076   0.02589   0.01677  -0.0987   0.3794   0.5020
   2.200   0.9181   0.02607   0.01698  -0.0987   0.3789   0.5039
   2.300   0.9286   0.02625   0.01719  -0.0987   0.3784   0.5059
   2.400   0.9392   0.02641   0.01737  -0.0988   0.3779   0.5083
   2.500   0.9497   0.02657   0.01754  -0.0988   0.3773   0.5109
   2.600   0.9602   0.02674   0.01769  -0.0989   0.3767   0.5137
   2.700   0.9702   0.02687   0.01786  -0.0988   0.3761   0.5153
   2.800   0.9802   0.02701   0.01805  -0.0988   0.3754   0.5167
   2.900   0.9904   0.02718   0.01826  -0.0987   0.3748   0.5182
   3.000   1.0006   0.02737   0.01848  -0.0987   0.3742   0.5198
   3.100   1.0109   0.02755   0.01870  -0.0987   0.3736   0.5218
   3.200   1.0212   0.02776   0.01893  -0.0987   0.3731   0.5240
   3.300   1.0317   0.02797   0.01916  -0.0988   0.3727   0.5265
   3.400   1.0422   0.02820   0.01939  -0.0989   0.3722   0.5294
   3.500   1.0529   0.02845   0.01962  -0.0990   0.3717   0.5322
   3.600   1.0631   0.02865   0.01988  -0.0991   0.3713   0.5337
   3.700   1.0734   0.02890   0.02018  -0.0991   0.3708   0.5354
   3.800   1.0839   0.02920   0.02051  -0.0992   0.3704   0.5371
   3.900   1.0945   0.02953   0.02088  -0.0993   0.3699   0.5392
   4.000   1.1050   0.02991   0.02129  -0.0995   0.3694   0.5415
   4.100   1.1156   0.03036   0.02177  -0.0997   0.3689   0.5441
   4.200   1.1259   0.03094   0.02236  -0.0999   0.3683   0.5468
   4.300   1.1344   0.03129   0.02273  -0.0997   0.3679   0.5495
   4.400   1.1416   0.03139   0.02291  -0.0991   0.3676   0.5513
   4.500   1.1484   0.03149   0.02310  -0.0985   0.3671   0.5529
   4.600   1.1551   0.03164   0.02333  -0.0979   0.3666   0.5546
   4.700   1.1619   0.03182   0.02359  -0.0972   0.3661   0.5565
   4.800   1.1684   0.03201   0.02385  -0.0966   0.3655   0.5587
   4.900   1.1750   0.03220   0.02410  -0.0960   0.3649   0.5611
   5.000   1.1818   0.03243   0.02438  -0.0954   0.3642   0.5636
   5.100   1.1885   0.03266   0.02465  -0.0948   0.3635   0.5663
   5.200   1.1947   0.03282   0.02485  -0.0941   0.3624   0.5685
   5.300   1.2009   0.03292   0.02504  -0.0935   0.3611   0.5702
   5.400   1.2077   0.03296   0.02513  -0.0928   0.3595   0.5721
   5.500   1.2157   0.03298   0.02518  -0.0924   0.3578   0.5741
   5.600   1.2263   0.03292   0.02512  -0.0924   0.3560   0.5766
   5.700   1.2396   0.03281   0.02496  -0.0929   0.3541   0.5794
   5.800   1.2516   0.03277   0.02487  -0.0932   0.3523   0.5822
   5.900   1.2641   0.03288   0.02493  -0.0936   0.3508   0.5850
   6.000   1.2769   0.03318   0.02520  -0.0942   0.3493   0.5872
   6.100   1.2868   0.03383   0.02588  -0.0945   0.3477   0.5890
   6.200   1.2887   0.03376   0.02591  -0.0929   0.3468   0.5906
   6.300   1.2910   0.03379   0.02603  -0.0915   0.3458   0.5924
   6.400   1.2938   0.03385   0.02618  -0.0902   0.3445   0.5942
   6.500   1.2978   0.03398   0.02638  -0.0891   0.3433   0.5962
   6.600   1.3022   0.03411   0.02656  -0.0882   0.3421   0.5983
   6.700   1.3075   0.03419   0.02668  -0.0873   0.3406   0.6005
   6.800   1.3141   0.03423   0.02674  -0.0867   0.3391   0.6026
   6.900   1.3227   0.03418   0.02669  -0.0864   0.3375   0.6047
   7.000   1.3332   0.03406   0.02659  -0.0864   0.3359   0.6066
   7.100   1.3431   0.03397   0.02652  -0.0863   0.3345   0.6086
   7.200   1.3543   0.03385   0.02639  -0.0865   0.3330   0.6108
   7.300   1.3666   0.03376   0.02627  -0.0868   0.3316   0.6132
   7.400   1.3799   0.03380   0.02627  -0.0874   0.3303   0.6157
   7.500   1.3970   0.03423   0.02664  -0.0889   0.3286   0.6185
   7.600   1.3966   0.03428   0.02677  -0.0870   0.3276   0.6202
   7.700   1.3948   0.03431   0.02689  -0.0849   0.3264   0.6217
   7.800   1.3947   0.03438   0.02706  -0.0832   0.3251   0.6232
   7.900   1.3952   0.03441   0.02717  -0.0815   0.3237   0.6247
   8.000   1.3971   0.03442   0.02725  -0.0801   0.3221   0.6265
   8.100   1.4004   0.03433   0.02721  -0.0788   0.3205   0.6284
   8.200   1.4053   0.03418   0.02708  -0.0778   0.3188   0.6304
   8.300   1.4104   0.03405   0.02697  -0.0769   0.3174   0.6328
   8.400   1.4177   0.03385   0.02676  -0.0763   0.3158   0.6352
   8.500   1.4266   0.03360   0.02649  -0.0760   0.3144   0.6376
   8.700   1.4555   0.03299   0.02577  -0.0773   0.3111   0.6429
   8.800   1.4631   0.03298   0.02578  -0.0769   0.3094   0.6453
   8.900   1.4567   0.03310   0.02601  -0.0740   0.3084   0.6468
   9.000   1.4505   0.03321   0.02621  -0.0713   0.3070   0.6485
   9.100   1.4466   0.03331   0.02640  -0.0690   0.3055   0.6504
   9.200   1.4432   0.03336   0.02652  -0.0667   0.3037   0.6523
   9.300   1.4424   0.03334   0.02654  -0.0650   0.3019   0.6546
   9.400   1.4438   0.03322   0.02645  -0.0635   0.3001   0.6568
   9.500   1.4467   0.03304   0.02629  -0.0623   0.2985   0.6592
   9.600   1.4511   0.03269   0.02595  -0.0613   0.2967   0.6617
   9.700   1.4588   0.03221   0.02543  -0.0608   0.2947   0.6649
   9.800   1.4693   0.03171   0.02485  -0.0607   0.2927   0.6683
   9.900   1.4605   0.03205   0.02534  -0.0579   0.2910   0.6701
  10.000   1.4541   0.03235   0.02576  -0.0556   0.2890   0.6717
  10.100   1.4495   0.03253   0.02603  -0.0536   0.2865   0.6738
  10.200   1.4479   0.03259   0.02614  -0.0520   0.2840   0.6762
  10.300   1.4488   0.03242   0.02601  -0.0507   0.2812   0.6787
  10.400   1.4513   0.03214   0.02574  -0.0497   0.2784   0.6813
  10.500   1.4514   0.03213   0.02576  -0.0484   0.2755   0.6839
  10.600   1.4472   0.03257   0.02635  -0.0468   0.2710   0.6861
  10.700   1.4463   0.03266   0.02650  -0.0455   0.2660   0.6887
  10.800   1.4465   0.03257   0.02639  -0.0443   0.2607   0.6914
  10.900   1.4454   0.03297   0.02689  -0.0432   0.2526   0.6940
  11.000   1.4438   0.03316   0.02708  -0.0419   0.2412   0.6966
  11.100   1.4401   0.03355   0.02742  -0.0406   0.2265   0.6989
  11.200   1.4310   0.03431   0.02804  -0.0387   0.2072   0.7012
  11.300   1.4182   0.03551   0.02909  -0.0368   0.1881   0.7029
  11.400   1.4043   0.03701   0.03048  -0.0349   0.1711   0.7046
  11.500   1.3901   0.03871   0.03210  -0.0332   0.1574   0.7063
  11.600   1.3749   0.04061   0.03394  -0.0316   0.1459   0.7080
  11.800   1.3484   0.04449   0.03780  -0.0293   0.1312   0.7117
  12.000   1.3221   0.04885   0.04221  -0.0278   0.1220   0.7160
  12.100   1.3086   0.05126   0.04467  -0.0274   0.1184   0.7185
  12.200   1.2950   0.05384   0.04730  -0.0273   0.1160   0.7210
  12.300   1.2805   0.05668   0.05021  -0.0273   0.1141   0.7236
  12.400   1.2670   0.05960   0.05321  -0.0277   0.1127   0.7261
  12.500   1.2530   0.06276   0.05647  -0.0283   0.1113   0.7291
  12.600   1.2379   0.06624   0.06003  -0.0292   0.1101   0.7308
  12.800   1.2091   0.07333   0.06728  -0.0312   0.1077   0.7376
  12.900   1.1952   0.07675   0.07077  -0.0322   0.1062   0.7435
  13.000   1.1827   0.07990   0.07398  -0.0331   0.1049   0.7503
