  
       XFOIL         Version 6.99
  
 Calculated polar for: G68A19                                          
  
 1 1 Reynolds number fixed          Mach number fixed         
  
 xtrf =   1.000 (top)        1.000 (bottom)  
 Mach =   0.000     Re =     0.200 e 6     Ncrit =   9.000
  
   alpha    CL        CD       CDp       CM     Top_Xtr  Bot_Xtr
  ------ -------- --------- --------- -------- -------- --------
 -13.000  -1.2245   0.03059   0.02327  -0.0216   1.0000   0.1219
 -12.750  -1.2264   0.02980   0.02247  -0.0169   1.0000   0.1299
 -12.500  -1.2278   0.02910   0.02179  -0.0121   1.0000   0.1371
 -12.250  -1.2279   0.02853   0.02119  -0.0073   1.0000   0.1467
 -12.000  -1.2266   0.02812   0.02068  -0.0026   1.0000   0.1563
 -11.750  -1.2271   0.02770   0.02031   0.0025   1.0000   0.1634
 -11.500  -1.2245   0.02742   0.01989   0.0072   1.0000   0.1715
 -11.250  -1.2231   0.02714   0.01965   0.0121   1.0000   0.1777
 -11.000  -1.2222   0.02698   0.01935   0.0173   1.0000   0.1843
 -10.750  -1.2181   0.02669   0.01908   0.0218   1.0000   0.1898
 -10.500  -1.2130   0.02652   0.01886   0.0261   1.0000   0.1952
 -10.250  -1.2080   0.02640   0.01854   0.0306   1.0000   0.2010
 -10.000  -1.1956   0.02606   0.01831   0.0334   1.0000   0.2062
  -9.750  -1.1859   0.02591   0.01810   0.0370   1.0000   0.2114
  -9.500  -1.1772   0.02578   0.01781   0.0407   1.0000   0.2164
  -9.250  -1.1621   0.02546   0.01756   0.0430   1.0000   0.2216
  -9.000  -1.1495   0.02529   0.01738   0.0459   1.0000   0.2263
  -8.750  -1.1379   0.02516   0.01715   0.0491   1.0000   0.2314
  -8.500  -1.1224   0.02489   0.01681   0.0514   1.0000   0.2358
  -8.250  -1.1068   0.02468   0.01666   0.0536   1.0000   0.2405
  -8.000  -1.0878   0.02479   0.01674   0.0552   0.9989   0.2460
  -7.750  -1.0542   0.02553   0.01734   0.0540   0.9943   0.2523
  -7.500  -1.0284   0.02555   0.01746   0.0541   0.9913   0.2579
  -7.250  -0.9952   0.02609   0.01797   0.0529   0.9848   0.2647
  -7.000  -0.9686   0.02622   0.01803   0.0530   0.9789   0.2712
  -6.750  -0.9170   0.02667   0.01857   0.0484   0.9635   0.2800
  -6.500  -0.8699   0.02690   0.01864   0.0448   0.9501   0.2876
  -6.250  -0.8284   0.02660   0.01847   0.0421   0.9401   0.2943
  -6.000  -0.7842   0.02681   0.01866   0.0390   0.9352   0.3019
  -5.750  -0.7550   0.02634   0.01812   0.0388   0.9249   0.3084
  -5.500  -0.7067   0.02635   0.01823   0.0348   0.9214   0.3155
  -5.250  -0.6826   0.02588   0.01773   0.0358   0.9110   0.3224
  -5.000  -0.6338   0.02573   0.01761   0.0318   0.9077   0.3309
  -4.750  -0.6096   0.02524   0.01715   0.0327   0.8971   0.3379
  -4.500  -0.5631   0.02503   0.01688   0.0294   0.8935   0.3475
  -4.250  -0.5361   0.02445   0.01640   0.0297   0.8832   0.3545
  -4.000  -0.4925   0.02411   0.01603   0.0270   0.8793   0.3649
  -3.750  -0.4639   0.02349   0.01549   0.0270   0.8691   0.3732
  -3.500  -0.4207   0.02295   0.01497   0.0245   0.8644   0.3839
  -3.250  -0.3932   0.02231   0.01438   0.0249   0.8533   0.3931
  -3.000  -0.3508   0.02165   0.01377   0.0225   0.8481   0.4045
  -2.750  -0.3257   0.02099   0.01316   0.0235   0.8349   0.4139
  -2.000  -0.2459   0.01891   0.01128   0.0259   0.7834   0.4451
  -1.750  -0.2121   0.01808   0.01048   0.0254   0.7583   0.4577
  -1.500  -0.1479   0.01669   0.00904   0.0193   0.7246   0.4759
  -1.250  -0.0202   0.01489   0.00703  -0.0001   0.6624   0.5064
  -1.000   0.0278   0.01476   0.00670  -0.0043   0.6138   0.5286
  -0.750   0.0567   0.01472   0.00662  -0.0047   0.5854   0.5550
  -0.500   0.0820   0.01454   0.00657  -0.0043   0.5643   0.5980
   0.250   0.3664   0.01850   0.01113  -0.0435   0.5048   0.9045
   0.500   0.4129   0.01938   0.01181  -0.0469   0.4940   0.9190
   0.750   0.4772   0.02005   0.01246  -0.0542   0.4829   0.9267
   1.000   0.5286   0.02070   0.01292  -0.0589   0.4736   0.9371
   1.250   0.5843   0.02106   0.01328  -0.0646   0.4645   0.9452
   1.500   0.6321   0.02140   0.01352  -0.0688   0.4563   0.9537
   1.750   0.6899   0.02168   0.01372  -0.0752   0.4484   0.9618
   2.000   0.7381   0.02176   0.01379  -0.0797   0.4405   0.9700
   2.250   0.7880   0.02204   0.01396  -0.0846   0.4334   0.9788
   2.500   0.8470   0.02179   0.01370  -0.0915   0.4257   0.9864
   2.750   0.8979   0.02160   0.01350  -0.0967   0.4184   0.9948
   3.000   0.9560   0.02150   0.01326  -0.1037   0.4114   1.0000
   3.250   0.9730   0.02166   0.01348  -0.1019   0.4066   1.0000
   3.500   0.9895   0.02181   0.01367  -0.1000   0.4017   1.0000
   3.750   1.0094   0.02198   0.01383  -0.0988   0.3967   1.0000
   4.000   1.0390   0.02227   0.01403  -0.0997   0.3915   1.0000
   4.250   1.0579   0.02251   0.01432  -0.0983   0.3868   1.0000
   4.500   1.0721   0.02269   0.01457  -0.0959   0.3824   1.0000
   4.750   1.0902   0.02289   0.01479  -0.0943   0.3777   1.0000
   5.000   1.1140   0.02315   0.01501  -0.0939   0.3735   1.0000
   5.250   1.1471   0.02360   0.01542  -0.0956   0.3688   1.0000
   5.500   1.1546   0.02378   0.01572  -0.0917   0.3649   1.0000
   5.750   1.1682   0.02399   0.01602  -0.0892   0.3607   1.0000
   6.000   1.1847   0.02421   0.01624  -0.0873   0.3565   1.0000
   6.250   1.2081   0.02448   0.01643  -0.0869   0.3516   1.0000
   6.500   1.2141   0.02468   0.01673  -0.0828   0.3468   1.0000
   6.750   1.2172   0.02480   0.01695  -0.0781   0.3421   1.0000
   7.000   1.2246   0.02491   0.01707  -0.0744   0.3371   1.0000
   7.250   1.2417   0.02509   0.01718  -0.0726   0.3325   1.0000
   7.500   1.2483   0.02535   0.01753  -0.0688   0.3280   1.0000
   7.750   1.2518   0.02553   0.01783  -0.0643   0.3235   1.0000
   8.000   1.2569   0.02565   0.01797  -0.0602   0.3186   1.0000
   8.250   1.2710   0.02584   0.01813  -0.0579   0.3145   1.0000
   8.500   1.2800   0.02614   0.01849  -0.0547   0.3103   1.0000
   8.750   1.2810   0.02638   0.01886  -0.0499   0.3056   1.0000
   9.000   1.2865   0.02658   0.01910  -0.0461   0.3011   1.0000
   9.250   1.2968   0.02678   0.01926  -0.0432   0.2967   1.0000
   9.500   1.3006   0.02711   0.01966  -0.0391   0.2919   1.0000
   9.750   1.3022   0.02743   0.02012  -0.0347   0.2871   1.0000
  10.000   1.3052   0.02769   0.02041  -0.0305   0.2822   1.0000
  10.250   1.3166   0.02798   0.02061  -0.0280   0.2773   1.0000
  10.500   1.3139   0.02844   0.02126  -0.0231   0.2725   1.0000
  10.750   1.3148   0.02885   0.02177  -0.0188   0.2673   1.0000
  11.000   1.3198   0.02924   0.02214  -0.0153   0.2624   1.0000
  11.250   1.3216   0.02978   0.02277  -0.0114   0.2572   1.0000
  11.500   1.3206   0.03035   0.02346  -0.0072   0.2511   1.0000
  11.750   1.3218   0.03091   0.02400  -0.0034   0.2453   1.0000
  12.000   1.3210   0.03163   0.02487   0.0006   0.2390   1.0000
  12.250   1.3185   0.03242   0.02572   0.0047   0.2316   1.0000
  12.500   1.3156   0.03333   0.02669   0.0086   0.2236   1.0000
  12.750   1.3107   0.03441   0.02781   0.0126   0.2147   1.0000
  13.000   1.3044   0.03569   0.02918   0.0165   0.2034   1.0000
