1.0,0.0
0.983681739461,0.00566322179757
0.967267017421,0.01122019859
0.95075583388,0.0166709303773
0.934148188839,0.0220154171596
0.917444082298,0.0272536589367
0.900643514255,0.0323856557086
0.883746484713,0.0374114074755
0.866752993669,0.0423309142372
0.849663041125,0.0471441759939
0.832476627081,0.0518511927454
0.815193751536,0.0564519644918
0.79781441449,0.0609464912331
0.780338615944,0.0653347729692
0.762766355897,0.0696168097003
0.74509763435,0.0737926014262
0.727332451302,0.077862148147
0.709470806753,0.0818254498627
0.691512700704,0.0856825065733
0.673458133155,0.0894333182787
0.655307104104,0.0930778849791
0.637218886908,0.0965751874511
0.619352754918,0.0998842064717
0.601708708136,0.103004942041
0.584286746562,0.105937394159
0.567086870195,0.108681562825
0.550109079036,0.11123744804
0.533353373084,0.113605049803
0.516819752339,0.115784368115
0.500508216802,0.117775402976
0.484418766473,0.119578154385
0.468551401351,0.121192622342
0.452906121436,0.122618806848
0.437482926729,0.123856707903
0.422281817229,0.124906325506
0.407302792937,0.125767659658
0.392545853852,0.126440710358
0.378010999975,0.126925477607
0.363698231305,0.127221961405
0.349607547843,0.127330161751
0.335738949588,0.127250078645
0.322077628587,0.127005270081
0.308608776885,0.126619294052
0.295332394484,0.126092150557
0.282248481382,0.125423839596
0.26935703758,0.12461436117
0.256658063078,0.123663715278
0.244151557876,0.122571901921
0.231837521974,0.121338921098
0.219715955372,0.11996477281
0.20778685807,0.118449457056
0.196050230067,0.116792973837
0.184506071364,0.114995323152
0.173154381961,0.113056505001
0.161995161859,0.110976519385
0.151028411055,0.108755366304
0.140254129552,0.106393045757
0.129672317349,0.103889557744
0.119282974445,0.101244902266
0.109086100842,0.0984590793219
0.0990816965381,0.0955320889125
0.0894212311256,0.0925173048374
0.0802561741958,0.0894681008963
0.0715865257488,0.0863844770891
0.0634122857844,0.083266433416
0.0557334543027,0.0801139698769
0.0485500313037,0.0769270864717
0.0418620167873,0.0737057832005
0.0356694107537,0.0704500600634
0.0299722132028,0.0671599170602
0.0247704241345,0.063835354191
0.020064043549,0.0604763714558
0.0158530714461,0.0570829688546
0.0121375078259,0.0536551463874
0.00891735268843,0.0501929040541
0.00619260603363,0.0466962418549
0.00396326786152,0.0431651597897
0.00222933817211,0.0395996578584
0.000990816965381,0.0359997360612
0.000247704241345,0.0323653943979
0.0,0.0286966328686
0.000245758578174,0.0250135217321
0.000983034312696,0.021336131247
0.00221182720357,0.0176644614133
0.00393213725078,0.0139985122312
0.00614396445435,0.0103382837004
0.00884730881427,0.00668377582116
0.0120421703305,0.00303498859334
0.0157285490031,-0.000608077983026
0.0199064448321,-0.00424542390793
0.0245758578174,-0.00787704918139
0.0297367879591,-0.0115029538034
0.0353892352571,-0.0151231377739
0.0415331997114,-0.018737601093
0.0481686813221,-0.0223463437606
0.0552956800892,-0.0259493657768
0.0629141960126,-0.0295466671415
0.0710242290923,-0.0331382478548
0.0796257793284,-0.0367241079166
0.0887188467208,-0.040304247327
0.0983034312696,-0.0438786660859
0.108259621375,-0.0473421576118
0.118467505436,-0.0505895153231
0.128927083454,-0.0536207392198
0.139638355427,-0.0564358293019
0.150601321357,-0.0590347855694
0.161815981244,-0.0614176080223
0.173282335086,-0.0635842966607
0.185000382885,-0.0655348514844
0.19697012464,-0.0672692724936
0.209191560351,-0.0687875596882
0.221664690019,-0.0700897130681
0.234389513643,-0.0711757326335
0.247366031223,-0.0720456183843
0.260594242759,-0.0726993703206
0.274074148252,-0.0731369884422
0.2878057477,-0.0733584727492
0.301789041105,-0.0733638232417
0.316024028467,-0.0731530399195
0.330510709784,-0.0727261227828
0.345249085058,-0.0720830718315
0.36012917538,-0.0713002130166
0.375041001843,-0.0704538722892
0.389984564446,-0.0695440496494
0.404959863189,-0.068570745097
0.419966898073,-0.0675339586321
0.435005669098,-0.0664336902547
0.450076176263,-0.0652699399647
0.465178419568,-0.0640427077623
0.480312399014,-0.0627519936474
0.4954781146,-0.0613977976199
0.510675566327,-0.05998011968
0.525904754195,-0.0584989598275
0.541165678202,-0.0569543180626
0.556458338351,-0.0553461943851
0.57178273464,-0.0536745887951
0.587138867069,-0.0519395012926
0.602526735639,-0.0501409318776
0.617946340349,-0.0482788805501
0.633397681199,-0.0463533473101
0.648880758191,-0.0443643321576
0.664482554103,-0.0423337030238
0.680290051719,-0.0402833278402
0.696303251038,-0.0382132066066
0.712522152059,-0.0361233393232
0.728946754784,-0.0340137259898
0.745577059211,-0.0318843666065
0.762413065342,-0.0297352611733
0.779454773175,-0.0275664096902
0.796702182711,-0.0253778121572
0.81415529395,-0.0231694685743
0.831814106892,-0.0209413789414
0.849678621537,-0.0186935432587
0.867748837884,-0.016425961526
0.886024755935,-0.0141386337435
0.904506375689,-0.011831559911
0.923193697145,-0.00950474002863
0.942086720304,-0.00715817409634
0.961185445167,-0.00479186211413
0.980489871732,-0.00240580408202
1.0,0.0
