1.0,0.0
0.983723022714,0.00577043449576
0.96737716393,0.0114169133743
0.950962423648,0.0169394366355
0.934478801868,0.0223380042796
0.91792629859,0.0276126163064
0.901304913815,0.0327632727159
0.884614647542,0.0377899735082
0.86785549977,0.0426927186833
0.851027470501,0.0474715082411
0.834130559734,0.0521263421817
0.81716476747,0.056657220505
0.800130093707,0.0610641432111
0.783026538446,0.0653471102999
0.765854101688,0.0695061217715
0.748612783432,0.0735411776259
0.731302583678,0.077452277863
0.713923502426,0.0812394224829
0.696475539676,0.0849026114855
0.678958695428,0.0884418448709
0.661372969683,0.091857122639
0.643831662122,0.095126731662
0.626448072427,0.0982289588117
0.609222200599,0.101163804088
0.592154046637,0.103931267492
0.575243610542,0.106531349022
0.558490892313,0.108964048679
0.541895891951,0.111229366462
0.525458609455,0.113327302373
0.509179044826,0.11525785641
0.493057198064,0.117021028574
0.477093069167,0.118616818865
0.461286658138,0.120045227283
0.445637964975,0.121306253827
0.430146989678,0.122399898499
0.414813732248,0.123326161297
0.399638192684,0.124085042222
0.384620370987,0.124676541274
0.369760267156,0.125100658452
0.355057881192,0.125357393757
0.340513213094,0.12544674719
0.326164230257,0.12537625306
0.312048900075,0.125153445682
0.298167222547,0.124778325055
0.284519197674,0.124250891178
0.271104825455,0.123571144052
0.257924105891,0.122739083676
0.244977038981,0.121754710052
0.232263624726,0.120618023178
0.219783863126,0.119329023055
0.20753775418,0.117887709683
0.195525297889,0.116294083061
0.183746494252,0.11454814319
0.17220134327,0.11264989007
0.160889844943,0.110599323701
0.14981199927,0.108396444082
0.138967806252,0.106041251215
0.128357265888,0.103533745098
0.117980378179,0.100873925731
0.107837143125,0.0980617931159
0.0979275607252,0.0950973472512
0.0883796235545,0.0920433656306
0.0793213241874,0.0889626257474
0.070752662624,0.0858551276017
0.0626736388642,0.0827208711935
0.0550842529079,0.0795598565227
0.0479845047554,0.0763720835894
0.0413743944064,0.0731575523936
0.0352539218611,0.0699162629352
0.0296230871194,0.0666482152143
0.0244818901813,0.0633534092309
0.0198303310469,0.0600318449849
0.015668409716,0.0566835224764
0.0119961261888,0.0533084417053
0.00881348046527,0.0499066026717
0.00612047254533,0.0464780053756
0.00391710242901,0.043022649817
0.00220337011632,0.0395405359958
0.000979275607252,0.0360316639121
0.000244818901813,0.0324960335658
0.0,0.028933644957
0.000256564605368,0.0253560589768
0.00102625842147,0.0217748365163
0.00230908144831,0.0181899775753
0.00410503368589,0.0146014821541
0.0064141151342,0.0110093502525
0.00923632579325,0.00741358187055
0.012571665663,0.00381417700826
0.0164201347436,0.000211135665634
0.0207817330348,-0.00339554215734
0.0256564605368,-0.00700585646065
0.0310443172495,-0.0106198072443
0.036945303173,-0.0142373945083
0.0433594183072,-0.0178586182527
0.0502866626521,-0.0214834784773
0.0577270362078,-0.0251119751824
0.0656805389742,-0.0287441083678
0.0741471709514,-0.0323798780335
0.0831269321393,-0.0360192841795
0.0926198225379,-0.0396623268059
0.102625842147,-0.0433090059127
0.11299639696,-0.0468488227175
0.123582892971,-0.0501712784381
0.134385330178,-0.0532763730745
0.145403708583,-0.0561641066268
0.156638028184,-0.0588344790948
0.168088288983,-0.0612874904786
0.179754490979,-0.0635231407782
0.191636634172,-0.0655414299937
0.203734718562,-0.0673423581249
0.216048744149,-0.0689259251719
0.228578710933,-0.0702921311347
0.241324618914,-0.0714409760134
0.254286468092,-0.0723724598078
0.267464258468,-0.073086582518
0.28085799004,-0.0735833441441
0.29446766281,-0.0738627446859
0.308293276776,-0.0739247841435
0.32233483194,-0.073769462517
0.336592328301,-0.0733967798062
0.351065765859,-0.0728067360112
0.365669954337,-0.0720728372382
0.380319703457,-0.0712685895934
0.395015013221,-0.0703939930766
0.409755883628,-0.069449047688
0.424542314678,-0.0684337534275
0.439374306371,-0.0673481102951
0.454251858707,-0.0661921182909
0.469174971685,-0.0649657774148
0.484143645307,-0.0636690876668
0.499157879572,-0.0623020490469
0.51421767448,-0.0608646615552
0.52932303003,-0.0593569251916
0.544473946224,-0.0577788399561
0.559670423061,-0.0561304058487
0.57491246054,-0.0544116228695
0.590200058663,-0.0526224910184
0.605533217429,-0.0507630102954
0.620911936837,-0.0488331807005
0.636336216889,-0.0468330022338
0.651806057583,-0.0447624748952
0.667394532405,-0.0426501520221
0.683174714837,-0.0405245869521
0.699146604879,-0.038385779685
0.715310202532,-0.0362337302208
0.731665507795,-0.0340684385597
0.748212520668,-0.0318899047015
0.764951241153,-0.0296981286464
0.781881669247,-0.0274931103942
0.799003804952,-0.0252748499449
0.816317648268,-0.0230433472987
0.833823199194,-0.0207986024554
0.85152045773,-0.0185406154151
0.869409423878,-0.0162693861778
0.887490097635,-0.0139849147435
0.905762479003,-0.0116872011121
0.924226567981,-0.00937624528373
0.94288236457,-0.00705204725833
0.96172986877,-0.00471460703591
0.98076908058,-0.00236392461647
1.0,0.0
