1.0,0.0
0.982675755549,0.00566386333935
0.96535179378,0.011218083499
0.948028114694,0.016662660479
0.93070471829,0.0219975942793
0.913381604569,0.0272228848999
0.89605877353,0.0323385323409
0.878736225173,0.0373445366022
0.861413959499,0.0422408976837
0.844091976507,0.0470276155856
0.826770276197,0.0517046903078
0.80944885857,0.0562721218504
0.792127723625,0.0607299102132
0.774806871363,0.0650780553964
0.757486301783,0.0693165573999
0.740166014885,0.0734454162237
0.72284601067,0.0774646318678
0.705526289137,0.0813742043323
0.688206850287,0.085174133617
0.670887694119,0.0888644197221
0.653568820633,0.0924450626475
0.636317132403,0.0958788091938
0.619199532001,0.0991284061615
0.602216019428,0.102193853551
0.585366594683,0.105075151361
0.568651257767,0.107772299593
0.552070008679,0.110285298246
0.535622847419,0.112614147321
0.519309773988,0.114758846818
0.503130788385,0.116719396735
0.487085890611,0.118495797074
0.471175080665,0.120088047835
0.455398358547,0.121496149017
0.439755724258,0.12272010062
0.424247177798,0.123759902645
0.408872719166,0.124615555091
0.393632348362,0.125287057959
0.378526065387,0.125774411248
0.36355387024,0.126077614958
0.348715762921,0.12619666909
0.334011743431,0.126131573644
0.31950613976,0.125906823544
0.305263279899,0.125546913716
0.291283163847,0.125051844161
0.277565791605,0.124421614878
0.264111163173,0.123656225867
0.25091927855,0.122755677129
0.237990137736,0.121719968663
0.225323740733,0.120549100469
0.212920087538,0.119243072547
0.200779178154,0.117801884898
0.188901012579,0.116225537521
0.177285590814,0.114514030416
0.165932912858,0.112667363583
0.154842978712,0.110685537023
0.144015788375,0.108568550735
0.133451341848,0.106316404719
0.123149639131,0.103929098976
0.113110680223,0.101406633505
0.103334465125,0.0987490083058
0.0938209938368,0.0959562233792
0.0846734469377,0.0930746122592
0.0759950050078,0.09015050848
0.0677856680471,0.0871839120418
0.0600454360555,0.0841748229446
0.0527743090332,0.0811232411882
0.04597228698,0.0780291667728
0.039639369896,0.0748925996983
0.0337755577812,0.0717135399647
0.0283808506356,0.068491987572
0.0234552484592,0.0652279425202
0.018998751252,0.0619214048094
0.0150113590139,0.0585723744394
0.011493071745,0.0551808514104
0.00844388944531,0.0517468357224
0.0058638121148,0.0482703273752
0.00375283975347,0.044751326369
0.00211097236133,0.0411898327036
0.000938209938368,0.0375858463792
0.000234552484592,0.0339393673958
0.0,0.0302503957532
0.000258198299836,0.0265407677372
0.00103279319934,0.0228323196336
0.00232378469853,0.0191250514422
0.00413117279738,0.0154189631632
0.0064549574959,0.0117140547965
0.0092951387941,0.00801032634203
0.012651716692,0.0043077777999
0.0165246911895,0.000606409170067
0.0209140622867,-0.00309377954746
0.0258198299836,-0.00679278835268
0.0312419942802,-0.0104906172456
0.0371805551764,-0.0141872662262
0.0436355126723,-0.0178827352945
0.0506068667679,-0.0215770244505
0.0580946174631,-0.0252701336942
0.066098764758,-0.0289620630256
0.0746193086526,-0.0326528124447
0.0836562491469,-0.0363423819515
0.0932095862408,-0.040030771546
0.103279319934,-0.0437179812282
0.113718120217,-0.047291249956
0.124378657079,-0.0506378166874
0.135260930521,-0.0537576814225
0.146364940541,-0.056650844161
0.15769068714,-0.0593173049032
0.169238170319,-0.061757063649
0.181007390076,-0.0639701203984
0.192998346413,-0.0659564751513
0.205211039328,-0.0677161279078
0.217645468823,-0.0692490786679
0.230301634897,-0.0705553274317
0.243179537549,-0.0716348741989
0.256279176781,-0.0724877189698
0.269600552592,-0.0731138617443
0.283143664983,-0.0735133025224
0.296908513952,-0.073686041304
0.3108950995,-0.0736320780892
0.325103421627,-0.0733514128781
0.339533480334,-0.0728440456705
0.354185275619,-0.0721099764665
0.368962214057,-0.0712351669856
0.38376770222,-0.0703055789473
0.398601740108,-0.0693212123516
0.413464327721,-0.0682820671985
0.428355465059,-0.0671881434881
0.443275152123,-0.0660394412202
0.458223388912,-0.064835960395
0.473200175426,-0.0635777010124
0.488205511665,-0.0622646630724
0.503239397629,-0.060896846575
0.518301833319,-0.0594742515202
0.533392818734,-0.057996877908
0.548512353874,-0.0564647257385
0.563660438739,-0.0548777950115
0.578837073329,-0.0532360857272
0.594042257645,-0.0515395978855
0.609275991685,-0.0497883314864
0.624538275451,-0.0479822865299
0.639829108942,-0.046121463016
0.655148492159,-0.0442058609447
0.670577596103,-0.0422495045099
0.686197591779,-0.0402664179053
0.702008479187,-0.038256601131
0.718010258325,-0.036220054187
0.734202929195,-0.0341567770733
0.750586491796,-0.0320667697898
0.767160946129,-0.0299500323366
0.783926292192,-0.0278065647137
0.800882529987,-0.0256363669211
0.818029659514,-0.0234394389587
0.835367680772,-0.0212157808266
0.852896593761,-0.0189653925248
0.870616398481,-0.0166882740532
0.888527094933,-0.0143844254119
0.906628683116,-0.0120538466009
0.92492116303,-0.0096965376202
0.943404534675,-0.00731249846974
0.962078798052,-0.00490172914955
0.98094395316,-0.00246422965964
1.0,0.0
