1.0,0.0
0.983320297299,0.00564144138134
0.966612403193,0.0111739632223
0.94987631768,0.0165975655229
0.933112040762,0.0219122482831
0.916319572438,0.0271180115029
0.899498912709,0.0322148551823
0.882650061573,0.0372027793213
0.865773019032,0.04208178392
0.848867785085,0.0468518689783
0.831934359733,0.0515130344962
0.814972742974,0.0560652804737
0.79798293481,0.0605086069108
0.78096493524,0.0648430138076
0.763918744264,0.0690685011639
0.746844361882,0.0731850689799
0.729741788095,0.0771927172555
0.712611022902,0.0810914459907
0.695452066303,0.0848812551855
0.678264918298,0.08856214484
0.661049578888,0.092134114954
0.643872074681,0.0955595147889
0.626798432287,0.0988006936057
0.609828651706,0.101857651404
0.592962732939,0.104730388185
0.576200675984,0.107418903948
0.559542480843,0.109923198692
0.542988147514,0.112243272419
0.526537675999,0.114379125127
0.510191066297,0.116330756817
0.493948318408,0.11809816749
0.477809432331,0.119681357144
0.461774408068,0.12108032578
0.445843245618,0.122295073398
0.430015944981,0.123325599998
0.414292506158,0.12417190558
0.398672929147,0.124833990144
0.383157213949,0.12531185369
0.367745360564,0.125605496218
0.352437368993,0.125714917727
0.337233239234,0.125640118219
0.32222770629,0.125402088897
0.307515505162,0.125021820966
0.29309663585,0.124499314427
0.278971098353,0.123834569278
0.265138892672,0.12302758552
0.251600018807,0.122078363154
0.238354476758,0.120986902178
0.225402266525,0.119753202593
0.212743388107,0.1183772644
0.200377841505,0.116859087598
0.188305626719,0.115198672186
0.176526743749,0.113396018166
0.165041192595,0.111451125536
0.153848973256,0.109363994298
0.142950085734,0.107134624451
0.132344530027,0.104763015995
0.122032306136,0.10224916893
0.11201341406,0.0995930832554
0.102287853801,0.0967947589723
0.0928556253573,0.0938541960803
0.0838022018849,0.0908299709898
0.0752130565394,0.0877806601111
0.0670881893206,0.0847062634443
0.0594276002286,0.0816067809894
0.0522312892635,0.0784822127464
0.0454992564251,0.0753325587153
0.0392315017134,0.072157818896
0.0334280251286,0.0689579932886
0.0280888266706,0.0657330818932
0.0232139063393,0.0624830847096
0.0188032641348,0.0592080017379
0.0148569000572,0.055907832978
0.0113748141063,0.0525825784301
0.00835700628215,0.0492322380941
0.00580347658483,0.0458568119699
0.00371422501429,0.0424563000576
0.00208925157054,0.0390307023572
0.000928556253573,0.0355800188687
0.000232139063393,0.0321042495921
0.0,0.0286033945273
0.000242727562963,0.0250836298266
0.000970910251854,0.021551131642
0.00218454806667,0.0180058999735
0.00388364100742,0.0144479348211
0.00606818907409,0.0108772361849
0.00873819226668,0.00729380406483
0.0118936505852,0.00369763846086
0.0155345640297,8.8739373026e-05
0.0196609326,-0.00353289319868
0.0242727562963,-0.00716725925426
0.0293700351186,-0.0108143587937
0.0349527690667,-0.014474191817
0.0410209581408,-0.0181467583242
0.0475746023408,-0.0218320583153
0.0546137016668,-0.0255300917902
0.0621382561186,-0.029240858749
0.0701482656964,-0.0329643591917
0.0786437304002,-0.0367005931182
0.0876246502298,-0.0404495605287
0.0970910251854,-0.044211261423
0.106944913665,-0.0478619034536
0.117088374067,-0.051277694273
0.127521406392,-0.0544586338811
0.138244010639,-0.057404722278
0.149256186808,-0.0601159594638
0.1605579349,-0.0625923454382
0.172149254914,-0.0648338802015
0.184030146851,-0.0668405637535
0.19620061071,-0.0686123960943
0.208660646492,-0.0701493772239
0.221410254196,-0.0714515071423
0.234449433822,-0.0725187858494
0.247778185371,-0.0733512133453
0.261396508842,-0.07394878963
0.275304404235,-0.0743115147034
0.289501871551,-0.0744393885656
0.30398891079,-0.0743324112166
0.318765521951,-0.0739905826564
0.333831705034,-0.0734139028849
0.349187460039,-0.0726023719023
0.364686131124,-0.0716475346282
0.380181062442,-0.0706409359826
0.395672253995,-0.0695825759656
0.411159705783,-0.068472454577
0.426643417805,-0.0673105718169
0.442123390062,-0.0660969276854
0.457599622553,-0.0648315221823
0.473072115278,-0.0635143553077
0.488540868238,-0.0621454270616
0.504005881433,-0.060724737444
0.519467154862,-0.0592522864549
0.534924688526,-0.0577280740942
0.550378482424,-0.0561521003621
0.565828536556,-0.0545243652585
0.581274850924,-0.0528448687833
0.596717425525,-0.0511136109367
0.612156260361,-0.0493305917185
0.627591355432,-0.0474958111289
0.643022710737,-0.0456092691677
0.658450326276,-0.043670965835
0.673958658835,-0.0416958136029
0.689632165196,-0.0396987249435
0.70547084536,-0.0376796998568
0.721474699327,-0.0356387383427
0.737643727097,-0.0335758404012
0.75397792867,-0.0314910060325
0.770477304046,-0.0293842352364
0.787141853225,-0.027255528013
0.803971576207,-0.0251048843622
0.820966472991,-0.0229323042841
0.838126543579,-0.0207377877787
0.85545178797,-0.018521334846
0.872942206163,-0.0162829454859
0.89059779816,-0.0140226196985
0.908418563959,-0.0117403574837
0.926404503561,-0.00943615884165
0.944555616967,-0.00711002377223
0.962871904175,-0.00476195227549
0.981353365186,-0.00239194435141
1.0,0.0
