1.0,0.0
0.987878265309,0.00659791507805
0.975349675254,0.0130032879636
0.962414229833,0.0192161186567
0.949071929048,0.0252364071573
0.935322772898,0.0310641534654
0.921166761384,0.0366993575811
0.906603894505,0.0421420195042
0.891634172261,0.0473921392349
0.876257594652,0.0524497167731
0.860474161679,0.0573147521189
0.844283873341,0.0619872452721
0.827686729638,0.0664671962329
0.81068273057,0.0707546050012
0.793271876138,0.074849471577
0.775454166341,0.0787517959603
0.757229601179,0.0824615781511
0.738598180652,0.0859788181495
0.719559904761,0.0893035159554
0.700114773505,0.0924356715688
0.680262786884,0.0953752849897
0.660332094966,0.0981555357286
0.640650847816,0.100809603296
0.621219045434,0.103337487692
0.602036687822,0.105739188916
0.583103774978,0.108014706969
0.564420306903,0.110164041851
0.545986283596,0.112187193561
0.527801705058,0.114084162099
0.509866571289,0.115854947466
0.492180882289,0.117499549662
0.474744638057,0.119017968685
0.457557838594,0.120410204538
0.4406204839,0.121676257219
0.423932573974,0.122816126728
0.407494108817,0.123829813066
0.391305088429,0.124717316233
0.37536551281,0.125478636227
0.359675381959,0.126113773051
0.344234695877,0.126622726703
0.329043454563,0.127005497183
0.314130625776,0.127230441669
0.299525177272,0.127265917339
0.285227109051,0.127111924191
0.271236421113,0.126768462226
0.257553113459,0.126235531444
0.244177186088,0.125513131845
0.231108639,0.12460126343
0.218347472196,0.123499926197
0.205893685674,0.122209120147
0.193747279436,0.120728845281
0.181908253482,0.119059101597
0.17037660781,0.117199889096
0.159152342422,0.115151207779
0.148235457317,0.112913057644
0.137625952496,0.110485438692
0.127323827957,0.107868350924
0.117329083702,0.105061794338
0.10764171973,0.102065768935
0.0982617360417,0.0988802747157
0.0891891326364,0.0955053116792
0.0804931922044,0.0920361808508
0.0722431974355,0.0885681832557
0.0644391483298,0.085101318894
0.0570810448873,0.0816355877657
0.050168887108,0.0781709898708
0.0437026749918,0.0747075252092
0.0376824085389,0.0712451937809
0.0321080877491,0.067783995586
0.0269797126225,0.0643239306245
0.0222972831591,0.0608649988964
0.0180607993589,0.0574072004015
0.0142702612218,0.0539505351401
0.010925668748,0.050495003112
0.00802702193728,0.0470406043173
0.00557432078978,0.0435873387559
0.00356756530546,0.0401352064279
0.00200675548432,0.0366842073333
0.000891891326364,0.033234341472
0.000222972831591,0.0297856088441
0.0,0.0263380094495
0.000247392569407,0.0228887779253
0.000989570277627,0.0194351489083
0.00222653312466,0.0159771223986
0.00395828111051,0.0125146983962
0.00618481423517,0.00904787690113
0.00890613249864,0.0055766579133
0.0121222359009,0.00210104143276
0.015833124442,-0.0013789725405
0.0200387981219,-0.00486338400647
0.0247392569407,-0.00835219296516
0.0299345008982,-0.0118453994166
0.0356245299946,-0.0153430033607
0.0418093442297,-0.0188450047975
0.0484889436037,-0.0223514037271
0.0556633281165,-0.0258622001494
0.0633324977681,-0.0293773940644
0.0714964525585,-0.0328969854721
0.0801551924878,-0.0364209743725
0.0893087175558,-0.0399493607656
0.0989570277627,-0.0434821446515
0.108986588025,-0.0469068125202
0.119283863261,-0.0501108508621
0.129848853469,-0.053094259677
0.14068155865,-0.055857038965
0.151781978805,-0.0583991887261
0.163150113931,-0.0607207089603
0.174785964031,-0.0628215996676
0.186689529104,-0.064701860848
0.198860809149,-0.0663614925014
0.211299804167,-0.067800494628
0.224006514159,-0.0690188672276
0.236980939123,-0.0700166103003
0.250223079059,-0.0707937238461
0.263732933969,-0.071350207865
0.277510503851,-0.071686062357
0.291555788707,-0.071801287322
0.305868788535,-0.0716958827602
0.320449503336,-0.0713698486714
0.33529793311,-0.0708231850557
0.350414077856,-0.0700558919132
0.365684382691,-0.0691683243824
0.380995292728,-0.0682608376023
0.396346807969,-0.0673334315729
0.411738928412,-0.0663861062941
0.427171654058,-0.065418861766
0.442644984906,-0.0644316979884
0.458158920958,-0.0634246149616
0.473713462212,-0.0623976126853
0.48930860867,-0.0613506911598
0.50494436033,-0.0602838503848
0.520620717193,-0.0591970903605
0.536337679259,-0.0580904110869
0.552095246527,-0.0569638125638
0.567893418999,-0.0558172947915
0.583732196673,-0.0546508577697
0.59961157955,-0.0534645014987
0.61553156763,-0.0522582259782
0.631492160913,-0.0510320312084
0.647493359399,-0.0497859171892
0.663535163087,-0.0485198839207
0.679635326155,-0.0471863909624
0.695811602778,-0.0457378978738
0.712063992957,-0.0441744046549
0.728392496692,-0.0424959113057
0.744797113982,-0.0407024178262
0.761277844827,-0.0387939242164
0.777834689229,-0.0367704304764
0.794467647185,-0.0346319366061
0.811176718698,-0.0323784426055
0.827961903765,-0.0300099484746
0.844823202389,-0.0275264542134
0.861760614568,-0.0249279598219
0.878774140302,-0.0222144653002
0.895863779592,-0.0193859706481
0.913029532438,-0.0164424758658
0.930271398839,-0.0133839809532
0.947589378796,-0.0102104859104
0.964983472309,-0.00692199073719
0.982453679377,-0.00351849543373
1.0,0.0
