1.0,0.0
0.990075540805,0.00686505347933
0.97960504771,0.0135133700796
0.968588520714,0.0199449498007
0.957025959818,0.0261597926427
0.944917365023,0.0321578986056
0.932262736327,0.0379392676894
0.919062073731,0.0435038998941
0.905315377235,0.0488517952197
0.891022646838,0.0539829536661
0.876183882542,0.0588973752335
0.860799084345,0.0635950599218
0.844868252248,0.0680760077309
0.828391386251,0.072340218661
0.811368486354,0.0763876927119
0.793799552557,0.0802184298838
0.77568458486,0.0838324301765
0.757023583262,0.0872296935901
0.737816547765,0.0904102201247
0.718063478367,0.0933740097801
0.697764375069,0.0961210625564
0.677348161734,0.0987112599148
0.657243762225,0.101204483317
0.637451176542,0.103600732762
0.617970404685,0.10590000825
0.598801446654,0.108102309782
0.579944302449,0.110207637357
0.56139897207,0.112215990975
0.543165455517,0.114127370637
0.52524375279,0.115941776342
0.507633863888,0.11765920809
0.490335788813,0.119279665881
0.473349527564,0.120803149716
0.456675080141,0.122229659594
0.440312446544,0.123559195516
0.424261626773,0.124791757481
0.408522620828,0.125927345489
0.393095428709,0.12696595954
0.377980050416,0.127907599635
0.363176485949,0.128752265773
0.348684735308,0.129499957955
0.3344506298,0.130090150196
0.320420000734,0.130462316514
0.306592848109,0.130616456909
0.292969171926,0.130552571381
0.279548972184,0.13027065993
0.266332248883,0.129770722555
0.253319002024,0.129052759257
0.240509231606,0.128116770035
0.227902937629,0.126962754891
0.215500120094,0.125590713823
0.203300779,0.124000646832
0.191304914347,0.122192553917
0.179512526135,0.120166435079
0.167923614365,0.117922290318
0.156538179037,0.115460119634
0.145356220149,0.112779923027
0.134377737703,0.109881700496
0.123602731699,0.106765452042
0.113031202135,0.103431177665
0.102663149013,0.0998788773644
0.0926534919845,0.0962150573797
0.0831571507008,0.0925462239499
0.0741741251621,0.088872377075
0.0657044153685,0.085193516755
0.05774802132,0.0815096429899
0.0503049430165,0.0778207557797
0.0433751804581,0.0741268551244
0.0369587336448,0.0704279410239
0.0310556025765,0.0667240134784
0.0256657872533,0.0630150724878
0.0207892876752,0.059301118052
0.0164261038421,0.0555821501711
0.0125762357541,0.0518581688452
0.0092396834112,0.0481291740741
0.00641644681333,0.0443951658579
0.00410652596053,0.0406561441966
0.0023099208528,0.0369121090902
0.00102663149013,0.0331630605387
0.000256657872533,0.0294089985421
0.0,0.0256499231004
0.000218878355187,0.0219064449542
0.000875513420746,0.0181991748442
0.00196990519668,0.0145281127705
0.00350205368299,0.010893258733
0.00547195887966,0.00729461273174
0.00787962078672,0.00373217476669
0.0107250394041,0.000205944837851
0.0140082147319,-0.00328407705476
0.0177291467701,-0.00673789091115
0.0218878355187,-0.0101554967313
0.0264842809776,-0.0135368945153
0.0315184831469,-0.016882084263
0.0369904420265,-0.0201910659745
0.0429001576166,-0.0234638396498
0.049247629917,-0.0267004052888
0.0560328589278,-0.0299007628917
0.0632558446489,-0.0330649124583
0.0709165870805,-0.0361928539887
0.0790150862224,-0.0392845874828
0.0875513420746,-0.0423401129408
0.0965012039877,-0.04528417369
0.105840521312,-0.0480415130577
0.115569294047,-0.0506121310442
0.125687522194,-0.0529960276492
0.136195205752,-0.055193202873
0.147092344721,-0.0572036567153
0.158378939101,-0.0590273891763
0.170054988893,-0.0606644002559
0.182120494095,-0.0621146899542
0.194575454709,-0.0633782582711
0.207419870734,-0.0644551052066
0.22065374217,-0.0653452307608
0.234277069018,-0.0660486349336
0.248289851276,-0.066565317725
0.262692088946,-0.0668952791351
0.277483782027,-0.0670385191638
0.292664930519,-0.0669950378112
0.308235534422,-0.0667648350772
0.324195593737,-0.0663479109618
0.340545108463,-0.0657442654651
0.357100669257,-0.0650379007406
0.373678866777,-0.064312818942
0.390279701022,-0.0635690200693
0.406903171993,-0.0628065041225
0.42354927969,-0.0620252711016
0.440218024112,-0.0612253210065
0.45690940526,-0.0604066538374
0.473623423134,-0.0595692695941
0.490360077733,-0.0587131682768
0.507119369057,-0.0578383498853
0.523901297108,-0.0569448144197
0.540705861884,-0.05603256188
0.557533063385,-0.0551015922661
0.574382901613,-0.0541519055782
0.591255376565,-0.0531835018161
0.608150488244,-0.05219638098
0.625068236648,-0.0511905430697
0.642008621778,-0.0501659880853
0.658971643633,-0.0491227160268
0.675957302214,-0.0480607268942
0.692914537055,-0.0469227947907
0.709792287691,-0.0456516938198
0.726590554121,-0.0442474239814
0.743309336345,-0.0427099852754
0.759948634365,-0.041039377702
0.776508448178,-0.039235601261
0.792988777787,-0.0372986559526
0.80938962319,-0.0352285417766
0.825710984387,-0.0330252587332
0.841952861379,-0.0306888068222
0.858115254166,-0.0282191860438
0.874198162747,-0.0256163963978
0.890201587123,-0.0228804378843
0.906125527293,-0.0200113105034
0.921969983258,-0.0170090142549
0.937734955017,-0.0138735491389
0.953420442571,-0.0106049151555
0.969026445919,-0.00720311230447
0.984552965062,-0.00366814058599
1.0,0.0
