1.0,0.0
0.989914324563,0.00681582367119
0.979273746504,0.0134213604034
0.968078265823,0.0198166101968
0.95632788252,0.0260015730511
0.944022596594,0.0319762489666
0.931162408047,0.037740637943
0.917747316877,0.0432947399806
0.903777323086,0.0486385550792
0.889252426672,0.0537720832389
0.874172627637,0.0586953244596
0.858537925979,0.0634082787414
0.842348321699,0.0679109460842
0.825603814797,0.0722033264881
0.808304405273,0.0762854199531
0.790450093127,0.0801572264791
0.772040878359,0.0838187460662
0.753076760968,0.0872699787143
0.733557740956,0.0905109244235
0.713483818322,0.0935415831938
0.692854993065,0.0963619550251
0.672124399811,0.0990261752994
0.651745173183,0.101588379399
0.631717313181,0.104048567323
0.612040819806,0.106406739073
0.592715693057,0.108662894647
0.573741932934,0.110817034046
0.555119539438,0.112869157271
0.536848512568,0.11481926432
0.518928852324,0.116667355195
0.501360558707,0.118413429894
0.484143631716,0.120057488419
0.467278071351,0.121599530768
0.450763877613,0.123039556943
0.434601050501,0.124377566942
0.418789590015,0.125613560767
0.403329496155,0.126747538417
0.388220768922,0.127779499891
0.373463408316,0.128709445191
0.359057414335,0.129537374315
0.345002786981,0.130263287265
0.331213049858,0.130828559279
0.317601726571,0.131174565595
0.304168817119,0.131301306214
0.290914321503,0.131208781135
0.277838239722,0.13089699036
0.264940571777,0.130365933887
0.252221317667,0.129615611716
0.239680477394,0.128646023849
0.227318050955,0.127457170284
0.215134038353,0.126049051022
0.203128439586,0.124421666062
0.191301254655,0.122575015406
0.179652483559,0.120509099052
0.168182126299,0.118223917
0.156890182874,0.115719469252
0.145776653285,0.112995755806
0.134841537532,0.110052776663
0.124084835615,0.106890531822
0.113506547533,0.103509021284
0.103106673286,0.0999082450494
0.0930537726407,0.0961950949499
0.0835164053618,0.0924764628189
0.0744945714492,0.0887523486563
0.0659882709031,0.0850227524622
0.0579975037234,0.0812876742366
0.0505222699102,0.0775471139795
0.0435625694634,0.0738010716908
0.037118402383,0.0700495473706
0.031189768669,0.0662925410189
0.0257766683215,0.0625300526356
0.0208791013404,0.0587620822208
0.0164970677258,0.0549886297744
0.0126305674775,0.0512096952966
0.00927960059575,0.0474252787872
0.00644416708038,0.0436353802462
0.00412426693144,0.0398399996738
0.00231990014894,0.0360391370698
0.00103106673286,0.0322327924342
0.000257766683215,0.0284209657672
0.0,0.0246036570686
0.000214636481796,0.0208041865842
0.000858545927184,0.01704587456
0.00193172833616,0.0133287209958
0.00343418370873,0.00965272589162
0.0053659120449,0.00601788924753
0.00772691334465,0.00242421106351
0.010517187608,-0.00112830866045
0.0137367348349,-0.00463966992435
0.0173855550255,-0.00810987272819
0.0214636481796,-0.011538917072
0.0259710142973,-0.0149268029557
0.0309076533786,-0.0182735303793
0.0362735654235,-0.0215790993429
0.042068750432,-0.0248435098465
0.0482932084041,-0.0280667618899
0.0549469393397,-0.0312488554733
0.062029943239,-0.0343897905967
0.0695422201019,-0.03748956726
0.0774837699283,-0.0405481854632
0.0858545927184,-0.0435656452063
0.0946435526732,-0.0464719688364
0.103839513994,-0.0491971787003
0.113442476681,-0.051741274798
0.123452440734,-0.0541042571296
0.133869406153,-0.056286125695
0.144693372938,-0.0582868804942
0.155924341089,-0.0601065215273
0.167562310606,-0.0617450487942
0.179607281489,-0.0632024622949
0.192059253738,-0.0644787620295
0.204918227353,-0.065573947998
0.218184202334,-0.0664880202002
0.231857178681,-0.0672209786363
0.245937156394,-0.0677728233063
0.260424135473,-0.0681435542101
0.275318115918,-0.0683331713477
0.290619097729,-0.0683416747192
0.306327080906,-0.0681690643245
0.322442065449,-0.0678153401636
0.338964051359,-0.0672805022366
0.355693372337,-0.066642082892
0.372430362087,-0.0659776144786
0.38917502061,-0.0652870969962
0.405927347904,-0.064570530445
0.422687343971,-0.0638279148248
0.43945500881,-0.0630592501358
0.45623034242,-0.0622645363778
0.473013344803,-0.061443773551
0.489804015958,-0.0605969616552
0.506602355886,-0.0597241006906
0.523408364585,-0.0588251906571
0.540222042056,-0.0579002315546
0.5570433883,-0.0569492233833
0.573872403315,-0.0559721661431
0.590709087103,-0.054969059834
0.607553439663,-0.0539399044559
0.624405460995,-0.052884700009
0.641265151099,-0.0518034464932
0.658132509975,-0.0506961439085
0.675007537623,-0.0495627922549
0.691854937712,-0.0483498278956
0.708639413909,-0.0470036871938
0.725360966214,-0.0455243701496
0.742019594628,-0.0439118767629
0.758615299151,-0.0421662070337
0.775148079781,-0.0402873609621
0.791617936521,-0.038275338548
0.808024869368,-0.0361301397914
0.824368878324,-0.0338517646924
0.840649963389,-0.0314402132508
0.856868124562,-0.0288954854669
0.873023361844,-0.0262175813404
0.889115675234,-0.0234065008715
0.905145064732,-0.0204622440601
0.921111530339,-0.0173848109063
0.937015072054,-0.01417420141
0.952855689878,-0.0108304155712
0.96863338381,-0.00735345338991
0.984348153851,-0.00374331486619
1.0,0.0
