  
       XFOIL         Version 6.99
  
 Calculated polar for: G09A15                                          
  
 1 1 Reynolds number fixed          Mach number fixed         
  
 xtrf =   1.000 (top)        1.000 (bottom)  
 Mach =   0.000     Re =     0.200 e 6     Ncrit =   9.000
  
   alpha    CL        CD       CDp       CM     Top_Xtr  Bot_Xtr
  ------ -------- --------- --------- -------- -------- --------
 -13.000  -1.1204   0.02407   0.01782  -0.0447   0.9808   0.2343
 -12.750  -1.1063   0.02374   0.01747  -0.0432   0.9725   0.2472
 -12.500  -1.0782   0.02353   0.01719  -0.0441   0.9678   0.2599
 -12.250  -1.0607   0.02329   0.01679  -0.0428   0.9598   0.2697
 -12.000  -1.0316   0.02315   0.01665  -0.0435   0.9546   0.2791
 -11.750  -0.9968   0.02294   0.01634  -0.0452   0.9516   0.2881
 -11.500  -0.9842   0.02287   0.01624  -0.0426   0.9423   0.2944
 -11.250  -0.9541   0.02262   0.01580  -0.0434   0.9380   0.3023
 -11.000  -0.9151   0.02254   0.01578  -0.0456   0.9357   0.3093
 -10.750  -0.9048   0.02249   0.01563  -0.0425   0.9260   0.3151
 -10.500  -0.8737   0.02232   0.01541  -0.0433   0.9222   0.3221
 -10.250  -0.8365   0.02230   0.01539  -0.0450   0.9197   0.3290
  -9.750  -0.7933   0.02205   0.01500  -0.0429   0.9070   0.3405
  -9.500  -0.7580   0.02200   0.01495  -0.0442   0.9041   0.3470
  -9.250  -0.7252   0.02184   0.01460  -0.0453   0.9017   0.3550
  -9.000  -0.6805   0.02160   0.01448  -0.0484   0.9006   0.3614
  -8.500  -0.6447   0.02133   0.01402  -0.0447   0.8867   0.3710
  -8.250  -0.6055   0.02084   0.01349  -0.0470   0.8848   0.3760
  -8.000  -0.5628   0.02047   0.01315  -0.0498   0.8834   0.3808
  -7.750  -0.5226   0.02010   0.01272  -0.0522   0.8818   0.3862
  -7.500  -0.5238   0.02019   0.01271  -0.0468   0.8706   0.3899
  -7.250  -0.4891   0.01976   0.01224  -0.0481   0.8677   0.3950
  -7.000  -0.4495   0.01941   0.01193  -0.0503   0.8657   0.4000
  -6.750  -0.4102   0.01906   0.01153  -0.0525   0.8638   0.4056
  -6.250  -0.3754   0.01883   0.01120  -0.0486   0.8504   0.4145
  -6.000  -0.3382   0.01851   0.01093  -0.0503   0.8477   0.4200
  -5.750  -0.3006   0.01821   0.01057  -0.0521   0.8454   0.4259
  -5.250  -0.2629   0.01803   0.01035  -0.0488   0.8328   0.4351
  -5.000  -0.2289   0.01778   0.01014  -0.0499   0.8295   0.4408
  -4.750  -0.1929   0.01752   0.00982  -0.0513   0.8268   0.4472
  -4.500  -0.1547   0.01719   0.00946  -0.0533   0.8245   0.4530
  -4.250  -0.1521   0.01739   0.00973  -0.0486   0.8150   0.4569
  -4.000  -0.1213   0.01721   0.00956  -0.0491   0.8110   0.4632
  -3.750  -0.0867   0.01700   0.00927  -0.0503   0.8080   0.4699
  -3.500  -0.0477   0.01667   0.00901  -0.0524   0.8055   0.4760
  -3.250  -0.0437   0.01692   0.00932  -0.0479   0.7967   0.4809
  -3.000  -0.0156   0.01681   0.00918  -0.0479   0.7922   0.4880
  -2.750   0.0198   0.01654   0.00896  -0.0493   0.7890   0.4949
  -2.500   0.0573   0.01633   0.00877  -0.0510   0.7864   0.5026
  -2.250   0.0616   0.01661   0.00907  -0.0467   0.7779   0.5088
  -2.000   0.0899   0.01646   0.00902  -0.0467   0.7732   0.5163
  -1.750   0.1242   0.01627   0.00884  -0.0478   0.7698   0.5258
  -1.500   0.1614   0.01606   0.00869  -0.0496   0.7670   0.5352
  -1.250   0.1655   0.01635   0.00907  -0.0451   0.7585   0.5433
  -1.000   0.1930   0.01624   0.00904  -0.0450   0.7537   0.5541
  -0.750   0.2270   0.01607   0.00891  -0.0460   0.7502   0.5673
  -0.500   0.2646   0.01590   0.00883  -0.0478   0.7473   0.5813
  -0.250   0.2661   0.01614   0.00921  -0.0427   0.7377   0.5934
   0.000   0.2991   0.01589   0.00902  -0.0434   0.7325   0.6111
   0.250   0.3406   0.01559   0.00877  -0.0456   0.7283   0.6308
   0.500   0.3447   0.01580   0.00911  -0.0410   0.7191   0.6476
   0.750   0.3738   0.01566   0.00906  -0.0410   0.7136   0.6671
   1.000   0.4119   0.01547   0.00891  -0.0426   0.7095   0.6872
   1.250   0.4196   0.01564   0.00924  -0.0386   0.7011   0.7039
   1.500   0.4467   0.01552   0.00921  -0.0381   0.6949   0.7220
   1.750   0.4861   0.01532   0.00904  -0.0400   0.6902   0.7399
   2.000   0.4933   0.01546   0.00931  -0.0359   0.6814   0.7562
   2.250   0.5215   0.01532   0.00923  -0.0356   0.6749   0.7736
   2.500   0.5544   0.01520   0.00916  -0.0362   0.6689   0.7903
   2.750   0.5664   0.01522   0.00934  -0.0329   0.6596   0.8063
   3.000   0.6053   0.01499   0.00913  -0.0346   0.6528   0.8218
   3.250   0.6162   0.01495   0.00922  -0.0310   0.6419   0.8388
   3.500   0.6482   0.01465   0.00891  -0.0313   0.6308   0.8558
   3.750   0.6673   0.01449   0.00882  -0.0291   0.6177   0.8743
   4.000   0.6924   0.01446   0.00889  -0.0283   0.6048   0.8918
   4.250   0.7285   0.01446   0.00892  -0.0298   0.5914   0.9064
   4.500   0.7652   0.01451   0.00897  -0.0314   0.5763   0.9202
   4.750   0.7986   0.01465   0.00912  -0.0326   0.5587   0.9347
   5.000   0.8299   0.01490   0.00939  -0.0335   0.5379   0.9494
   5.250   0.8656   0.01521   0.00970  -0.0354   0.5129   0.9602
   5.500   0.8977   0.01556   0.00995  -0.0367   0.4843   0.9728
   5.750   0.9282   0.01603   0.01030  -0.0380   0.4487   0.9865
   6.000   0.9600   0.01675   0.01083  -0.0402   0.4044   0.9999
   6.250   0.9341   0.01685   0.01081  -0.0311   0.3898   1.0000
   6.500   0.9216   0.01730   0.01111  -0.0243   0.3675   1.0000
   6.750   0.9132   0.01796   0.01159  -0.0185   0.3444   1.0000
   7.000   0.9078   0.01873   0.01221  -0.0134   0.3210   1.0000
   7.250   0.9049   0.01958   0.01293  -0.0090   0.2968   1.0000
   7.500   0.9019   0.02056   0.01377  -0.0048   0.2728   1.0000
   7.750   0.8999   0.02163   0.01471  -0.0010   0.2479   1.0000
   8.000   0.8976   0.02284   0.01577   0.0026   0.2225   1.0000
   8.250   0.8955   0.02417   0.01694   0.0059   0.1990   1.0000
   8.500   0.8951   0.02554   0.01817   0.0088   0.1778   1.0000
   8.750   0.8960   0.02693   0.01944   0.0113   0.1615   1.0000
   9.000   0.8988   0.02830   0.02071   0.0136   0.1483   1.0000
   9.250   0.9025   0.02968   0.02202   0.0156   0.1379   1.0000
   9.500   0.9060   0.03114   0.02336   0.0176   0.1295   1.0000
   9.750   0.9143   0.03234   0.02458   0.0190   0.1216   1.0000
  10.000   0.9202   0.03374   0.02588   0.0206   0.1159   1.0000
  10.250   0.9300   0.03492   0.02710   0.0218   0.1100   1.0000
  10.500   0.9373   0.03630   0.02835   0.0231   0.1050   1.0000
  10.750   0.9485   0.03744   0.02957   0.0241   0.1006   1.0000
  11.000   0.9577   0.03874   0.03082   0.0252   0.0964   1.0000
  11.250   0.9694   0.03991   0.03199   0.0261   0.0927   1.0000
  11.500   0.9804   0.04114   0.03325   0.0270   0.0891   1.0000
  11.750   0.9928   0.04228   0.03430   0.0278   0.0861   1.0000
  12.000   1.0050   0.04350   0.03559   0.0286   0.0831   1.0000
  12.250   1.0167   0.04474   0.03687   0.0293   0.0804   1.0000
  12.500   1.0302   0.04585   0.03793   0.0298   0.0780   1.0000
  12.750   1.0463   0.04692   0.03898   0.0305   0.0756   1.0000
  13.000   1.0548   0.04844   0.04063   0.0311   0.0734   1.0000
