  
       XFOIL         Version 6.99
  
 Calculated polar for: G11A15                                          
  
 1 1 Reynolds number fixed          Mach number fixed         
  
 xtrf =   1.000 (top)        1.000 (bottom)  
 Mach =   0.000     Re =     0.200 e 6     Ncrit =   9.000
  
   alpha    CL        CD       CDp       CM     Top_Xtr  Bot_Xtr
  ------ -------- --------- --------- -------- -------- --------
 -13.000  -0.9745   0.03253   0.02556  -0.0483   0.9996   0.1054
 -12.750  -0.9657   0.02963   0.02267  -0.0513   0.9934   0.1147
 -12.500  -0.9630   0.02703   0.02011  -0.0524   0.9852   0.1285
 -12.250  -0.9680   0.02465   0.01790  -0.0516   0.9758   0.1543
 -12.000  -0.9801   0.02266   0.01626  -0.0484   0.9654   0.2088
 -11.750  -0.9827   0.02164   0.01550  -0.0446   0.9550   0.2648
 -11.500  -0.9726   0.02128   0.01517  -0.0421   0.9462   0.2963
 -11.250  -0.9481   0.02111   0.01500  -0.0418   0.9402   0.3174
 -11.000  -0.9139   0.02104   0.01483  -0.0433   0.9371   0.3340
 -10.750  -0.9058   0.02103   0.01467  -0.0398   0.9267   0.3438
 -10.500  -0.8726   0.02103   0.01465  -0.0408   0.9230   0.3540
 -10.250  -0.8375   0.02093   0.01437  -0.0423   0.9204   0.3644
  -9.750  -0.7970   0.02095   0.01422  -0.0395   0.9066   0.3797
  -9.500  -0.7562   0.02088   0.01422  -0.0418   0.9046   0.3879
  -9.250  -0.7185   0.02075   0.01394  -0.0438   0.9028   0.3968
  -8.750  -0.6733   0.02067   0.01387  -0.0416   0.8895   0.4090
  -8.500  -0.6392   0.02048   0.01348  -0.0430   0.8871   0.4172
  -8.250  -0.5928   0.02033   0.01346  -0.0463   0.8858   0.4250
  -7.750  -0.5541   0.02009   0.01303  -0.0432   0.8724   0.4369
  -7.500  -0.5131   0.01969   0.01265  -0.0457   0.8702   0.4408
  -7.250  -0.4724   0.01931   0.01223  -0.0481   0.8681   0.4452
  -7.000  -0.4340   0.01895   0.01174  -0.0502   0.8661   0.4505
  -6.750  -0.4340   0.01902   0.01169  -0.0450   0.8550   0.4538
  -6.500  -0.3947   0.01855   0.01126  -0.0472   0.8522   0.4578
  -6.250  -0.3548   0.01820   0.01091  -0.0495   0.8498   0.4620
  -5.750  -0.3136   0.01800   0.01056  -0.0469   0.8370   0.4709
  -5.500  -0.2788   0.01763   0.01015  -0.0482   0.8335   0.4749
  -5.250  -0.2395   0.01730   0.00984  -0.0504   0.8308   0.4791
  -5.000  -0.2213   0.01730   0.00983  -0.0486   0.8239   0.4834
  -4.750  -0.1980   0.01719   0.00966  -0.0478   0.8180   0.4882
  -4.500  -0.1647   0.01691   0.00931  -0.0488   0.8143   0.4929
  -4.250  -0.1256   0.01660   0.00903  -0.0510   0.8115   0.4973
  -4.000  -0.1131   0.01670   0.00916  -0.0481   0.8034   0.5016
  -3.750  -0.0861   0.01658   0.00899  -0.0480   0.7983   0.5071
  -3.500  -0.0517   0.01633   0.00870  -0.0492   0.7947   0.5123
  -3.250  -0.0183   0.01617   0.00858  -0.0503   0.7909   0.5171
  -3.000  -0.0055   0.01626   0.00870  -0.0475   0.7829   0.5220
  -2.750   0.0234   0.01615   0.00853  -0.0477   0.7784   0.5283
  -2.500   0.0600   0.01591   0.00835  -0.0494   0.7751   0.5343
  -2.250   0.0779   0.01599   0.00847  -0.0475   0.7684   0.5403
  -2.000   0.1003   0.01598   0.00844  -0.0465   0.7624   0.5471
  -1.750   0.1331   0.01581   0.00834  -0.0475   0.7584   0.5537
  -1.500   0.1702   0.01568   0.00819  -0.0492   0.7551   0.5626
  -1.250   0.1788   0.01584   0.00845  -0.0456   0.7469   0.5697
  -1.000   0.2065   0.01578   0.00846  -0.0456   0.7420   0.5782
  -0.750   0.2407   0.01565   0.00833  -0.0468   0.7382   0.5882
  -0.500   0.2600   0.01575   0.00853  -0.0452   0.7321   0.5976
  -0.250   0.2803   0.01579   0.00864  -0.0438   0.7256   0.6085
   0.000   0.3124   0.01569   0.00856  -0.0445   0.7210   0.6209
   0.250   0.3411   0.01566   0.00860  -0.0445   0.7156   0.6327
   0.500   0.3559   0.01573   0.00874  -0.0420   0.7077   0.6453
   0.750   0.3873   0.01562   0.00868  -0.0425   0.7026   0.6587
   1.000   0.4166   0.01560   0.00873  -0.0427   0.6974   0.6719
   1.250   0.4297   0.01571   0.00893  -0.0398   0.6896   0.6855
   1.500   0.4596   0.01563   0.00889  -0.0401   0.6843   0.6999
   1.750   0.4900   0.01560   0.00893  -0.0405   0.6791   0.7127
   2.000   0.5023   0.01569   0.00914  -0.0375   0.6711   0.7258
   2.250   0.5327   0.01559   0.00907  -0.0378   0.6655   0.7401
   2.500   0.5578   0.01560   0.00918  -0.0372   0.6593   0.7529
   2.750   0.5739   0.01563   0.00932  -0.0348   0.6515   0.7664
   3.000   0.6076   0.01551   0.00922  -0.0358   0.6459   0.7812
   3.250   0.6222   0.01557   0.00943  -0.0331   0.6379   0.7948
   3.500   0.6477   0.01550   0.00944  -0.0325   0.6306   0.8085
   3.750   0.6744   0.01542   0.00942  -0.0321   0.6230   0.8231
   4.000   0.6921   0.01529   0.00936  -0.0299   0.6126   0.8393
   4.250   0.7122   0.01511   0.00927  -0.0281   0.6005   0.8554
   4.500   0.7390   0.01488   0.00906  -0.0275   0.5871   0.8722
   4.750   0.7649   0.01481   0.00905  -0.0270   0.5739   0.8907
   5.000   0.7919   0.01492   0.00928  -0.0269   0.5604   0.9100
   5.250   0.8277   0.01507   0.00948  -0.0287   0.5454   0.9262
   5.500   0.8642   0.01529   0.00973  -0.0308   0.5282   0.9413
   5.750   0.9003   0.01554   0.00999  -0.0329   0.5089   0.9555
   6.000   0.9343   0.01585   0.01028  -0.0347   0.4874   0.9701
   6.250   0.9679   0.01625   0.01064  -0.0367   0.4616   0.9854
   6.500   1.0013   0.01680   0.01109  -0.0390   0.4305   1.0000
   6.750   0.9798   0.01689   0.01109  -0.0306   0.4161   1.0000
   7.000   0.9710   0.01730   0.01137  -0.0245   0.3960   1.0000
   7.250   0.9655   0.01786   0.01182  -0.0191   0.3724   1.0000
   7.500   0.9598   0.01859   0.01241  -0.0140   0.3478   1.0000
   7.750   0.9543   0.01950   0.01317  -0.0092   0.3220   1.0000
   8.000   0.9484   0.02057   0.01408  -0.0046   0.2946   1.0000
   8.250   0.9426   0.02180   0.01516  -0.0004   0.2645   1.0000
   8.500   0.9343   0.02331   0.01647   0.0037   0.2312   1.0000
   8.750   0.9253   0.02504   0.01799   0.0075   0.1979   1.0000
   9.000   0.9176   0.02689   0.01965   0.0109   0.1699   1.0000
   9.250   0.9125   0.02875   0.02133   0.0137   0.1500   1.0000
   9.500   0.9105   0.03053   0.02300   0.0161   0.1359   1.0000
   9.750   0.9120   0.03217   0.02458   0.0180   0.1249   1.0000
  10.000   0.9141   0.03383   0.02618   0.0198   0.1168   1.0000
  10.250   0.9172   0.03549   0.02777   0.0213   0.1099   1.0000
  10.500   0.9233   0.03697   0.02926   0.0226   0.1038   1.0000
  10.750   0.9288   0.03854   0.03078   0.0238   0.0987   1.0000
  11.000   0.9362   0.04000   0.03223   0.0250   0.0939   1.0000
  11.250   0.9447   0.04140   0.03365   0.0259   0.0897   1.0000
  11.500   0.9540   0.04274   0.03486   0.0270   0.0861   1.0000
  11.750   0.9642   0.04410   0.03633   0.0277   0.0827   1.0000
  12.000   0.9740   0.04547   0.03770   0.0283   0.0795   1.0000
  12.250   0.9882   0.04650   0.03861   0.0292   0.0765   1.0000
  12.500   0.9980   0.04795   0.04019   0.0298   0.0739   1.0000
  12.750   1.0091   0.04929   0.04156   0.0303   0.0714   1.0000
  13.000   1.0236   0.05034   0.04252   0.0308   0.0690   1.0000
