1.0,0.0
0.989232332269,0.00665212790478
0.977963957152,0.0131058749913
0.966194874647,0.0193612412597
0.953925084756,0.0254182267098
0.941154587478,0.0312768313418
0.927883382813,0.0369370551555
0.914111470762,0.042398898151
0.899838851323,0.0476623603283
0.885065524498,0.0527274416873
0.869791490285,0.0575941422282
0.854016748686,0.0622624619508
0.837741299701,0.0667324008553
0.820965143328,0.0710039589415
0.803688279568,0.0750771362095
0.785910708422,0.0789519326593
0.767632429889,0.0826283482908
0.748853443968,0.0861063831042
0.729573750662,0.0893860370994
0.709793349968,0.0924673102763
0.689512241887,0.095350202635
0.669132417316,0.0980757953606
0.649055867152,0.100685169638
0.629282591395,0.103178325468
0.609812590044,0.10555526285
0.5906458631,0.107815981783
0.571782410562,0.109960482269
0.553222232431,0.111988764307
0.534965328707,0.113900827897
0.517011699389,0.115696673039
0.499361344478,0.117376299733
0.482014263973,0.118939707979
0.464970457875,0.120386897777
0.448229926184,0.121717869127
0.431792668899,0.122932622029
0.415658686021,0.124031156483
0.399827977549,0.125013472489
0.384300543484,0.125879570047
0.369076383826,0.126629449158
0.354155498575,0.12726310982
0.33953788773,0.127780552034
0.32518996574,0.128139998109
0.311078147054,0.128299670355
0.297202431671,0.12825956877
0.283562819593,0.128019693356
0.270159310818,0.127580044112
0.256991905348,0.126940621038
0.244060603181,0.126101424134
0.231365404318,0.1250624534
0.218906308758,0.123823708836
0.206683316503,0.122385190442
0.194696427551,0.120746898219
0.182945641903,0.118908832165
0.171430959559,0.116870992282
0.160152380518,0.114633378569
0.149109904782,0.112195991026
0.138303532349,0.109558829652
0.12773326322,0.10672189445
0.117399097395,0.103685185417
0.107301034874,0.100448702554
0.0974390756561,0.0970124458614
0.0879387657797,0.0934748577021
0.0789256512815,0.0899343804395
0.0703997321616,0.0863910140736
0.0623610084199,0.0828447586044
0.0548094800566,0.0792956140318
0.0477451470715,0.0757435803558
0.0411680094647,0.0721886575766
0.0350780672362,0.0686308456939
0.029475320386,0.065070144708
0.024359768914,0.0615065546187
0.0197314128204,0.057940075426
0.015590252105,0.05437070713
0.0119362867679,0.0507984497307
0.00876951680905,0.047223303228
0.00608994222851,0.043645267622
0.00389756302625,0.0400643429126
0.00219237920226,0.0364805290999
0.000974390756561,0.0328938261839
0.00024359768914,0.0293042341645
0.0,0.0257117530418
0.000236428094816,0.0221240024979
0.000945712379262,0.018548602215
0.00212785285334,0.014985552193
0.00378284951705,0.011434852432
0.00591070237039,0.00789650293205
0.00851141141336,0.00437050369304
0.011584976646,0.000856854714995
0.0151313980682,-0.00264444400207
0.0191506756801,-0.00613339245815
0.0236428094816,-0.00960999065326
0.0286077994727,-0.0130742385874
0.0340456456534,-0.0165261362605
0.0399563480238,-0.0199656836727
0.0463399065839,-0.0233928808239
0.0531963213335,-0.0268077277141
0.0605255922728,-0.0302102243434
0.0683277194017,-0.0336003707117
0.0766027027203,-0.0369781668189
0.0853505422284,-0.0403436126653
0.0945712379262,-0.0436967082506
0.104167625204,-0.0469434322677
0.114042539452,-0.0499897634093
0.124195980671,-0.0528357016753
0.134627948859,-0.0554812470659
0.145338444019,-0.057926399581
0.156327466148,-0.0601711592205
0.167595015248,-0.0622155259845
0.179141091318,-0.064059499873
0.190965694358,-0.0657030808861
0.203068824369,-0.0671462690235
0.21545048135,-0.0683890642855
0.228110665302,-0.069431466672
0.241049376224,-0.070273476183
0.254266614116,-0.0709150928184
0.267762378978,-0.0713563165784
0.281536670811,-0.0715971474628
0.295589489614,-0.0716375854718
0.309920835388,-0.0714776306052
0.324530708132,-0.0711172828631
0.339419107846,-0.0705565422455
0.354506340021,-0.0698773852459
0.369712710147,-0.0691617883579
0.385038218224,-0.0684097515814
0.400482864253,-0.0676212749165
0.416046648233,-0.0667963583631
0.431729570163,-0.0659350019213
0.447531630045,-0.065037205591
0.463452827879,-0.0641029693723
0.479493163663,-0.0631322932652
0.495652637399,-0.0621251772696
0.511931249086,-0.0610816213856
0.528328998724,-0.0600016256131
0.544845886313,-0.0588851899522
0.561481911853,-0.0577323144028
0.578237075345,-0.056542998965
0.595111376787,-0.0553172436387
0.612104816181,-0.054055048424
0.629217393527,-0.0527564133208
0.646449108823,-0.0514213383292
0.66379996207,-0.0500498234492
0.681180363277,-0.0486044508075
0.698500722451,-0.047047802531
0.715761039593,-0.0453798786197
0.732961314701,-0.0436006790736
0.750101547777,-0.0417102038926
0.767181738821,-0.0397084530768
0.784201887832,-0.0375954266262
0.80116199481,-0.0353711245408
0.818062059755,-0.0330355468206
0.834902082668,-0.0305886934655
0.851682063548,-0.0280305644757
0.868402002396,-0.025361159851
0.885061899211,-0.0225804795915
0.901661753993,-0.0196885236972
0.918201566742,-0.016685292168
0.934681337459,-0.013570785004
0.951101066143,-0.0103450022053
0.967460752795,-0.00700794377166
0.983760397414,-0.00355960970324
1.0,0.0
