1.0,0.0
0.98845908755,0.00678445634816
0.976473823626,0.0133619721022
0.964044208229,0.0197325472622
0.951170241358,0.0258961818281
0.937851923014,0.0318528757999
0.924089253197,0.0376026291775
0.909882231906,0.0431454419611
0.895230859141,0.0484813141506
0.880135134904,0.053610245746
0.864595059192,0.0585322367473
0.848610632008,0.0632472871545
0.83218185335,0.0677553969676
0.815308723218,0.0720565661866
0.797991241613,0.0761507948115
0.780229408535,0.0800380828423
0.762023223983,0.083718430279
0.743372687958,0.0871918371216
0.724277800459,0.0904583033701
0.704738561487,0.0935178290246
0.684754971041,0.0963704140849
0.664709867357,0.0990631766613
0.644986088668,0.101643234864
0.625583634974,0.104110588692
0.606502506276,0.106465238147
0.587742702574,0.108707183228
0.569304223867,0.110836423936
0.551187070156,0.112852960269
0.53339124144,0.114756792228
0.51591673772,0.116547919814
0.498763558995,0.118226343026
0.481931705266,0.119792061864
0.465421176532,0.121245076328
0.449231972794,0.122585386418
0.433364094051,0.123812992135
0.417817540304,0.124927893478
0.402592311552,0.125930090447
0.387688407796,0.126819583042
0.373105829036,0.127596371263
0.358844575271,0.12826045511
0.344904646501,0.128811834584
0.331210971907,0.129207076827
0.317688480666,0.129402748986
0.30433717278,0.129398851059
0.291157048248,0.129195383046
0.278148107069,0.128792344948
0.265310349245,0.128189736764
0.252643774775,0.127387558495
0.24014838366,0.126385810141
0.227824175898,0.125184491701
0.215671151491,0.123783603176
0.203689310437,0.122183144565
0.191878652738,0.120383115868
0.180239178393,0.118383517086
0.168770887402,0.116184348219
0.157473779765,0.113785609266
0.146347855482,0.111187300228
0.135393114553,0.108389421104
0.124609556979,0.105391971895
0.113997182758,0.1021949526
0.103555991892,0.0987983632197
0.0934592826827,0.0952999594288
0.0838803534327,0.0917974969021
0.0748192041421,0.0882909756394
0.066275834811,0.0847803956409
0.0582502454394,0.0812657569066
0.0507424360272,0.0777470594363
0.0437524065745,0.0742243032303
0.0372801570812,0.0706974882883
0.0313256875474,0.0671666146105
0.025888997973,0.0636316821968
0.0209700883582,0.0600926910473
0.0165689587028,0.0565496411619
0.0126856090068,0.0530025325406
0.0093200392703,0.0494513651835
0.00647224949326,0.0458961390905
0.00414223967569,0.0423368542616
0.00233000981757,0.0387735106969
0.00103555991892,0.0352061083963
0.00025888997973,0.0316346473599
0.0,0.0280591275875
0.000208749227459,0.0244857316929
0.000834996909836,0.0209206422894
0.00187874304713,0.017363859377
0.00333998763934,0.0138153829558
0.00521873068648,0.0102752130258
0.00751497218853,0.0067433495869
0.0102287121455,0.00321979263918
0.0133599505574,-0.000295457817377
0.0169086874242,-0.00380240178278
0.0208749227459,-0.00730103925702
0.0252586565225,-0.0107913702401
0.0300598887541,-0.014273394732
0.0352786194406,-0.0177471127328
0.040914848582,-0.0212125242424
0.0469685761783,-0.0246696292609
0.0534398022295,-0.0281184277881
0.0603285267357,-0.0315589198243
0.0676347496967,-0.0349911053693
0.0753584711127,-0.0384149844231
0.0834996909836,-0.0418305569857
0.0920348938924,-0.045139443551
0.100940564422,-0.0482432646129
0.110216702572,-0.0511420201712
0.119863308343,-0.053835710226
0.129880381735,-0.0563243347773
0.140267922748,-0.0586078938251
0.151025931382,-0.0606863873694
0.162154407636,-0.0625598154102
0.173653351511,-0.0642281779475
0.185522763007,-0.0656914749813
0.197762642124,-0.0669497065116
0.210372988862,-0.0680028725383
0.22335380322,-0.0688509730616
0.236705085199,-0.0694940080814
0.250426834799,-0.0699319775976
0.26451905202,-0.0701648816104
0.278981736862,-0.0701927201196
0.293814889324,-0.0700154931254
0.309018509407,-0.0696332006276
0.324592597111,-0.0690458426264
0.340418814138,-0.0683406469041
0.356378822189,-0.0676048412433
0.372472621265,-0.0668384256441
0.388700211365,-0.0660414001063
0.40506159249,-0.06521376463
0.42155676464,-0.0643555192152
0.438185727814,-0.0634666638619
0.454948482013,-0.0625471985701
0.471845027236,-0.0615971233398
0.488875363484,-0.060616438171
0.506039490757,-0.0596051430636
0.523337409054,-0.0585632380178
0.540769118376,-0.0574907230334
0.558334618722,-0.0563875981106
0.576033910093,-0.0552538632492
0.593866992489,-0.0540895184494
0.611833865909,-0.052894563711
0.629934530353,-0.0516689990342
0.648168985822,-0.0504128244188
0.666537232316,-0.0491260398649
0.684884274141,-0.0477662397182
0.703055115604,-0.0462910183246
0.721049756705,-0.0447003756839
0.738868197443,-0.0429943117963
0.756510437819,-0.0411728266616
0.773976477834,-0.0392359202799
0.791266317485,-0.0371835926512
0.808379956775,-0.0350158437754
0.825317395703,-0.0327326736527
0.842078634268,-0.030334082283
0.858663672471,-0.0278200696662
0.875072510312,-0.0251906358025
0.891305147791,-0.0224457806917
0.907361584907,-0.0195855043339
0.923241821661,-0.0166098067291
0.938945858053,-0.0135186878773
0.954473694083,-0.0103121477785
0.969825329751,-0.00699018643268
0.985000765057,-0.00355280383985
1.0,0.0
