1.0,0.0
0.988902488825,0.00682310023875
0.977337854405,0.0134376399906
0.965306096741,0.0198436192555
0.952807215832,0.0260410380335
0.939841211679,0.0320298963247
0.926408084281,0.0378101941289
0.912507833639,0.0433819314461
0.898140459752,0.0487451082765
0.883305962621,0.05389972462
0.868004342245,0.0588457804766
0.852235598625,0.0635832758462
0.83599973176,0.0681122107289
0.819296741651,0.0724325851248
0.802126628297,0.0765443990337
0.784489391699,0.0804476524557
0.766385031856,0.0841423453908
0.747813548768,0.087628477839
0.728774942437,0.0909060498003
0.70926921286,0.0939750612746
0.68929636004,0.0968355122621
0.669231994392,0.0995331580665
0.649451726337,0.102113753992
0.629955555872,0.104577300038
0.610743482999,0.106923796205
0.591815507718,0.109153242493
0.573171630028,0.111265638902
0.55481184993,0.113260985431
0.536736167424,0.115139282082
0.518944582508,0.116900528853
0.501437095185,0.118544725745
0.484213705452,0.120071872758
0.467274413312,0.121481969892
0.450619218763,0.122775017147
0.434248121805,0.123951014523
0.418161122439,0.125009962019
0.402358220664,0.125951859637
0.386839416481,0.126776707375
0.371604709889,0.127484505234
0.356654100889,0.128075253214
0.341987589481,0.128548951315
0.327580309729,0.128864828607
0.3134073957,0.128982114161
0.299468847392,0.128900807978
0.285764664807,0.128620910056
0.272294847945,0.128142420396
0.259059396804,0.127465338998
0.246058311386,0.126589665862
0.23329159169,0.125515400989
0.220759237717,0.124242544377
0.208461249465,0.122771096027
0.196397626936,0.121101055939
0.184568370129,0.119232424113
0.172973479045,0.117165200549
0.161612953683,0.114899385247
0.150486794042,0.112434978207
0.139595000125,0.109771979429
0.128937571929,0.106910388913
0.118514509456,0.103850206659
0.108325812705,0.100591432667
0.0983714816761,0.0971340669366
0.0887802622127,0.0935782240167
0.0796809001577,0.0900240184549
0.071073395511,0.0864714502514
0.0629577482727,0.0829205194061
0.0553339584428,0.0793712259191
0.0482020260213,0.0758235697903
0.0415619510082,0.0722775510198
0.0354137334034,0.0687331696075
0.029757373207,0.0651904255534
0.024592870419,0.0616493188576
0.0199202250394,0.0581098495201
0.0157394370682,0.0545720175407
0.0120505065053,0.0510358229196
0.00885343335085,0.0475012656568
0.00614821760476,0.0439683457522
0.00393485926704,0.0404370632058
0.00221335833771,0.0369074180177
0.000983714816761,0.0333794101878
0.00024592870419,0.0298530397161
0.0,0.0263283066027
0.000218939057375,0.0228093580425
0.000875756229499,0.0193003412304
0.00197045151637,0.0158012561664
0.00350302491799,0.0123121028506
0.00547347643437,0.00883288128293
0.00788180606549,0.00536359146338
0.0107280138114,0.00190423339196
0.014012099672,-0.00154519293132
0.0177340636473,-0.00498468750647
0.0218939057375,-0.00841425033349
0.0264916259423,-0.0118338814124
0.0315272242619,-0.0152435807431
0.0370007006963,-0.0186433483257
0.0429120552454,-0.0220331841602
0.0492612879093,-0.0254130882466
0.0560483986879,-0.0287830605848
0.0632733875813,-0.0321431011749
0.0709362545894,-0.0354932100168
0.0790369997122,-0.0388333871106
0.0875756229499,-0.0421636324563
0.0965118875883,-0.0453860202819
0.105805556914,-0.0484026248155
0.115456630926,-0.0512134460571
0.125465109625,-0.0538184840067
0.135830993011,-0.0562177386643
0.146554281084,-0.0584112100299
0.157634973843,-0.0603988981036
0.16907307129,-0.0621808028852
0.180868573424,-0.0637569243748
0.193021480244,-0.0651272625724
0.205531791751,-0.066291817478
0.218399507945,-0.0672505890916
0.231624628826,-0.0680035774132
0.245207154394,-0.0685507824428
0.259147084649,-0.0688922041804
0.273444419591,-0.069027842626
0.28809915922,-0.0689576977796
0.303111303535,-0.0686817696413
0.318480852537,-0.0682000582109
0.334207806227,-0.0675125634885
0.350170822802,-0.0667124796498
0.366248560462,-0.0658930008705
0.382441019207,-0.0650541271506
0.398748199038,-0.0641958584901
0.415170099953,-0.063318194889
0.431706721954,-0.0624211363473
0.448358065039,-0.061504682865
0.46512412921,-0.060568834442
0.482004914466,-0.0596135910785
0.499000420806,-0.0586389527744
0.516110648232,-0.0576449195297
0.533335596743,-0.0566314913444
0.550675266339,-0.0555986682185
0.56812965702,-0.0545464501519
0.585698768786,-0.0534748371448
0.603382601637,-0.0523838291971
0.621181155573,-0.0512734263087
0.639094430594,-0.0501436284798
0.6571224267,-0.0489944357103
0.675265143892,-0.0478258480001
0.693367054879,-0.0465869124587
0.711272632374,-0.0452266761953
0.728981876375,-0.04374513921
0.746494786884,-0.0421423015027
0.7638113639,-0.0404181630735
0.780931607424,-0.0385727239223
0.797855517454,-0.0366059840491
0.814583093991,-0.034517943454
0.831114337036,-0.0323086021369
0.847449246588,-0.0299779600979
0.863587822647,-0.0275260173369
0.879530065213,-0.024952773854
0.895275974286,-0.0222582296491
0.910825549867,-0.0194423847222
0.926178791954,-0.0165052390734
0.941335700549,-0.0134467927026
0.956296275651,-0.0102670456099
0.97106051726,-0.00696599779523
0.985628425377,-0.00354364925859
1.0,0.0
