1.0,0.0
0.989385829676,0.0068748169188
0.978245606215,0.0135311406891
0.966579329616,0.0199689713109
0.95438699988,0.0261883087842
0.941668617005,0.0321891531089
0.928424180993,0.0379715042852
0.914653691844,0.0435353623129
0.900357149557,0.0488807271922
0.885534554132,0.0540075989229
0.870185905569,0.0589159775051
0.854311203868,0.0636058629389
0.83791044903,0.0680772552241
0.820983641055,0.0723301543608
0.803530779941,0.076364560349
0.78555186569,0.0801804731887
0.767046898301,0.0837778928798
0.748015877775,0.0871568194225
0.728458804111,0.0903172528167
0.708375677309,0.0932591930623
0.687766497369,0.0959826401595
0.667060711878,0.098557665992
0.646687768422,0.101054342444
0.626647667,0.103472669515
0.606940407612,0.105812647206
0.58756599026,0.108074275516
0.568524414941,0.110257554445
0.549815681658,0.112362483993
0.531439790408,0.114389064161
0.513396741194,0.116337294949
0.495686534014,0.118207176355
0.478309168869,0.119998708381
0.461264645758,0.121711891026
0.444552964681,0.123346724291
0.42817412564,0.124903208175
0.412128128633,0.126381342678
0.39641497366,0.127781127801
0.381034660722,0.129102563543
0.365987189819,0.130345649904
0.35127256095,0.131510386885
0.336890774116,0.132596774485
0.322787371049,0.133516042969
0.308907893484,0.134179422602
0.295252341419,0.134586913385
0.281820714855,0.134738515317
0.268613013793,0.134634228399
0.255629238231,0.134274052629
0.242869388171,0.133657988009
0.230333463611,0.132786034538
0.218021464553,0.131658192217
0.205933390995,0.130274461045
0.194069242938,0.128634841022
0.182429020383,0.126739332148
0.171012723328,0.124587934424
0.159820351774,0.122180647849
0.148851905722,0.119517472423
0.13810738517,0.116598408146
0.127586790119,0.113423455019
0.117290120569,0.109992613041
0.107217376521,0.106305882212
0.0973685579728,0.102363262533
0.0878751235704,0.0983049890006
0.078868531958,0.094271296613
0.0703487831353,0.0902621853701
0.0623158771026,0.0862776552719
0.0547698138597,0.0823177063185
0.0477105934067,0.0783823385099
0.0411382157435,0.074471551846
0.0350526808702,0.0705853463268
0.0294539887868,0.0667237219524
0.0243421394932,0.0628866787227
0.0197171329895,0.0590742166378
0.0155789692756,0.0552863356976
0.0119276483517,0.0515230359021
0.00876317021755,0.0477843172515
0.0060855348733,0.0440701797455
0.00389474231891,0.0403806233843
0.00219079255439,0.0367156481679
0.000973685579728,0.0330752540962
0.000243421394932,0.0294594411692
0.0,0.025868209387
0.000202502134393,0.0223050261165
0.000810008537572,0.0187733587248
0.00182251920954,0.0152732072117
0.00324003415029,0.0118045715774
0.00506255335983,0.00836745182186
0.00729007683815,0.00496184794501
0.00992260458526,0.00158775994689
0.0129601366012,-0.00175481217251
0.0164026728858,-0.00506586841319
0.0202502134393,-0.00834540877514
0.0245027582616,-0.0115934332584
0.0291603073526,-0.0148099418629
0.0342228607124,-0.0179949345887
0.039690418341,-0.0211484114357
0.0455629802384,-0.024270372404
0.0518405464046,-0.0273608174936
0.0585231168396,-0.0304197467045
0.0656106915433,-0.0334471600367
0.0731032705159,-0.0364430574901
0.0810008537572,-0.0394074390648
0.0893691301302,-0.0422697481143
0.0982737884978,-0.0449594279923
0.10771482886,-0.0474764786986
0.117692251217,-0.0498209002333
0.128206055568,-0.0519926925964
0.139256241914,-0.0539918557879
0.150842810254,-0.0558183898078
0.162965760589,-0.0574722946561
0.175625092919,-0.0589535703328
0.188820807243,-0.0602622168378
0.202552903562,-0.0613982341713
0.216821381875,-0.0623616223331
0.231626242183,-0.0631523813234
0.246967484485,-0.063770511142
0.262845108783,-0.0642160117891
0.279259115074,-0.0644888832645
0.29620950336,-0.0645891255683
0.313696273641,-0.0645167387005
0.331719425916,-0.0642717226611
0.350278960186,-0.0638540774501
0.369045790281,-0.063340359037
0.387690830032,-0.0628071233914
0.406214079439,-0.0622543705133
0.424615538502,-0.0616821004027
0.44289520722,-0.0610903130595
0.461053085594,-0.0604790084838
0.479089173624,-0.0598481866756
0.49700347131,-0.0591978476349
0.514795978652,-0.0585279913616
0.53246669565,-0.0578386178559
0.550015622303,-0.0571297271176
0.567442758612,-0.0564013191468
0.584748104577,-0.0556533939434
0.601931660198,-0.0548859515076
0.618993425475,-0.0540989918392
0.635933400408,-0.0532925149383
0.652751584996,-0.0524665208049
0.66944797924,-0.0516210094389
0.68602258314,-0.0507559808404
0.702475396696,-0.0498714350095
0.718791530669,-0.0488971671971
0.73495609582,-0.0477629726543
0.750969092149,-0.0464688513813
0.766830519656,-0.0450148033779
0.782540378342,-0.0434008286442
0.798098668205,-0.0416269271802
0.813505389247,-0.0396930989858
0.828760541467,-0.0375993440612
0.843864124865,-0.0353456624062
0.858816139441,-0.0329320540209
0.873616585195,-0.0303585189052
0.888265462128,-0.0276250570593
0.902762770238,-0.024731668483
0.917108509527,-0.0216783531764
0.931302679994,-0.0184651111395
0.945345281639,-0.0150919423722
0.959236314462,-0.0115588468746
0.972975778463,-0.00786582464675
0.986563673642,-0.00401287568854
1.0,0.0
