1.0,0.0
0.989553173068,0.00709686158348
0.978545474841,0.0139603473433
0.966976905319,0.0205904572795
0.9548474645,0.0269871913921
0.942157152387,0.033150549681
0.928905968978,0.0390805321463
0.915093914273,0.0447771387879
0.900720988273,0.0502403696059
0.885787190978,0.0554702246002
0.870292522387,0.0604667037709
0.8542369825,0.065229807118
0.837620571318,0.0697595346414
0.820443288841,0.0740558863412
0.802705135068,0.0781188622174
0.78440611,0.0819484622699
0.765546213636,0.0855446864987
0.746125445977,0.088907534904
0.726143807022,0.0920370074855
0.705601296772,0.0949331042435
0.684497915226,0.0975958251778
0.663310349831,0.100103563696
0.642515288032,0.102534713206
0.622112729829,0.104889273708
0.602102675223,0.107167245202
0.582485124213,0.109368627688
0.563260076799,0.111493421165
0.544427532981,0.113541625634
0.52598749276,0.115513241095
0.507939956135,0.117408267548
0.490284923106,0.119226704993
0.473022393674,0.120968553429
0.456152367838,0.122633812857
0.439674845598,0.124222483277
0.423589826955,0.125734564689
0.407897311908,0.127170057093
0.392597300457,0.128528960488
0.377689792602,0.129811274875
0.363174788344,0.131017000254
0.349052287682,0.132146136625
0.335322290616,0.133198683988
0.321876907933,0.134084551777
0.308608250418,0.134713649427
0.295516318072,0.135085976939
0.282601110894,0.135201534312
0.269862628885,0.135060321546
0.257300872044,0.134662338641
0.244915840372,0.134007585598
0.232707533868,0.133096062416
0.220675952533,0.131927769095
0.208821096367,0.130502705635
0.197142965369,0.128820872037
0.185641559539,0.126882268299
0.174316878878,0.124686894423
0.163168923386,0.122234750408
0.152197693062,0.119525836255
0.141403187906,0.116560151963
0.130785407919,0.113337697532
0.120344353101,0.109858472962
0.110080023451,0.106122478253
0.0999924189701,0.102129713406
0.0902431581205,0.0980206752191
0.0809938593658,0.0939358604928
0.0722445227059,0.0898752692267
0.0639951481409,0.085838901421
0.0562457356707,0.0818267570755
0.0489962852953,0.0778388361903
0.0422467970149,0.0738751387655
0.0359972708292,0.0699356648009
0.0302477067384,0.0660204142965
0.0249981047425,0.0621293872525
0.0202484648414,0.0582625836688
0.0159987870352,0.0544200035453
0.0122490713238,0.0506016468822
0.00899931770731,0.0468075136793
0.00624952618563,0.0430376039367
0.0039996967588,0.0392919176544
0.00224982942683,0.0355704548324
0.000999924189701,0.0318732154707
0.000249981047425,0.0282001995693
0.0,0.0245514071281
0.000200104992885,0.0209346878029
0.000800419971541,0.017357891249
0.00180094493597,0.0138210174667
0.00320167988616,0.0103240664558
0.00500262482213,0.0068670382163
0.00720377974387,0.00344993274829
0.00980514465138,7.27500517351e-05
0.0128067195447,-0.00326450987337
0.0162085044237,-0.00656184702702
0.0200104992885,-0.00981926140921
0.0242127041391,-0.01303675302
0.0288151189755,-0.0162143218592
0.0338177437976,-0.0193519679271
0.0392205786055,-0.0224496912235
0.0450236233992,-0.0255074917484
0.0512268781786,-0.0285253695019
0.0578303429438,-0.0315033244839
0.0648340176948,-0.0344413566945
0.0722379024316,-0.0373394661336
0.0800419971541,-0.0401976528012
0.0883194916135,-0.0429547866901
0.0971435755608,-0.0455497377927
0.106514248996,-0.0479825061091
0.116431511919,-0.0502530916393
0.126895364331,-0.0523614943833
0.13790580623,-0.0543077143411
0.149462837617,-0.0560917515126
0.161566458492,-0.057713605898
0.174216668855,-0.0591732774971
0.187413468706,-0.06047076631
0.201156858045,-0.0616060723368
0.215446836872,-0.0625791955773
0.230283405187,-0.0633901360315
0.24566656299,-0.0640388936996
0.261596310281,-0.0645254685815
0.27807264706,-0.0648498606772
0.295095573327,-0.0650120699866
0.312665089082,-0.0650120965098
0.330781194325,-0.0648499402468
0.349443889055,-0.0645256011977
0.368312134855,-0.0641068545158
0.387044893306,-0.0636614753548
0.405642164407,-0.0631894637147
0.424103948159,-0.0626908195955
0.442430244561,-0.0621655429972
0.460621053614,-0.0616136339198
0.478676375317,-0.0610350923632
0.496596209671,-0.0604299183275
0.514380556675,-0.0597981118127
0.532029416331,-0.0591396728188
0.549542788636,-0.0584546013458
0.566920673592,-0.0577428973936
0.584163071199,-0.0570045609623
0.601269981456,-0.056239592052
0.618241404364,-0.0554479906625
0.635077339923,-0.0546297567938
0.651777788131,-0.0537848904461
0.668342748991,-0.0529133916193
0.684772222501,-0.0520152603133
0.701066208662,-0.0510904965282
0.717228473502,-0.0500715942635
0.73326278305,-0.0488910475185
0.749169137306,-0.0475488562935
0.76494753627,-0.0460450205882
0.780597979943,-0.0443795404027
0.796120468323,-0.0425524157371
0.811515001412,-0.0405636465913
0.826781579208,-0.0384132329654
0.841920201713,-0.0361011748592
0.856930868926,-0.0336274722729
0.871813580847,-0.0309921252064
0.886568337476,-0.0281951336597
0.901195138813,-0.0252364976329
0.915693984858,-0.0221162171259
0.930064875612,-0.0188342921387
0.944307811073,-0.0153907226713
0.958422791243,-0.0117855087237
0.97240981612,-0.00801865029599
0.986268885706,-0.00409014738808
1.0,0.0
