1.0,0.0
0.989557079557,0.0069043741909
0.978555867909,0.0135850927755
0.966996365055,0.0200421557537
0.954878570996,0.0262755631255
0.942202485731,0.0322853148911
0.928968109262,0.0380714110502
0.915175441587,0.0436338516031
0.900824482707,0.0489726365496
0.885915232621,0.0540877658897
0.87044769133,0.0589792396235
0.854421858834,0.063647057751
0.837837735133,0.0680912202721
0.820695320226,0.0723117271868
0.802994614114,0.0763085784952
0.784735616796,0.0800817741973
0.765918328274,0.083631314293
0.746542748546,0.0869571987824
0.726608877612,0.0900594276654
0.706116715474,0.0929380009421
0.68506626213,0.0955929186125
0.663922288824,0.0981015089698
0.643149566799,0.100541100307
0.622748096056,0.102911692625
0.602717876594,0.105213285923
0.583058908413,0.107445880201
0.563771191513,0.109609475459
0.544854725895,0.111704071698
0.526309511558,0.113729668916
0.508135548503,0.115686267115
0.490332836729,0.117573866294
0.472901376236,0.119392466454
0.455841167024,0.121142067593
0.439152209093,0.122822669713
0.422834502444,0.124434272813
0.406888047077,0.125976876893
0.39131284299,0.127450481953
0.376108890185,0.128855087993
0.361276188661,0.130190695014
0.346814738418,0.131457303015
0.332724539457,0.132654911996
0.318925481961,0.13368528093
0.305337456116,0.134450168789
0.291960461922,0.134949575572
0.278794499377,0.135183501281
0.265839568484,0.135151945914
0.25309566924,0.134854909473
0.240562801647,0.134292391956
0.228240965705,0.133464393365
0.216130161412,0.132370913698
0.204230388771,0.131011952957
0.192541647779,0.12938751114
0.181063938438,0.127497588248
0.169797260748,0.125342184282
0.158741614707,0.12292129924
0.147897000318,0.120234933123
0.137263417578,0.117283085931
0.126840866489,0.114065757665
0.116629347051,0.110582948323
0.106628859263,0.106834657906
0.0968394031251,0.102820886414
0.0873975613204,0.0986856972092
0.0784399165313,0.0945731536541
0.0699664687579,0.0904832557485
0.061977218,0.0864160034925
0.0544721642578,0.0823713968861
0.0474513075313,0.0783494359292
0.0409146478203,0.0743501206218
0.034862185125,0.070373450964
0.0292939194453,0.0664194269558
0.0242098507813,0.0624880485971
0.0196099791328,0.0585793158879
0.0154943045,0.0546932288283
0.0118628268828,0.0508297874183
0.00871554628126,0.0469889916578
0.00605246269532,0.0431708415468
0.003873576125,0.0393753370854
0.00217888657031,0.0356024782736
0.000968394031251,0.0318522651113
0.000242098507813,0.0281246975986
0.0,0.0244197757354
0.000200604983875,0.020745925812
0.000802419935499,0.0171115741186
0.00180544485487,0.0135167206552
0.003209679742,0.00996136542184
0.00501512459687,0.00644550841849
0.00722177941949,0.00296914964516
0.00982964420986,-0.000467710898161
0.012838718968,-0.00386507321146
0.0162490036939,-0.00722293729475
0.0200604983875,-0.010541303148
0.0242732030488,-0.0138201707713
0.028887117678,-0.0170595401645
0.0339022422748,-0.0202594113278
0.0393185768395,-0.023419784261
0.0451361213718,-0.0265406589642
0.0513548758719,-0.0296220354373
0.0579748403398,-0.0326639136805
0.0649960147754,-0.0356662936937
0.0724183991788,-0.0386291754768
0.0802419935499,-0.0415525590299
0.0885272703118,-0.0443712583055
0.0973347018875,-0.047020087256
0.106664288277,-0.0494990458814
0.11651602948,-0.0518081341818
0.126889925497,-0.0539473521571
0.137785976328,-0.0559166998073
0.149204181973,-0.0577161771324
0.161144542431,-0.0593457841324
0.173607057703,-0.0608055208074
0.186591727789,-0.0620953871573
0.200098552689,-0.0632153831821
0.214127532403,-0.0641655088818
0.22867866693,-0.0649457642565
0.243751956271,-0.0655561493061
0.259347400426,-0.0659966640306
0.275464999395,-0.06626730843
0.292104753178,-0.0663680825044
0.309266661774,-0.0662989862537
0.326950725184,-0.0660600196779
0.345156943408,-0.065651182777
0.36359412518,-0.065145442066
0.381971079233,-0.0646157640601
0.400287805567,-0.0640621487591
0.418544304183,-0.063484596163
0.43674057508,-0.0628831062719
0.454876618258,-0.0622576790858
0.472952433718,-0.0616083146047
0.490968021459,-0.0609350128285
0.508923381482,-0.0602377737572
0.526818513786,-0.0595165973909
0.544653418371,-0.0587714837296
0.562428095238,-0.0580024327733
0.580142544387,-0.0572094445219
0.597796765816,-0.0563925189754
0.615390759527,-0.055551656134
0.63292452552,-0.0546868559975
0.650398063793,-0.0537981185659
0.667811374349,-0.0528854438393
0.685164457185,-0.0519488318177
0.702457312303,-0.050988282501
0.719600773218,-0.0499369197288
0.736505673446,-0.0487278673405
0.753172012986,-0.0473611253361
0.769599791839,-0.0458366937156
0.785789010004,-0.044154572479
0.801739667482,-0.0423147616264
0.817451764273,-0.0403172611576
0.832925300376,-0.0381620710728
0.848160275792,-0.0358491913719
0.863156690521,-0.0333786220549
0.877914544562,-0.0307503631218
0.892433837916,-0.0279644145726
0.906714570582,-0.0250207764073
0.920756742561,-0.021919448626
0.934560353853,-0.0186604312285
0.948125404457,-0.015243724215
0.961451894374,-0.0116693275854
0.974539823603,-0.00793724133967
0.987389192145,-0.00404746547788
1.0,0.0
