1.0,0.0
0.982442717524,0.00570903425847
0.964910170114,0.011306287412
0.947402357772,0.0167917594605
0.929919280497,0.022165450404
0.912460938288,0.0274273602425
0.895027331147,0.0325774889761
0.877618459073,0.0376158366046
0.860234322065,0.0425424031282
0.842874920125,0.0473571885468
0.825540253252,0.0520601928604
0.808230321445,0.056651416069
0.790945124706,0.0611308581726
0.773684663034,0.0654985191712
0.756448936428,0.0697543990649
0.73923794489,0.0738984978536
0.722051688419,0.0779308155373
0.704890167015,0.0818513521159
0.687753380677,0.0856601075897
0.670641329407,0.0893570819584
0.653554013204,0.0929422752221
0.636549519159,0.0963779738195
0.619685934363,0.0996264641891
0.602963258816,0.102687746331
0.586381492518,0.105561820245
0.569940635469,0.108248685932
0.553640687669,0.11074834339
0.537481649118,0.113060792621
0.521463519817,0.115186033624
0.505586299764,0.1171240664
0.48984998896,0.118874890947
0.474254587406,0.120438507267
0.4588000951,0.12181491536
0.443486512044,0.123004115224
0.428313838237,0.124006106861
0.413282073679,0.12482089027
0.398391218369,0.125448465451
0.383641272309,0.125888832404
0.369032235498,0.12614199113
0.354564107936,0.126207941628
0.340236889623,0.126086683898
0.326089458461,0.125804531529
0.312160692352,0.125387798109
0.298450591295,0.124836483637
0.284959155291,0.124150588114
0.271686384339,0.12333011154
0.258632278439,0.122375053915
0.245796837593,0.121285415238
0.233180061799,0.120061195511
0.220781951057,0.118702394732
0.208602505368,0.117209012902
0.196641724732,0.11558105002
0.184899609148,0.113818506088
0.173376158617,0.111921381104
0.162071373138,0.109889675069
0.150985252712,0.107723387983
0.140117797338,0.105422519846
0.129469007017,0.102987070657
0.119038881749,0.100417040417
0.108827421533,0.0977124291265
0.0988346263699,0.0948732367843
0.0891982502989,0.0919498132781
0.0800560473596,0.0889925084951
0.0714080175523,0.0860013224352
0.0632541608768,0.0829762550985
0.0555944773331,0.0799173064849
0.0484289669213,0.0768244765944
0.0417576296413,0.0736977654271
0.0355804654932,0.070537172983
0.0298974744769,0.067342699262
0.0247086565925,0.0641143442642
0.0200140118399,0.0608521079895
0.0158135402192,0.057555990438
0.0121072417303,0.0542259916096
0.00889511637329,0.0508621115044
0.00617716414812,0.0474643501223
0.0039533850548,0.0440327074634
0.00222377909332,0.0405671835276
0.000988346263699,0.037067778315
0.000247086565925,0.0335344918256
0.0,0.0299673240593
0.000252151108433,0.0263776906133
0.00100860443373,0.0227770070851
0.00226935997589,0.0191652734744
0.00403441773492,0.0155424897814
0.00630377771082,0.011908656006
0.00907743990357,0.00826377214829
0.0123554043132,0.00460783820818
0.0161376709397,0.000940854185703
0.020424239783,-0.00273717991914
0.0252151108433,-0.00642626410634
0.0305102841203,-0.0101263983759
0.0363097596143,-0.0138375827279
0.0426135373251,-0.0175598171622
0.0494216172528,-0.0212931016788
0.0567339993973,-0.0250374362779
0.0645506837587,-0.0287928209593
0.072871670337,-0.032559255723
0.0816969591322,-0.0363367405692
0.0910265501442,-0.0401252754977
0.100860443373,-0.0439248605085
0.111063164375,-0.0476119774436
0.121499238708,-0.0510631081449
0.132168666371,-0.0542782526124
0.143071447364,-0.057257410846
0.154207581687,-0.0600005828457
0.16557706934,-0.0625077686116
0.177179910324,-0.0647789681437
0.189016104638,-0.0668141814419
0.201085652282,-0.0686134085063
0.213388553256,-0.0701766493369
0.22592480756,-0.0715039039336
0.238694415195,-0.0725951722965
0.251697376159,-0.0734504544255
0.264933690454,-0.0740697503207
0.278403358079,-0.074453059982
0.292106379035,-0.0746003834095
0.30604275332,-0.0745117206032
0.320212480936,-0.074187071563
0.334615561882,-0.073626436289
0.349251996158,-0.0728298147811
0.36402679867,-0.0718870822273
0.378844984323,-0.0708881138154
0.393706553117,-0.0698329095455
0.408611505053,-0.0687214694175
0.423559840129,-0.0675537934315
0.438551558347,-0.0663298815874
0.453586659706,-0.0650497338852
0.468665144207,-0.063713350325
0.483787011848,-0.0623207309068
0.498952262631,-0.0608718756304
0.514160896555,-0.0593667844961
0.529412913621,-0.0578054575037
0.544708313827,-0.0561878946532
0.560047097175,-0.0545140959447
0.575429263664,-0.0527840613781
0.590854813294,-0.0509977909534
0.606323746066,-0.0491552846707
0.621836061978,-0.04725654253
0.637391761032,-0.0453015645312
0.652990843227,-0.0432903506743
0.668698101197,-0.041244759601
0.684578327573,-0.039186649953
0.700631522357,-0.0371160217301
0.716857685549,-0.0350328749325
0.733256817147,-0.0329372095601
0.749828917153,-0.0308290256129
0.766573985566,-0.0287083230909
0.783492022386,-0.0265751019942
0.800583027614,-0.0244293623226
0.817847001249,-0.0222711040763
0.835283943291,-0.0201003272552
0.852893853741,-0.0179170318593
0.870676732598,-0.0157212178886
0.888632579862,-0.0135128853432
0.906761395533,-0.0112920342229
0.925063179612,-0.00905866452792
0.943537932098,-0.00681277625811
0.962185652992,-0.00455436941352
0.981006342292,-0.00228344399415
1.0,0.0
