1.0,0.0
0.981720631333,0.00568489883657
0.963488844656,0.0112610160772
0.945304639967,0.016728351722
0.927168017267,0.0220869057709
0.909078976557,0.0273366782239
0.891037517835,0.0324776690809
0.873043641102,0.0375098783421
0.855097346358,0.0424333060074
0.837198633603,0.0472479520767
0.819347502837,0.0519538165502
0.801543954059,0.0565508994278
0.783787987271,0.0610392007094
0.766079602472,0.0654187203952
0.748418799661,0.0696894584851
0.73080557884,0.0738514149791
0.713239940008,0.0779045898771
0.695721883164,0.0818489831793
0.678251408309,0.0856845948856
0.660828515444,0.0894114249959
0.643453204567,0.0930294735104
0.626199092078,0.0965007813594
0.609139794375,0.0997873894733
0.592275311459,0.102889297852
0.575605643329,0.105806506496
0.559130789986,0.108539015405
0.542850751429,0.111086824579
0.526765527659,0.113449934017
0.510875118675,0.115628343721
0.495179524478,0.117622053689
0.479678745067,0.119431063923
0.464372780442,0.121055374421
0.449261630604,0.122494985184
0.434345295552,0.123749896213
0.419623775287,0.124820107506
0.405097069808,0.125705619064
0.390765179116,0.126406430887
0.37662810321,0.126922542975
0.362685842091,0.127253955328
0.348938395758,0.127400667946
0.335385764211,0.127362680829
0.322015878758,0.127158557223
0.308816670706,0.126806860373
0.295788140056,0.126307590281
0.282930286806,0.125660746944
0.270243110957,0.124866330365
0.257726612509,0.123924340542
0.245380791462,0.122834777477
0.233205647816,0.121597641167
0.221201181571,0.120212931615
0.209367392727,0.118680648819
0.197704281284,0.11700079278
0.186211847241,0.115173363498
0.1748900906,0.113198360972
0.16373901136,0.111075785204
0.152758609521,0.108805636192
0.141948885082,0.106387913936
0.131309838045,0.103822618438
0.120841468409,0.101109749696
0.110543776173,0.0982493077105
0.100416761339,0.095241292482
0.0906261271085,0.0921486462084
0.0813375766847,0.0890343110875
0.0725511100675,0.0858982871194
0.064266727257,0.0827405743041
0.0564844282532,0.0795611726416
0.0492042130562,0.0763600821319
0.0424260816658,0.073137302775
0.0361500340821,0.0698928345709
0.0303760703051,0.0666266775196
0.0251041903348,0.0633388316211
0.0203343941712,0.0600292968754
0.0160666818143,0.0566980732824
0.012301053264,0.0533451608423
0.00903750852052,0.049970559555
0.00627604758369,0.0465742694204
0.00401667045356,0.0431562904387
0.00225937713013,0.0397166226098
0.00100416761339,0.0362552659336
0.000251041903348,0.0327722204103
0.0,0.0292674860397
0.000251445246622,0.025747987284
0.00100578098649,0.0222206486053
0.0022630072196,0.0186854700035
0.00402312394595,0.0151424514787
0.00628613116555,0.0115915930309
0.0090520288784,0.00803289466
0.0123208170845,0.00446635636607
0.0160924957838,0.000891978149099
0.0203670649764,-0.00269023999091
0.0251445246622,-0.00628029805397
0.0304248748413,-0.00987819604007
0.0362081155136,-0.0134839339492
0.0424942466791,-0.0170975117814
0.0492832683379,-0.0207189295366
0.05657518049,-0.0243481872149
0.0643699831353,-0.0279852848162
0.0726676762738,-0.0316302223405
0.0814682599056,-0.0352829997879
0.0907717340306,-0.0389436171584
0.100578098649,-0.0426120744518
0.110731222987,-0.0461759985232
0.121074976271,-0.0495230162272
0.1316093585,-0.0526531275638
0.142334369676,-0.0555663325332
0.153250009798,-0.0582626311352
0.164356278865,-0.0607420233699
0.175653176879,-0.0630045092373
0.187140703838,-0.0650500887374
0.198818859744,-0.0668787618701
0.210687644595,-0.0684905286355
0.222747058392,-0.0698853890336
0.234997101136,-0.0710633430644
0.247437772825,-0.0720243907278
0.26006907346,-0.0727685320239
0.272891003041,-0.0732957669527
0.285903561568,-0.0736060955141
0.299106749041,-0.0736995177082
0.31250056546,-0.073576033535
0.326085010825,-0.0732356429945
0.339860085136,-0.0726783460867
0.353783471874,-0.0719717624668
0.367812854519,-0.0711835117901
0.381948233072,-0.0703135940566
0.396189607533,-0.0693620092664
0.410536977902,-0.0683287574194
0.424990344178,-0.0672138385155
0.439549706362,-0.066017252555
0.454215064454,-0.0647389995376
0.468986418453,-0.0633790794634
0.48386376836,-0.0619374923325
0.498847114175,-0.0604142381448
0.513936455898,-0.0588093169003
0.529131793528,-0.057122728599
0.544433127066,-0.0553544732409
0.559840456512,-0.0535045508261
0.575353781866,-0.0515729613545
0.590973103127,-0.049559704826
0.606698420296,-0.0474647812409
0.622529733373,-0.0452881905989
0.638467042357,-0.0430299329001
0.654561666343,-0.0407382214021
0.670864924423,-0.0384612693623
0.687376816597,-0.0361990767807
0.704097342865,-0.0339516436573
0.721026503228,-0.0317189699921
0.738164297686,-0.0295010557851
0.755510726238,-0.0272979010364
0.773065788884,-0.0251095057458
0.790829485624,-0.0229358699135
0.808801816459,-0.0207769935394
0.826982781389,-0.0186328766235
0.845372380412,-0.0165035191658
0.86397061353,-0.0143889211663
0.882777480743,-0.0122890826251
0.90179298205,-0.010204003542
0.921017117451,-0.00813368391718
0.940449886947,-0.00607812375057
0.960091290537,-0.00403732304216
0.979941328221,-0.00201128179197
1.0,0.0
