1.0,0.0
0.983101792494,0.00570249678298
0.966139536257,0.0112981981506
0.949113231289,0.0167871041029
0.932022877589,0.0221692146398
0.914868475159,0.0274445297613
0.897650023998,0.0326130494675
0.880367524105,0.0376747737584
0.863020975482,0.0426297026339
0.845610378127,0.047477836094
0.828135732041,0.0522191741388
0.810597037225,0.0568537167682
0.792994293677,0.0613814639822
0.775327501398,0.065802415781
0.757596660388,0.0701165721643
0.739801770647,0.0743239331323
0.721942832175,0.0784244986849
0.704019844971,0.0824182688222
0.686032809037,0.0863052435441
0.667981724372,0.0900854228507
0.649866590975,0.0937588067419
0.631835038965,0.0972837135733
0.614034698459,0.100618461701
0.596465569458,0.103763051124
0.57912765196,0.106717481842
0.562020945966,0.109481753857
0.545145451477,0.112055867168
0.528501168491,0.114439821774
0.51208809701,0.116633617676
0.495906237032,0.118637254874
0.479955588559,0.120450733368
0.46423615159,0.122074053157
0.448747926125,0.123507214242
0.433490912164,0.124750216623
0.418465109707,0.1258030603
0.403670518754,0.126665745273
0.389107139305,0.127338271542
0.37477497136,0.127820639106
0.36067401492,0.128112847966
0.346804269983,0.128214898122
0.33316573655,0.128126789574
0.319733461487,0.127871051866
0.306482491659,0.127470214542
0.293412827065,0.126924277602
0.280524467706,0.126233241047
0.267817413581,0.125397104876
0.255291664691,0.124415869089
0.242947221036,0.123289533686
0.230784082616,0.122018098668
0.21880224943,0.120601564034
0.207001721479,0.119039929784
0.195382498762,0.117333195919
0.18394458128,0.115481362438
0.172687969033,0.113484429341
0.16161266202,0.111342396628
0.150718660242,0.1090552643
0.140005963699,0.106623032356
0.129474572391,0.104045700796
0.119124486317,0.101323269621
0.108955705477,0.0984557388295
0.0989682298728,0.0954431084226
0.0893188274602,0.0923460572428
0.0801642661969,0.089225264133
0.0715045460831,0.0860807290932
0.0633396671186,0.0829124521235
0.0556696293034,0.0797204332237
0.0484944326377,0.076504672394
0.0418140771212,0.0732651696343
0.0356285627542,0.0700019249446
0.0299378895365,0.0667149383249
0.0247420574682,0.0634042097752
0.0200410665492,0.0600697392955
0.0158349167796,0.0567115268859
0.0121236081594,0.0533295725462
0.00890714068855,0.0499238762766
0.00618551436705,0.046494438077
0.00395872919491,0.0430412579474
0.00222678517214,0.0395643358878
0.000989682298728,0.0360636718982
0.000247420574682,0.0325392659786
0.0,0.0289911181291
0.000257814559231,0.0254290884336
0.00103125823692,0.0218630369764
0.00232033103308,0.0182929637574
0.00412503294769,0.0147188687766
0.00644536398077,0.011140752034
0.00928132413231,0.00755861352969
0.0126329134023,0.00397245326354
0.0165001317908,0.000382271235616
0.0208829792977,-0.0032119325541
0.0257814559231,-0.00681015810559
0.0311955616669,-0.0104124054189
0.0371252965292,-0.0140186744939
0.04357066051,-0.0176289653308
0.0505316536092,-0.0212432779294
0.0580082758269,-0.0248616122898
0.0660005271631,-0.028483968412
0.0745084076177,-0.032110346296
0.0835319171908,-0.0357407459418
0.0930710558823,-0.0393751673494
0.103125823692,-0.0430136105187
0.113547420935,-0.0465438125179
0.124187047924,-0.0498535104149
0.13504470466,-0.0529427042098
0.146120391142,-0.0558113939025
0.15741410737,-0.0584595794931
0.168925853346,-0.0608872609816
0.180655629068,-0.0630944383679
0.192603434536,-0.0650811116521
0.204769269751,-0.0668472808341
0.217153134712,-0.068392945914
0.229755029421,-0.0697181068918
0.242574953875,-0.0708227637674
0.255612908076,-0.0717069165409
0.268868892024,-0.0723705652122
0.282342905718,-0.0728137097814
0.296034949159,-0.0730363502485
0.309945022347,-0.0730384866134
0.324073125281,-0.0728201188762
0.338419257961,-0.0723812470369
0.352983420388,-0.0717218710954
0.367675235283,-0.0709235147224
0.382404325366,-0.0700677015888
0.397170690637,-0.0691544316944
0.411974331097,-0.0681837050393
0.426815246745,-0.0671555216235
0.441693437582,-0.066069881447
0.456608903607,-0.0649267845098
0.47156164482,-0.0637262308118
0.486551661222,-0.0624682203531
0.501578952812,-0.0611527531337
0.516643519591,-0.0597798291536
0.531745361558,-0.0583494484127
0.546884478713,-0.0568616109112
0.562060871057,-0.0553163166489
0.57727453859,-0.0537135656259
0.59252548131,-0.0520533578421
0.60781369922,-0.0503356932977
0.623139192317,-0.0485605719925
0.638501960603,-0.0467279939267
0.653902004077,-0.0448379591
0.669414996082,-0.0429030391557
0.68511660996,-0.0409358057365
0.701006845711,-0.0389362588425
0.717085703334,-0.0369043984738
0.73335318283,-0.0348402246302
0.749809284198,-0.0327437373118
0.76645400744,-0.0306149365186
0.783287352554,-0.0284538222506
0.800309319541,-0.0262603945078
0.817519908401,-0.0240346532902
0.834919119133,-0.0217765985978
0.852506951739,-0.0194862304306
0.870283406217,-0.0171635487886
0.888248482568,-0.0148085536718
0.906402180791,-0.0124212450802
0.924744500887,-0.0100016230137
0.943275442856,-0.0075496874725
0.961995006698,-0.00506543845647
0.980903192413,-0.00254887596564
1.0,0.0
