1.0,0.0
0.983545992599,0.00560953975545
0.967026773065,0.0111098208764
0.950442341398,0.0165008433629
0.933792697598,0.021782607215
0.917077841665,0.0269551124325
0.900297773598,0.0320183590156
0.883452493399,0.0369723469642
0.866542001066,0.0418170762784
0.8495662966,0.046552546958
0.832525380002,0.0511787590032
0.81541925127,0.0556957124139
0.798247910405,0.0601034071902
0.781011357407,0.064401843332
0.763709592275,0.0685910208393
0.746342615011,0.0726709397121
0.728910425614,0.0766415999504
0.711413024083,0.0805030015543
0.69385041042,0.0842551445237
0.676222584623,0.0878980288587
0.658529546693,0.0914316545591
0.640886336553,0.0948209769631
0.623407994127,0.0980309514087
0.606094519414,0.101061577896
0.588945912414,0.103912856425
0.571962173127,0.106584786995
0.555143301554,0.109077369607
0.538489297694,0.11139060426
0.522000161547,0.113524490956
0.505675893113,0.115479029692
0.489516492393,0.11725422047
0.473521959386,0.11885006329
0.457692294092,0.120266558152
0.442027496511,0.121503705055
0.426527566644,0.122561503999
0.41119250449,0.123439954986
0.396022310049,0.124139058013
0.381016983321,0.124658813083
0.366176524307,0.124999220194
0.351500933006,0.125160279346
0.336990209418,0.12514199054
0.32268174279,0.12496175832
0.308612922368,0.124636987232
0.294783748153,0.124167677274
0.281194220144,0.123553828446
0.267844338341,0.12279544075
0.254734102745,0.121892514185
0.241863513354,0.12084504875
0.22923257017,0.119653044447
0.216841273193,0.118316501274
0.204689622421,0.116835419232
0.192777617856,0.115209798321
0.181105259497,0.113439638541
0.169672547345,0.111524939891
0.158479481399,0.109465702373
0.147526061659,0.107261925985
0.136812288125,0.104913610728
0.126338160798,0.102420756602
0.116103679677,0.0997833636073
0.106108844762,0.0970014317431
0.0963536560534,0.0940749610097
0.0869591745882,0.0910629381183
0.0780464614032,0.0880243497797
0.0696155164985,0.084959195994
0.0616663398741,0.0818674767612
0.05419893153,0.0787491920813
0.0472132914661,0.0756043419542
0.0407094196825,0.0724329263801
0.0346873161792,0.0692349453589
0.0291469809561,0.0660103988905
0.0240884140133,0.062759286975
0.0195116153508,0.0594816096124
0.0154165849685,0.0561773668027
0.0118033228665,0.0528465585459
0.0086718290448,0.049489184842
0.00602210350333,0.046105245691
0.00385414624213,0.0426947410928
0.0021679572612,0.0392576710476
0.000963536560534,0.0357940355552
0.000240884140133,0.0323038346158
0.0,0.0287870682292
0.00025651515877,0.0252529950654
0.00102606063508,0.0217108737944
0.00230863642893,0.0181607044161
0.00410424254033,0.0146024869306
0.00641287896926,0.0110362213379
0.00923454571574,0.00746190763785
0.0125692427798,0.00387954583059
0.0164169701613,0.000289135916088
0.0207777278604,-0.00330932210567
0.025651515877,-0.00691582823467
0.0310383342112,-0.0105303824709
0.036938182863,-0.0141529848144
0.0433510618322,-0.0177836352652
0.050276971119,-0.0214223338232
0.0577159107234,-0.0250690804884
0.0656678806452,-0.0287238752609
0.0741328808847,-0.0323867181407
0.0831109114416,-0.0360576091277
0.0926019723161,-0.0397365482219
0.102606063508,-0.0434235354234
0.112980299085,-0.04700419543
0.123581793114,-0.0503641529398
0.134410545594,-0.0535034079526
0.145466556527,-0.0564219604685
0.156749825912,-0.0591198104875
0.168260353748,-0.0615969580096
0.179998140037,-0.0638534030347
0.191963184777,-0.065889145563
0.20415548797,-0.0677041855943
0.216575049614,-0.0692985231287
0.22922186971,-0.0706721581662
0.242095948259,-0.0718250907068
0.255197285259,-0.0727573207504
0.268525880711,-0.0734688482972
0.282081734615,-0.073959673347
0.295864846971,-0.0742297958999
0.309875217779,-0.0742792159559
0.32411284704,-0.074107933515
0.338577734751,-0.0737159485771
0.353269880915,-0.0731032611424
0.368084906627,-0.0723444370386
0.382918432981,-0.0715140420935
0.397770459979,-0.0706120763073
0.41264098762,-0.0696385396798
0.427530015903,-0.0685934322112
0.44243754483,-0.0674767539013
0.4573635744,-0.0662885047502
0.472308104613,-0.0650286847579
0.487271135469,-0.0636972939244
0.502252666968,-0.0622943322496
0.51725269911,-0.0608197997337
0.532271231895,-0.0592736963765
0.547308265323,-0.0576560221782
0.562363799394,-0.0559667771386
0.577437834109,-0.0542059612578
0.592530369466,-0.0523735745358
0.607641405466,-0.0504696169726
0.62277094211,-0.0484940885682
0.637918979396,-0.0464469893226
0.653085517326,-0.0443283192357
0.668369802371,-0.0421707657056
0.683871081005,-0.04000701613
0.699589353227,-0.0378370705089
0.715524619037,-0.0356609288425
0.731676878435,-0.0334785911306
0.748046131422,-0.0312900573732
0.764632377996,-0.0290953275705
0.78143561816,-0.0268944017223
0.798455851911,-0.0246872798286
0.81569307925,-0.0224739618896
0.833147300178,-0.0202544479051
0.850818514694,-0.0180287378751
0.868706722799,-0.0157968317997
0.886811924491,-0.0135587296789
0.905134119772,-0.0113144315127
0.923673308641,-0.00906393730103
0.942429491098,-0.00680724704392
0.961402667144,-0.00454436074138
0.980592836778,-0.00227527839341
1.0,0.0
