1.0,0.0
0.982914317088,0.00562232453486
0.965833831935,0.0111360631625
0.948758544542,0.0165412158829
0.931688454909,0.0218377826962
0.914623563036,0.0270257636022
0.897563868922,0.032105158601
0.880509372569,0.0370759676926
0.863460073975,0.041938190877
0.846415973141,0.0466918281541
0.829377070066,0.0513368795241
0.812343364751,0.0558733449868
0.795314857197,0.0603012245424
0.778291547401,0.0646205181907
0.761273435366,0.0688312259318
0.744260521091,0.0729333477657
0.727252804575,0.0769268836924
0.710250285819,0.0808118337119
0.693252964823,0.0845881978241
0.676260841586,0.0882559760292
0.659273916109,0.0918151683271
0.642344400397,0.0952309243188
0.625524506455,0.0984683936055
0.608814234283,0.101527576187
0.59221358388,0.104408472064
0.575722555247,0.107111081235
0.559341148384,0.109635403702
0.54306936329,0.111981439463
0.526907199967,0.11414918852
0.510854658413,0.116138650871
0.494911738628,0.117949826518
0.479078440614,0.119582715459
0.463354764369,0.121037317696
0.447740709894,0.122313633227
0.432236277189,0.123411662053
0.416841466253,0.124331404175
0.401556277087,0.125072859591
0.386380709691,0.125636028302
0.371314764065,0.126020910308
0.356358440208,0.12622750561
0.341511738121,0.126255814206
0.326847653167,0.126119909515
0.312439180707,0.125833864956
0.298286320742,0.125397680529
0.284389073272,0.124811356234
0.270747438297,0.12407489207
0.257361415817,0.123188288038
0.244231005831,0.122151544137
0.23135620834,0.120964660368
0.218737023345,0.119627636731
0.206373450844,0.118140473226
0.194265490838,0.116503169852
0.182413143326,0.11471572661
0.17081640831,0.1127781435
0.159475285788,0.110690420521
0.148389775762,0.108452557674
0.13755987823,0.106064554959
0.126985593193,0.103526412375
0.116666920651,0.100838129924
0.106603860603,0.0979997076033
0.0967964130507,0.0950111454147
0.0873587627783,0.0919322020409
0.0784050945711,0.0888226361647
0.0699354084291,0.0856824477862
0.0619497043524,0.0825116369053
0.054447982341,0.0793102035222
0.0474302423948,0.0760781476367
0.0408964845139,0.0728154692489
0.0348467086983,0.0695221683588
0.0292809149478,0.0661982449664
0.0241991032627,0.0628436990717
0.0196012736428,0.0594585306746
0.0154874260881,0.0560427397752
0.0118575605987,0.0525963263735
0.00871167717456,0.0491192904695
0.00604977581567,0.0456116320632
0.00387185652203,0.0420733511545
0.00217791929364,0.0385044477435
0.000967964130507,0.0349049218302
0.000241991032627,0.0312747734146
0.0,0.0276140024967
0.00025001542591,0.0239412244451
0.00100006170364,0.0202750546285
0.00225013883319,0.016615493047
0.00400024681456,0.0129625397006
0.00625038564775,0.00931619458911
0.00900055533276,0.0056764577127
0.0122507558696,0.00204332907132
0.0160009872582,-0.00158319133503
0.0202512494987,-0.00520310350634
0.025001542591,-0.00881640744262
0.0302518665351,-0.0124231031439
0.036002221331,-0.0160231906101
0.0422526069788,-0.0196166698413
0.0490030234784,-0.0232035408374
0.0562534708298,-0.0267838035985
0.064003949033,-0.0303574581246
0.072254458088,-0.0339245044156
0.0810049979948,-0.0374849424717
0.0902555687535,-0.0410387722926
0.100006170364,-0.0445859938786
0.11012193293,-0.0480229951619
0.120467986554,-0.0512461640748
0.131044331237,-0.0542555006175
0.141850966978,-0.0570510047899
0.152887893778,-0.059632676592
0.164155111636,-0.0620005160238
0.175652620553,-0.0641545230853
0.187380420529,-0.0660946977765
0.199338511563,-0.0678210400974
0.211526893655,-0.069333550048
0.223945566807,-0.0706322276283
0.236594531016,-0.0717170728383
0.249473786285,-0.072588085678
0.262583332611,-0.0732452661474
0.275923169997,-0.0736886142465
0.289493298441,-0.0739181299753
0.303293717943,-0.0739338133338
0.317324428504,-0.0737356643221
0.331585430124,-0.07332368294
0.346076722802,-0.0726978691876
0.360709957153,-0.0719312056625
0.375396783791,-0.0710966749621
0.390137202717,-0.0701942770865
0.404931213929,-0.0692240120356
0.419778817429,-0.0681858798095
0.434680013216,-0.0670798804082
0.44963480129,-0.0659060138317
0.464643181651,-0.0646642800799
0.4797051543,-0.0633546791529
0.494820719236,-0.0619772110507
0.509989876459,-0.0605318757732
0.525212625969,-0.0590186733205
0.540488967766,-0.0574376036925
0.555818901851,-0.0557886668894
0.571202428222,-0.054071862911
0.586639546881,-0.0522871917573
0.602130257827,-0.0504346534284
0.617674561061,-0.0485142479243
0.633272456581,-0.046525975245
0.648923944389,-0.0444698353904
0.664696004282,-0.0423730910319
0.680655616058,-0.0402630048406
0.696802779716,-0.0381395768165
0.713137495258,-0.0360028069598
0.729659762682,-0.0338526952703
0.74636958199,-0.0316892417481
0.76326695318,-0.0295124463931
0.780351876253,-0.0273223092054
0.797624351209,-0.025118830185
0.815084378048,-0.0229020093319
0.83273195677,-0.020671846646
0.850567087375,-0.0184283421273
0.868589769863,-0.016171495776
0.886800004234,-0.0139013075919
0.905197790488,-0.0116177775751
0.923783128624,-0.00932090572554
0.942556018644,-0.00701069204325
0.961516460546,-0.00468713652823
0.980664454332,-0.00235023918048
1.0,0.0
