1.0,0.0
0.981961785992,0.00574055584678
0.963974147032,0.0113661884856
0.946037083122,0.0168768979164
0.928150594261,0.0222726841392
0.910314680449,0.027553547154
0.892529341687,0.0327194869608
0.874794577973,0.0377705035596
0.857110389309,0.0427065969504
0.839476775694,0.0475277671332
0.821893737128,0.052234014108
0.804361273611,0.0568253378748
0.786879385143,0.0613017384336
0.769448071725,0.0656632157844
0.752067333355,0.0699097699273
0.734737170035,0.0740414008621
0.717457581764,0.0780581085889
0.700228568542,0.0819598931078
0.68305013037,0.0857467544186
0.665922267246,0.0894186925214
0.648844979172,0.0929757074163
0.631857249095,0.0963824482236
0.614998059964,0.099603564064
0.598267411779,0.102639054937
0.581665304541,0.105488920844
0.565191738248,0.108153161783
0.548846712901,0.110631777755
0.5326302285,0.112924768761
0.516542285045,0.115032134799
0.500582882536,0.116953875871
0.484752020973,0.118689991975
0.469049700356,0.120240483113
0.453475920685,0.121605349283
0.43803068196,0.122784590486
0.422713984181,0.123778206723
0.407525827347,0.124586197992
0.39246621146,0.125208564295
0.377535136519,0.12564530563
0.362732602524,0.125896421999
0.348058609475,0.1259619134
0.333513157371,0.125841779835
0.319158128606,0.125561668086
0.305055405569,0.125147224937
0.29120498826,0.124598450388
0.277606876681,0.123915344439
0.264261070831,0.123097907091
0.251167570709,0.122146138342
0.238326376316,0.121060038194
0.225737487652,0.119839606646
0.213400904717,0.118484843698
0.201316627511,0.11699574935
0.189484656033,0.115372323602
0.177904990285,0.113614566454
0.166577630265,0.111722477906
0.155502575974,0.109696057958
0.144679827412,0.107535306611
0.134109384579,0.105240223864
0.123791247474,0.102810809716
0.113725416099,0.100247064169
0.103911890452,0.0975489872218
0.0943506705343,0.0947165788748
0.0851514801572,0.0918008557681
0.0764240431328,0.088852834542
0.068168359461,0.0858725151964
0.0603844291419,0.0828598977314
0.0530722521755,0.079814982147
0.0462318285618,0.0767377684432
0.0398631583007,0.07362825662
0.0339662413923,0.0704864466773
0.0285410778366,0.0673123386152
0.0235876676336,0.0641059324337
0.0191060107832,0.0608672281328
0.0150961072855,0.0575962257124
0.0115579571404,0.0542929251726
0.00849156034809,0.0509573265134
0.00589691690839,0.0475894297348
0.00377402682137,0.0441892348367
0.00212289008702,0.0407567418193
0.000943506705343,0.0372919506824
0.000235876676336,0.033794861426
0.0,0.0302654740503
0.000245615957157,0.0267142209078
0.000982463828627,0.0231515343515
0.00221054361441,0.0195774143812
0.00392985531451,0.0159918609969
0.00614039892892,0.0123948741987
0.00884217445764,0.00878645398654
0.0120351819007,0.00516660036046
0.015719421258,0.00153531332043
0.0198948925297,-0.00210740713354
0.0245615957157,-0.00576156100145
0.029719530816,-0.0094271482833
0.0353686978306,-0.0131041689791
0.0415090967595,-0.0167926230888
0.0481407276027,-0.0204925106125
0.0552635903603,-0.0242038315501
0.0628776850321,-0.0279265859017
0.0709830116183,-0.0316607736672
0.0795795701188,-0.0354063948466
0.0886673605336,-0.03916344944
0.0982463828627,-0.0429319374473
0.108206308849,-0.0465902903853
0.118436810236,-0.0500169397704
0.128937887023,-0.0532118856027
0.139709539211,-0.0561751278823
0.150751766799,-0.0589066666091
0.162064569788,-0.0614065017831
0.173647948177,-0.0636746334043
0.185501901967,-0.0657110614727
0.197626431157,-0.0675157859884
0.210021535747,-0.0690888069512
0.222687215738,-0.0704301243613
0.235623471129,-0.0715397382186
0.248830301921,-0.0724176485231
0.262307708113,-0.0730638552749
0.276055689705,-0.0734783584738
0.290074246698,-0.07366115812
0.304363379092,-0.0736122542134
0.318923086886,-0.073331646754
0.33375337008,-0.0728193357418
0.348854228674,-0.0720753211769
0.364093367748,-0.0711870458443
0.37933849238,-0.0702419525293
0.39458960257,-0.0692400412318
0.409846698318,-0.0681813119519
0.425109779623,-0.0670657646895
0.440378846487,-0.0658933994447
0.455653898908,-0.0646642162174
0.470934936887,-0.0633782150076
0.486221960425,-0.0620353958154
0.50151496952,-0.0606357586408
0.516813964173,-0.0591793034837
0.532118944384,-0.0576660303441
0.547429910153,-0.0560959392221
0.56274686148,-0.0544690301177
0.578069798365,-0.0527853030307
0.593398720807,-0.0510447579614
0.608733628808,-0.0492473949096
0.624074522367,-0.0473932138753
0.639421401483,-0.0454822148586
0.654774266158,-0.0435143978594
0.670225395073,-0.0415091971738
0.685867066912,-0.039486047098
0.701699281675,-0.037444947632
0.717722039362,-0.0353858987757
0.733935339973,-0.0333089005291
0.750339183508,-0.0312139528923
0.766933569966,-0.0291010558653
0.783718499349,-0.0269702094479
0.800693971655,-0.0248214136403
0.817859986885,-0.0226546684425
0.835216545039,-0.0204699738544
0.852763646117,-0.0182673298761
0.870501290119,-0.0160467365074
0.888429477045,-0.0138081937486
0.906548206894,-0.0115517015995
0.924857479668,-0.00927726006008
0.943357295365,-0.00698486913044
0.962047653986,-0.00467452881055
0.980928555531,-0.0023462391004
1.0,0.0
