1.0,0.0
0.982492506975,0.00583339979356
0.964996176163,0.0115456190979
0.947511007565,0.0171366579131
0.930037001181,0.022606516239
0.91257415701,0.0279551940757
0.895122475054,0.0331826914233
0.877681955311,0.0382890082816
0.860252597782,0.0432741446507
0.842834402467,0.0481381005307
0.825427369365,0.0528808759214
0.808031498478,0.0575024708229
0.790646789804,0.0620028852352
0.773273243344,0.0663821191583
0.755910859098,0.0706401725922
0.738559637065,0.0747770455369
0.721219577246,0.0787927379923
0.703890679641,0.0826872499586
0.68657294425,0.0864605814357
0.669266371073,0.0901127324236
0.651970960109,0.0936437029222
0.634760217497,0.0970227656072
0.617707649376,0.100219193154
0.600813255744,0.103232985563
0.584077036601,0.106064142834
0.567498991949,0.108712664966
0.551079121786,0.111178551961
0.534817426114,0.113461803818
0.518713904931,0.115562420536
0.502768558238,0.117480402116
0.486981386035,0.119215748559
0.471352388321,0.120768459863
0.455881565098,0.122138536029
0.440568916364,0.123325977057
0.425414442121,0.124330782947
0.410418142367,0.125152953698
0.395580017103,0.125792489312
0.380900066329,0.126249389788
0.366378290044,0.126523655125
0.35201468825,0.126615285325
0.337809260945,0.126524280386
0.323790397061,0.126272210337
0.30998648553,0.125880645206
0.29639752635,0.125349584993
0.283023519523,0.124679029698
0.269864465048,0.12386897932
0.256920362925,0.12291943386
0.244191213154,0.121830393317
0.231677015735,0.120601857693
0.219377770668,0.119233826986
0.207293477954,0.117726301197
0.195424137591,0.116079280326
0.183769749581,0.114292764372
0.172330313922,0.112366753336
0.161105830616,0.110301247218
0.150096299662,0.108096246018
0.13930172106,0.105751749735
0.128722094811,0.10326775837
0.118357420913,0.100644271923
0.108207699367,0.0978812903939
0.0982729301739,0.0949788137822
0.0886913194819,0.0919905832748
0.0796010734408,0.0889703400581
0.0710021920506,0.0859180841319
0.0628946753113,0.0828338154965
0.0552785232228,0.0797175341517
0.0481537357852,0.0765692400975
0.0415203129985,0.073388933334
0.0353782548626,0.0701766138612
0.0297275613776,0.066932281679
0.0245682325435,0.0636559367875
0.0199002683602,0.0603475791866
0.0157236688278,0.0570072088763
0.0120384339463,0.0536348258568
0.00884456371565,0.0502304301278
0.00614205813587,0.0467940216896
0.00393091720695,0.0433256005419
0.00221114092891,0.039825166685
0.000982729301739,0.0362927201186
0.000245682325435,0.032728260843
0.0,0.029131788858
0.000245185979766,0.025519325904
0.000980743919064,0.0219068937217
0.00220667381789,0.0182944923108
0.00392297567625,0.0146821216715
0.00612964949415,0.0110697818037
0.00882669527157,0.00745747270742
0.0120141130085,0.00384519438269
0.015691902705,0.000232946829491
0.019860064361,-0.00337926995218
0.0245185979766,-0.00699145596232
0.0296675035517,-0.0106036112009
0.0353067810863,-0.014215735668
0.0414364305804,-0.0178278293635
0.0480564520341,-0.0214398922876
0.0551668454473,-0.02505192444
0.0627676108201,-0.028663925821
0.0708587481523,-0.0322758964304
0.0794402574442,-0.0358878362683
0.0885121386955,-0.0394997453346
0.0980743919064,-0.0431116236295
0.107998218974,-0.0466153085714
0.118154821796,-0.049902637579
0.128544200372,-0.0529736106524
0.139166354703,-0.0558282277915
0.150021284788,-0.0584664889963
0.161108990627,-0.0608883942668
0.17242947222,-0.063093943603
0.183982729567,-0.065083137005
0.195768762669,-0.0668559744727
0.207787571525,-0.0684124560061
0.220039156136,-0.0697525816052
0.2325235165,-0.0708763512701
0.245240652619,-0.0717837650007
0.258190564492,-0.072474822797
0.271373252119,-0.072949524659
0.284788715501,-0.0732078705867
0.298436954637,-0.0732498605802
0.312317969527,-0.0730754946393
0.326431760171,-0.0726847727642
0.340778326569,-0.0720776949548
0.355271372531,-0.0713250094348
0.369824601865,-0.0704974644279
0.384438014571,-0.069595059934
0.39911161065,-0.0686177959531
0.4138453901,-0.0675656724853
0.428639352923,-0.0664386895305
0.443493499118,-0.0652368470888
0.458407828685,-0.0639601451601
0.473382341625,-0.0626085837444
0.488417037936,-0.0611821628418
0.50351191762,-0.0596808824523
0.518666980676,-0.0581047425757
0.533882227104,-0.0564537432123
0.549157656905,-0.0547278843618
0.564493270077,-0.0529271660245
0.579889066622,-0.0510515882001
0.595345046539,-0.0491011508888
0.610861209829,-0.0470758540906
0.62643755649,-0.0449756978054
0.642074086524,-0.0428006820332
0.657852191941,-0.0405918570883
0.673853264754,-0.0383902732847
0.690077304962,-0.0361959306226
0.706524312566,-0.0340088291018
0.723194287565,-0.0318289687225
0.74008722996,-0.0296563494845
0.75720313975,-0.027490971388
0.774542016935,-0.0253328344328
0.792103861516,-0.023181938619
0.809888673492,-0.0210382839467
0.827896452863,-0.0189018704157
0.84612719963,-0.0167726980262
0.864580913792,-0.014650766778
0.88325759535,-0.0125360766712
0.902157244303,-0.0104286277059
0.921279860652,-0.0083284198819
0.940625444396,-0.00623545319932
0.960193995535,-0.00414972765815
0.97998551407,-0.00207124325838
1.0,0.0
