1.0,0.0
0.98251295971,0.00583065219807
0.965020783602,0.0115411612657
0.947523471674,0.017131527203
0.930021023926,0.0226017500099
0.91251344036,0.0279518296864
0.895000720974,0.0331817662325
0.877482865769,0.0382915596482
0.859959874745,0.0432812099335
0.842431747902,0.0481507170884
0.824898485239,0.0529000811129
0.807360086758,0.057529302007
0.789816552457,0.0620383797707
0.772267882336,0.066427314404
0.754714076397,0.070696105907
0.737155134639,0.0748447542795
0.719591057061,0.0788732595216
0.702021843664,0.0827816216334
0.684447494447,0.0865698406147
0.666868009412,0.0902379164657
0.649283388557,0.0937858491862
0.631790661516,0.0971825988737
0.614486857919,0.100397125625
0.597371977768,0.103429429441
0.580446021062,0.106279510321
0.563708987801,0.108947368265
0.547160877985,0.111433003274
0.530801691614,0.113736415346
0.514631428688,0.115857604483
0.498650089208,0.117796570684
0.482857673173,0.119553313949
0.467254180583,0.121127834279
0.451839611438,0.122520131672
0.436613965738,0.12373020613
0.421577243484,0.124758057652
0.406729444674,0.125603686238
0.39207056931,0.126267091889
0.377600617391,0.126748274603
0.363319588917,0.127047234382
0.349227483888,0.127163971225
0.335324302305,0.127098485132
0.321614254061,0.126870838024
0.30810154905,0.126501091823
0.294786187274,0.125989246529
0.281668168731,0.12533530214
0.268747493422,0.124539258659
0.256024161347,0.123601116084
0.243498172506,0.122520874415
0.231169526899,0.121298533653
0.219038224525,0.119934093797
0.207104265385,0.118427554848
0.195367649479,0.116778916805
0.183828376807,0.114988179669
0.172486447369,0.113055343439
0.161341861164,0.110980408116
0.150394618194,0.108763373699
0.139644718457,0.106404240189
0.129092161954,0.103903007585
0.118736948684,0.101259675888
0.108579078649,0.098474245097
0.0986185518473,0.0955467152126
0.0890032430422,0.092533008993
0.0798810269963,0.0894890491964
0.0712519037097,0.0864148358229
0.0631158731823,0.0833103688724
0.0554729354141,0.0801756483449
0.0483230904052,0.0770106742404
0.0416663381555,0.073815446559
0.035502678665,0.0705899653006
0.0298321119338,0.0673342304652
0.0246546379618,0.0640482420529
0.0199702567491,0.0607320000636
0.0157789682956,0.0573855044973
0.0120807726013,0.0540087553541
0.00887566966626,0.0506017526338
0.00616365949046,0.0471644963366
0.00394474207389,0.0436969864625
0.00221891741656,0.0401992230113
0.000986185518473,0.0366712059832
0.000246546379618,0.0331129353782
0.0,0.0295244111961
0.000252279468435,0.0259177977611
0.00100911787374,0.0223052593973
0.00227051521592,0.0186867961046
0.00403647149496,0.0150624078831
0.00630698671088,0.0114320947326
0.00908206086367,0.00779585665334
0.0123616939533,0.00415369364518
0.0161458859799,0.000505605708163
0.0204346369433,-0.00314840715772
0.0252279468435,-0.00680834495247
0.0305258156807,-0.0104742076761
0.0363282434547,-0.0141459953286
0.0426352301656,-0.0178237079099
0.0494467758133,-0.0215073454201
0.0567628803979,-0.0251969078592
0.0645835439194,-0.0288923952271
0.0729087663778,-0.0325938075239
0.081738547773,-0.0363011447496
0.0910728881051,-0.0400144069041
0.100911787374,-0.0437335939875
0.111117097637,-0.0473427986407
0.121550670951,-0.0507261135045
0.132212507316,-0.0538835385789
0.143102606733,-0.056815073864
0.1542209692,-0.0595207193596
0.165567594719,-0.062000475066
0.177142483288,-0.0642543409829
0.188945634909,-0.0662823171106
0.200977049581,-0.0680844034488
0.213236727304,-0.0696605999977
0.225724668078,-0.0710109067572
0.238440871903,-0.0721353237273
0.251385338779,-0.0730338509081
0.264558068707,-0.0737064882996
0.277959061685,-0.0741532359016
0.291588317715,-0.0743740937143
0.305445836796,-0.0743690617376
0.319531618927,-0.0741381399716
0.33384566411,-0.0736813284162
0.348387972344,-0.0729986270715
0.363062245432,-0.0721724384385
0.377772185174,-0.0712851650186
0.392517791571,-0.0703368068116
0.407299064623,-0.0693273638177
0.42211600433,-0.0682568360367
0.436968610692,-0.0671252234687
0.451856883709,-0.0659325261137
0.466780823381,-0.0646787439718
0.481740429707,-0.0633638770428
0.496735702689,-0.0619879253268
0.511766642326,-0.0605508888238
0.526833248618,-0.0590527675337
0.541935521565,-0.0574935614567
0.557073461166,-0.0558732705927
0.572247067423,-0.0541918949416
0.587456340335,-0.0524494345036
0.602701279902,-0.0506458892786
0.617981886123,-0.0487812592665
0.633298159,-0.0468555444674
0.648650098531,-0.0448687448814
0.664129757501,-0.0428400981386
0.679829188692,-0.0407888418693
0.695748392105,-0.0387149760736
0.711887367739,-0.0366185007515
0.728246115595,-0.0344994159029
0.744824635672,-0.0323577215278
0.76162292797,-0.0301934176263
0.77864099249,-0.0280065041984
0.795878829231,-0.025796981244
0.813336438194,-0.0235648487632
0.831013819378,-0.0213101067559
0.848910972784,-0.0190327552221
0.867027898411,-0.0167327941619
0.885364596259,-0.0144102235753
0.903921066329,-0.0120650434622
0.92269730862,-0.00969725382265
0.941693323133,-0.00730685465666
0.960909109867,-0.00489384596423
0.980344668823,-0.00245822774534
1.0,0.0
