1.0,0.0
0.98025,0.00543517374124
0.961,0.0107279480364
0.94225,0.0158783228856
0.924,0.0208862982886
0.90625,0.0257518742457
0.889,0.0304750507566
0.87225,0.0350558278215
0.856,0.0394942054404
0.84025,0.0437901836132
0.825,0.0479437623399
0.81025,0.0519549416206
0.796,0.0558237214552
0.78225,0.0595501018438
0.769,0.0631340827863
0.75625,0.0665756642827
0.744,0.0698748463331
0.73225,0.0730316289375
0.721,0.0760460120958
0.71025,0.078917995808
0.7,0.0816475800742
0.69,0.0842761669241
0.68,0.0868451583874
0.67,0.0893545544642
0.66,0.0918043551545
0.65,0.0941945604582
0.64,0.0965251703754
0.63,0.0987961849061
0.62,0.10100760405
0.61,0.103159427808
0.6,0.105251656179
0.59,0.107284289164
0.58,0.109257326762
0.57,0.111170768973
0.56,0.113024615798
0.55,0.114818867236
0.54,0.116553523288
0.53,0.118228583954
0.52,0.119844049232
0.51,0.121399919125
0.5,0.12289619363
0.49,0.124336460682
0.48,0.125724308212
0.47,0.127059736221
0.46,0.128342744708
0.45,0.129573333673
0.44,0.130751503117
0.43,0.131877253039
0.42,0.132950583439
0.41,0.133971494318
0.4,0.134939985676
0.39,0.135856057511
0.38,0.136719709825
0.37,0.137530942618
0.36,0.138289755889
0.35,0.138996149638
0.34,0.139650123866
0.33,0.140251678572
0.32,0.140800813757
0.31,0.14129752942
0.3,0.141741825561
0.29,0.142050298279
0.28,0.142139543672
0.27,0.14200956174
0.26,0.141660352482
0.25,0.141091915899
0.24,0.140304251991
0.23,0.139297360757
0.22,0.138071242199
0.21,0.136625896315
0.2,0.134961323106
0.19,0.133077522571
0.18,0.130974494712
0.17,0.128652239527
0.16,0.126110757017
0.15,0.123350047181
0.14,0.120370110021
0.13,0.117170945535
0.12,0.113752553724
0.11,0.110114934587
0.1,0.106258088126
0.09025,0.102324509321
0.081,0.0984566931552
0.07225,0.0946546396281
0.064,0.0909183487398
0.05625,0.0872478204904
0.049,0.0836430548798
0.04225,0.0801040519081
0.036,0.0766308115752
0.03025,0.0732233338811
0.025,0.0698816188259
0.02025,0.0666056664095
0.016,0.0633954766319
0.01225,0.0602510494932
0.009,0.0571723849933
0.00625,0.0541594831322
0.004,0.05121234391
0.00225,0.0483309673266
0.001,0.045515353382
0.00025,0.0427655020763
0.0,0.0400814134094
0.00025,0.0373982175117
0.001,0.0346510445134
0.00225,0.0318398944146
0.004,0.0289647672153
0.00625,0.0260256629154
0.009,0.023022581515
0.01225,0.019955523014
0.016,0.0168244874125
0.02025,0.0136294747105
0.025,0.0103704849079
0.03025,0.00704751800479
0.036,0.00366057400114
0.04225,0.000209652896956
0.049,-0.00330524530777
0.05625,-0.00688412061303
0.064,-0.0105269730188
0.07225,-0.0142338025252
0.081,-0.0180046091321
0.09025,-0.0218393928395
0.1,-0.0257381536474
0.11,-0.0295597649985
0.12,-0.0331631003353
0.13,-0.0365481596579
0.14,-0.0397149429662
0.15,-0.0426634502602
0.16,-0.0453936815399
0.17,-0.0479056368054
0.18,-0.0501993160566
0.19,-0.0522747192935
0.2,-0.0541318465162
0.21,-0.0557706977246
0.22,-0.0571912729187
0.23,-0.0583935720986
0.24,-0.0593775952642
0.25,-0.0601433424155
0.26,-0.0606908135526
0.27,-0.0610200086753
0.28,-0.0611309277839
0.29,-0.0610235708781
0.3,-0.0606979379581
0.31,-0.0602415577412
0.32,-0.059741958945
0.33,-0.0591991415694
0.34,-0.0586131056144
0.35,-0.05798385108
0.36,-0.0573113779662
0.37,-0.056595686273
0.38,-0.0558367760005
0.39,-0.0550346471485
0.4,-0.0541892997172
0.41,-0.0533007337065
0.42,-0.0523689491164
0.43,-0.0513939459469
0.44,-0.050375724198
0.45,-0.0493142838697
0.46,-0.0482096249621
0.47,-0.047061747475
0.48,-0.0458706514086
0.49,-0.0446363367628
0.5,-0.0433588035376
0.51,-0.042071125061
0.52,-0.0408063746609
0.53,-0.0395645523374
0.54,-0.0383456580904
0.55,-0.03714969192
0.56,-0.0359766538261
0.57,-0.0348265438088
0.58,-0.033699361868
0.59,-0.0325951080037
0.6,-0.0315137822161
0.61,-0.0304553845049
0.62,-0.0294199148703
0.63,-0.0284073733123
0.64,-0.0274177598308
0.65,-0.0264510744258
0.66,-0.0255073170974
0.67,-0.0245864878456
0.68,-0.0236885866703
0.69,-0.0228136135715
0.7,-0.0219615685493
0.71025,-0.0211081126932
0.721,-0.0202289070927
0.73225,-0.0193239517479
0.744,-0.0183932466587
0.75625,-0.0174367918252
0.769,-0.0164545872473
0.78225,-0.0154466329251
0.796,-0.0144129288585
0.81025,-0.0133534750476
0.825,-0.0122682714923
0.84025,-0.0111573181927
0.856,-0.0100206151487
0.87225,-0.00885816236031
0.889,-0.00766995982761
0.90625,-0.00645600755056
0.924,-0.00521630552915
0.94225,-0.00395085376339
0.961,-0.00265965225328
0.98025,-0.00134270099882
1.0,0.0
