1.0,0.0
0.989355493122,0.00707721465737
0.978154375737,0.0139162553777
0.966396647844,0.0205171221609
0.954082309444,0.0268798150071
0.941211360537,0.0330043339163
0.927783801123,0.0388906788883
0.913799631201,0.0445388499233
0.899258850772,0.0499488470213
0.884161459836,0.0551206701822
0.868507458392,0.060054319406
0.852296846442,0.0647497946928
0.835529623983,0.0692070960425
0.818205791018,0.0734262234552
0.800325347546,0.0774071769308
0.781888293566,0.0811499564693
0.762894629079,0.0846545620708
0.743344354084,0.0879209937352
0.723237468583,0.0909492514626
0.702573972574,0.0937393352529
0.681353866057,0.0962912451061
0.660061946362,0.0986909195961
0.639183010813,0.101024297297
0.618717059413,0.103291378208
0.59866409216,0.10549216233
0.579024109055,0.107626649662
0.559797110098,0.109694840205
0.540983095288,0.111696733958
0.522582064627,0.113632330922
0.504594018113,0.115501631097
0.487018955746,0.117304634482
0.469856877528,0.119041341078
0.453107783457,0.120711750884
0.436771673534,0.122315863901
0.420848547759,0.123853680128
0.405338406131,0.125325199566
0.390241248651,0.126730422215
0.375557075319,0.128069348074
0.361285886135,0.129341977144
0.347427681098,0.130548309424
0.333982460209,0.131688344915
0.32082270565,0.13266386949
0.307820899601,0.133376669022
0.294977042062,0.133826743512
0.282291133034,0.134014092959
0.269763172517,0.133938717364
0.25739316051,0.133600616727
0.245181097014,0.132999791047
0.233126982029,0.132136240324
0.221230815554,0.131009964559
0.20949259759,0.129620963751
0.197912328136,0.127969237901
0.186490007193,0.126054787008
0.17522563476,0.123877611073
0.164119210839,0.121437710095
0.153170735427,0.118735084075
0.142380208527,0.115769733012
0.131747630137,0.112541656907
0.121273000257,0.109050855759
0.110956318888,0.105297329569
0.10079758603,0.101281078336
0.090969821392,0.0971462211011
0.0816460446842,0.0930368769035
0.0728262559066,0.0889530457434
0.0645104550591,0.084894727621
0.0566986421418,0.0808619225361
0.0493908171546,0.0768546304889
0.0425869800976,0.0728728514792
0.0362871309708,0.0689165855071
0.030491269774,0.0649858325726
0.0251993965075,0.0610805926757
0.020411511171,0.0572008658164
0.0161276137648,0.0533466519947
0.0123477042887,0.0495179512106
0.00907178274269,0.045714763464
0.00629984912687,0.0419370887551
0.00403190344119,0.0381849270837
0.00226794568567,0.03445827845
0.0010079758603,0.0307571428538
0.000251993965075,0.0270815202952
0.0,0.0234314107742
0.000208425170474,0.0198159959623
0.000833700681894,0.0162444575311
0.00187582653426,0.0127167954804
0.00333480272758,0.00923300981035
0.00521062926184,0.0057931005209
0.00750330613705,0.00239706761207
0.0102128333532,-0.00095508891615
0.0133392109103,-0.00426336906376
0.0168824388084,-0.00752777283076
0.0208425170474,-0.0107483002171
0.0252194456273,-0.0139249512229
0.0300132245482,-0.0170577258481
0.03522385381,-0.0201466240926
0.0408513334128,-0.0231916459566
0.0468956633566,-0.0261927914399
0.0533568436412,-0.0291500605426
0.0602348742669,-0.0320634532647
0.0675297552335,-0.0349329696062
0.075241486541,-0.0377586095671
0.0833700681894,-0.0405403731474
0.0919620474672,-0.0432232698259
0.101063971662,-0.0457523090815
0.110675840775,-0.0481274909141
0.120797654806,-0.0503488153238
0.131429413753,-0.0524162823105
0.142571117619,-0.0543298918743
0.154222766402,-0.0560896440152
0.166384360102,-0.0576955387331
0.17905589872,-0.0591475760281
0.192237382256,-0.0604457559001
0.205928810709,-0.0615900783492
0.220130184079,-0.0625805433754
0.234841502368,-0.0634171509786
0.250062765573,-0.0640999011589
0.265793973697,-0.0646287939163
0.282035126737,-0.0650038292507
0.298786224696,-0.0652250071622
0.316047267571,-0.0652923276507
0.333818255365,-0.0652057907163
0.352099188076,-0.0649653963589
0.370590957283,-0.06463048546
0.388994454567,-0.0642603989007
0.407309679926,-0.0638551366811
0.425536633361,-0.0634146988012
0.443675314872,-0.0629390852609
0.461725724459,-0.0624282960604
0.479687862122,-0.0618823311996
0.49756172786,-0.0613011906784
0.515347321675,-0.0606848744969
0.533044643565,-0.0600333826551
0.550653693531,-0.059346715153
0.568174471573,-0.0586248719906
0.585606977691,-0.0578678531679
0.602951211884,-0.0570756586848
0.620207174154,-0.0562482885415
0.637374864499,-0.0553857427378
0.65445428292,-0.0544880212738
0.671445429417,-0.0535551241496
0.68834830399,-0.0525870513649
0.705162906638,-0.05158380292
0.721831942724,-0.0504850489514
0.738298117608,-0.0492304595957
0.75456143129,-0.0478200348529
0.77062188377,-0.046253774723
0.786479475048,-0.044531679206
0.802134205125,-0.0426537483019
0.817586073999,-0.0406199820107
0.832835081672,-0.0384303803325
0.847881228143,-0.0360849432671
0.862724513412,-0.0335836708146
0.877364937479,-0.0309265629751
0.891802500344,-0.0281136197485
0.906037202008,-0.0251448411347
0.920069042469,-0.0220202271339
0.933898021729,-0.018739777746
0.947524139787,-0.015303492971
0.960947396643,-0.0117113728089
0.974167792297,-0.00796341725967
0.987185326749,-0.00405962632338
1.0,0.0
