1.0,0.0
0.990248890634,0.0069215620623
0.979886699139,0.0136197622275
0.968913425513,0.0200946004956
0.957329069758,0.0263460768666
0.945133631872,0.0323741913406
0.932327111857,0.0381789439174
0.918909509712,0.0437603345972
0.904880825436,0.0491183633798
0.890241059031,0.0542530302654
0.874990210496,0.0591643352539
0.859128279831,0.0638522783452
0.842655267036,0.0683168595395
0.825571172111,0.0725580788367
0.807875995057,0.0765759362368
0.789569735872,0.0803704317399
0.770652394557,0.0839415653458
0.751123971113,0.0872893370546
0.730984465538,0.0904137468664
0.710233877834,0.093314794781
0.688872207999,0.0959924807986
0.667412792561,0.098519182688
0.646368968044,0.100967278218
0.62574073445,0.103336767389
0.605528091777,0.105627650201
0.585731040027,0.107839926653
0.566349579198,0.109973596746
0.547383709291,0.11202866048
0.528833430306,0.114005117854
0.510698742243,0.11590296887
0.492979645102,0.117722213526
0.475676138883,0.119462851822
0.458788223586,0.12112488376
0.44231589921,0.122708309338
0.426259165757,0.124213128557
0.410618023226,0.125639341417
0.395392471616,0.126986947917
0.380582510928,0.128255948059
0.366188141163,0.12944634184
0.352209362319,0.130558129263
0.338646174397,0.131591310327
0.325368301436,0.132458425126
0.312245467473,0.133072013756
0.299277672508,0.133432076217
0.286464916542,0.133538612509
0.273807199575,0.133391622632
0.261304521606,0.132991106586
0.248956882636,0.132337064371
0.236764282665,0.131429495987
0.224726721692,0.130268401434
0.212844199717,0.128853780711
0.201116716741,0.12718563382
0.189544272764,0.12526396076
0.178126867785,0.12308876153
0.166864501805,0.120660036132
0.155757174824,0.117977784564
0.144804886841,0.115042006828
0.134007637856,0.111852702922
0.12336542787,0.108409872847
0.112878256883,0.104713516603
0.102546124894,0.10076363419
0.092547877717,0.0966992253291
0.0830623611643,0.0926592897403
0.0740895752361,0.0886438274238
0.0656295199323,0.0846528383797
0.057682195253,0.0806863226079
0.0502476011982,0.0767442801085
0.0433257377678,0.0728267108815
0.0369166049619,0.0689336149268
0.0310202027805,0.0650649922445
0.0256365312236,0.0612208428345
0.0207655902911,0.057401166697
0.0164073799831,0.0536059638318
0.0125619002995,0.0498352342389
0.00922915124048,0.0460889779184
0.00640913280589,0.0423671948703
0.00410184499577,0.0386698850946
0.00230728781012,0.0349970485912
0.00102546124894,0.0313486853602
0.000256365312236,0.0277247954015
0.0,0.0241253787152
0.000202808919071,0.0205557427554
0.000811235676285,0.0170211949761
0.00182528027164,0.0135217353774
0.00324494270514,0.0100573639593
0.00507022297678,0.00662808072179
0.00730112108656,0.00323388566483
0.00993763703449,-0.000125221211567
0.0129797708206,-0.00344923990739
0.0164275224448,-0.00673817042264
0.0202808919071,-0.00999201275732
0.0245398792076,-0.0132107669114
0.0292044843462,-0.016394432885
0.034274707323,-0.0195430106779
0.0397505481379,-0.0226565002903
0.045632006791,-0.0257349017221
0.0519190832822,-0.0287782149734
0.0586117776116,-0.0317864400441
0.0657100897791,-0.0347595769342
0.0732140197847,-0.0376976256437
0.0811235676285,-0.0406005861727
0.0895049064793,-0.0434021770231
0.0984242095062,-0.0460361166969
0.107881476709,-0.0485024051941
0.117876708088,-0.0508010425147
0.128409903643,-0.0529320286588
0.139481063374,-0.0548953636262
0.151090187281,-0.0566910474171
0.163237275364,-0.0583190800314
0.175922327623,-0.0597794614691
0.189145344058,-0.0610721917302
0.202906324669,-0.0621972708148
0.217205269456,-0.0631546987228
0.23204217842,-0.0639444754541
0.247417051559,-0.0645666010089
0.263329888874,-0.0650210753871
0.279780690365,-0.0653078985888
0.296769456033,-0.0654270706138
0.314296185876,-0.0653785914623
0.332360879895,-0.0651624611342
0.350963538091,-0.0647786796294
0.36977737817,-0.0642976244196
0.388475617843,-0.063789672976
0.407058257109,-0.0632548252988
0.425525295968,-0.0626930813878
0.44387673442,-0.0621044412431
0.462112572465,-0.0614889048647
0.480232810103,-0.0608464722526
0.498237447334,-0.0601771434068
0.516126484158,-0.0594809183272
0.533899920575,-0.058757797014
0.551557756585,-0.058007779467
0.569099992188,-0.0572308656864
0.586526627384,-0.056427055672
0.603837662173,-0.0555963494239
0.621033096555,-0.0547387469422
0.63811293053,-0.0538542482267
0.655077164098,-0.0529428532775
0.671925797259,-0.0520045620946
0.688658830013,-0.0510393746779
0.70527626236,-0.0500472910276
0.721744722241,-0.0489669176212
0.738030837595,-0.0477368609364
0.754134608423,-0.0463571209732
0.770056034726,-0.0448276977315
0.785795116501,-0.0431485912114
0.801351853751,-0.0413198014129
0.816726246475,-0.039341328336
0.831918294672,-0.0372131719807
0.846927998343,-0.0349353323469
0.861755357488,-0.0325078094348
0.876400372107,-0.0299306032442
0.8908630422,-0.0272037137752
0.905143367767,-0.0243271410277
0.919241348807,-0.0213008850019
0.933156985321,-0.0181249456976
0.946890277309,-0.0147993231149
0.960441224771,-0.0113240172538
0.973809827707,-0.00769902811431
0.986996086117,-0.00392435569636
1.0,0.0
