1.0,0.0
0.989905661445,0.00693653340384
0.979231320183,0.0136500197214
0.967976976213,0.0201404589527
0.956142629535,0.0264078510977
0.94372828015,0.0324521961565
0.930733928058,0.0382734941289
0.917159573259,0.0438717450152
0.903005215751,0.0492469488151
0.888270855537,0.0543991055287
0.872956492615,0.0593282151561
0.857062126985,0.0640342776972
0.840587758648,0.0685172931521
0.823533387604,0.0727772615206
0.805899013852,0.0768141828029
0.787684637393,0.080628056999
0.768890258226,0.0842188841087
0.749515876352,0.0875866641322
0.729561491771,0.0907313970694
0.709027104482,0.0936530829203
0.687912714485,0.096351721685
0.66669972621,0.0988980687433
0.645869544087,0.101362879475
0.625422168114,0.103746153881
0.605357598292,0.10604789196
0.585675834622,0.108268093713
0.566376877102,0.110406759139
0.547460725733,0.112463888239
0.528927380516,0.114439481012
0.510776841449,0.116333537459
0.493009108534,0.11814605758
0.475624181769,0.119877041374
0.458622061155,0.121526488842
0.442002746693,0.123094399984
0.425766238381,0.124580774799
0.409912536221,0.125985613288
0.394441640211,0.12730891545
0.379353550352,0.128550681286
0.364648266645,0.129710910795
0.350325789088,0.130789603979
0.336386117683,0.131786760835
0.322732926768,0.132618271463
0.309269890684,0.13320002596
0.29599700943,0.133532024325
0.282914283007,0.133614266559
0.270021711414,0.133446752662
0.257319294652,0.133029482634
0.244807032721,0.132362456474
0.23248492562,0.131445674183
0.22035297335,0.130279135761
0.20841117591,0.128862841207
0.1966595333,0.127196790523
0.185098045522,0.125280983707
0.173726712574,0.123115420759
0.162545534456,0.120700101681
0.151554511169,0.118035026471
0.140753642712,0.11512019513
0.130142929086,0.111955607658
0.119722370291,0.108541264054
0.109491966326,0.104877164319
0.0994517171913,0.100963308453
0.0897551747651,0.0969316073216
0.0805558909249,0.0929139717904
0.0718538656707,0.0889104018596
0.0636490990024,0.0849208975292
0.0559415909201,0.0809454587991
0.0487313414237,0.0769840856694
0.0420183505133,0.07303677814
0.0358026181889,0.069103536211
0.0300841444504,0.0651843598824
0.0248629292978,0.0612792491541
0.0201389727312,0.0573882040262
0.0159122747506,0.0535112244986
0.0121828353559,0.0496483105714
0.00895065454721,0.0457994622446
0.00621573232445,0.0419646795181
0.00397806868765,0.038143962392
0.0022376636368,0.0343373108663
0.000994517171913,0.0305447249409
0.000248629292978,0.0267662046159
0.0,0.0230017498912
0.000195242352741,0.0192690309355
0.000780969410963,0.0155857179172
0.00175718117467,0.0119518108363
0.00312387764385,0.00836730969294
0.00488105881852,0.004832214487
0.00702872469867,0.00134652521852
0.0095668752843,-0.00208975811251
0.0124955105754,-0.00547663550608
0.015814630572,-0.00881410696221
0.0195242352741,-0.0121021724809
0.0236243246816,-0.0153408320621
0.0281148987947,-0.0185300857059
0.0329959576132,-0.0216699334122
0.0382675011372,-0.024760375181
0.0439295293667,-0.0278014110124
0.0499820423016,-0.0307930409064
0.0564250399421,-0.0337352648629
0.063258522288,-0.0366280828819
0.0704824893394,-0.0394714949635
0.0780969410963,-0.0422655011076
0.0861936314343,-0.0449519399046
0.0948643142291,-0.0474726499445
0.104108989481,-0.0498276312276
0.113927657189,-0.0520168837536
0.124320317354,-0.0540404075227
0.135286969976,-0.0558982025349
0.146827615054,-0.0575902687901
0.15894225259,-0.0591166062883
0.171630882582,-0.0604772150296
0.184893505031,-0.0616720950139
0.198730119936,-0.0627012462413
0.213140727299,-0.0635646687117
0.228125327118,-0.0642623624251
0.243683919394,-0.0647943273816
0.259816504127,-0.0651605635811
0.276523081316,-0.0653610710237
0.293803650962,-0.0653958497093
0.311658213065,-0.065264899638
0.330086767625,-0.0649682208097
0.349089314641,-0.0645058132244
0.368293936701,-0.0639481620452
0.387328716389,-0.0633657524349
0.406193653706,-0.0627585843935
0.424888748652,-0.0621266579212
0.443414001227,-0.0614699730177
0.461769411431,-0.0607885296832
0.479954979264,-0.0600823279177
0.497970704726,-0.0593513677211
0.515816587817,-0.0585956490935
0.533492628536,-0.0578151720348
0.550998826885,-0.0570099365451
0.568335182862,-0.0561799426244
0.585501696469,-0.0553251902726
0.602498367704,-0.0544456794897
0.619325196568,-0.0535414102758
0.635982183062,-0.0526123826309
0.652469327184,-0.0516585965549
0.668786628935,-0.0506800520479
0.684934088315,-0.0496767491098
0.700911705323,-0.0486486877407
0.716757487092,-0.0475386474659
0.732509440752,-0.0462894078109
0.748167566303,-0.0449009687756
0.763731863745,-0.0433733303602
0.779202333078,-0.0417064925644
0.794578974302,-0.0399004553885
0.809861787417,-0.0379552188323
0.825050772424,-0.0358707828958
0.840145929321,-0.0336471475792
0.855147258109,-0.0312843128823
0.870054758789,-0.0287822788051
0.884868431359,-0.0261410453477
0.89958827582,-0.0233606125101
0.914214292173,-0.0204409802922
0.928746480416,-0.0173821486941
0.943184840551,-0.0141841177158
0.957529372577,-0.0108468873572
0.971780076493,-0.00737045761836
0.985936952301,-0.0037548284993
1.0,0.0
