1.0,0.0
0.988955852163,0.00697402092424
0.977389390017,0.0137251317908
0.965300613562,0.0202533325997
0.952689522798,0.0265586233509
0.939556117726,0.0326410040444
0.925900398344,0.0385004746803
0.911722364654,0.0441370352585
0.897022016655,0.049550685779
0.881799354347,0.0547414262418
0.86605437773,0.0597092566469
0.849787086804,0.0644541769944
0.832997481569,0.0689761872842
0.815685562026,0.0732752875163
0.797851328173,0.0773514776907
0.779494780012,0.0812047578074
0.760615917542,0.0848351278665
0.741214740763,0.0882425878679
0.721291249675,0.0914271378116
0.700845444278,0.0943887776977
0.679877324572,0.097127507526
0.658844909808,0.0997127682559
0.638206219236,0.102214000847
0.617961252856,0.104631205298
0.598110010669,0.10696438161
0.578652492673,0.109213529783
0.55958869887,0.111378649817
0.540918629259,0.113459741711
0.522642283841,0.115456805466
0.504759662614,0.117369841082
0.487270765579,0.119198848559
0.470175592737,0.120943827896
0.453474144087,0.122604779094
0.437166419629,0.124181702153
0.421252419363,0.125674597073
0.40573214329,0.127083463853
0.390605591408,0.128408302494
0.375872763719,0.129649112996
0.361533660222,0.130805895359
0.347588280917,0.131878649582
0.334036625805,0.132867375666
0.320765091744,0.133689994041
0.307660075595,0.134264425138
0.294721577358,0.134590668955
0.281949597032,0.134668725494
0.269344134618,0.134498594755
0.256905190116,0.134080276736
0.244632763526,0.133413771439
0.232526854848,0.132499078864
0.220587464081,0.131336199009
0.208814591226,0.129925131876
0.197208236282,0.128265877464
0.18576839925,0.126358435774
0.174495080131,0.124202806805
0.163388278922,0.121798990557
0.152447995626,0.119146987031
0.141674230241,0.116246796225
0.131066982768,0.113098418141
0.120626253207,0.109701852779
0.110352041557,0.106057100138
0.100244347819,0.102164160218
0.0904705239071,0.0981547721651
0.0811979217338,0.0941606751263
0.0724265412996,0.0901818691011
0.0641563826045,0.0862183540895
0.0563874456485,0.0822701300916
0.0491197304315,0.0783371971073
0.0423532369537,0.0744195551366
0.036087965215,0.0705172041796
0.0303239152154,0.0666301442362
0.0250610869549,0.0627583753065
0.0202994804334,0.0589018973904
0.0160390956511,0.0550607104879
0.0122799326079,0.0512348145991
0.00902199130375,0.0474242097239
0.00626527173872,0.0436288958623
0.00400977391278,0.0398488730144
0.00225549782594,0.0360841411801
0.00100244347819,0.0323347003595
0.000250610869549,0.0286005505525
0.0,0.0248816917591
0.000205083496081,0.0211912849407
0.000820333984322,0.0175424910584
0.00184575146473,0.0139353101124
0.00328133593729,0.0103697421025
0.00512708740201,0.0068457870289
0.0073830058589,0.00336344489146
0.0100490913079,-7.72843097828e-05
0.0131253437492,-0.00347640057482
0.0166117631825,-0.00683390390366
0.0205083496081,-0.0101497942963
0.0248151030257,-0.0134240717527
0.0295320234356,-0.016656736273
0.0346591108376,-0.019847787857
0.0401963652318,-0.0229972265048
0.0461437866181,-0.0261050522164
0.0525013749966,-0.0291712649919
0.0592691303673,-0.0321958648311
0.0664470527301,-0.0351788517341
0.0740351420851,-0.038120225701
0.0820333984322,-0.0410199867316
0.0905009245234,-0.0438158688644
0.0994968231104,-0.0464456061379
0.109021094193,-0.0489091985521
0.119073737772,-0.0512066461069
0.129654753847,-0.0533379488023
0.140764142417,-0.0553031066384
0.152401903484,-0.0571021196152
0.164568037046,-0.0587349877326
0.177262543104,-0.0602017109907
0.190485421659,-0.0615022893894
0.204236672709,-0.0626367229287
0.218516296254,-0.0636050116088
0.233324292296,-0.0644071554294
0.248660660834,-0.0650431543907
0.264525401867,-0.0655130084927
0.280918515397,-0.0658167177353
0.297840001422,-0.0659542821186
0.315289859943,-0.0659257016425
0.33326809096,-0.0657309763071
0.351774694473,-0.0653701061123
0.370495881015,-0.0649092981736
0.389117861121,-0.0644147596064
0.40764063479,-0.0638864904107
0.426064202021,-0.0633244905865
0.444388562816,-0.0627287601338
0.462613717174,-0.0620992990526
0.480739665095,-0.0614361073429
0.498766406579,-0.0607391850046
0.516693941627,-0.0600085320379
0.534522270237,-0.0592441484427
0.552251392411,-0.0584460342189
0.569881308147,-0.0576141893667
0.587412017447,-0.056748613886
0.60484352031,-0.0558493077767
0.622175816736,-0.054916271039
0.639408906725,-0.0539495036727
0.656542790277,-0.0529490056779
0.673577467392,-0.0519147770547
0.69051293807,-0.0508468178029
0.707349202312,-0.0497451279226
0.724028157278,-0.048558137668
0.74049170013,-0.0472342772933
0.756739830869,-0.0457735467983
0.772772549493,-0.0441759461832
0.788589856004,-0.042441475448
0.804191750401,-0.0405701345926
0.819578232683,-0.038561923617
0.834749302853,-0.0364168425213
0.849704960908,-0.0341348913054
0.864445206849,-0.0317160699693
0.878970040677,-0.0291603785131
0.89327946239,-0.0264678169368
0.90737347199,-0.0236383852402
0.921252069476,-0.0206720834235
0.934915254848,-0.0175689114867
0.948363028106,-0.0143288694297
0.96159538925,-0.0109519572525
0.974612338281,-0.00743817495515
0.987413875197,-0.00378752253766
1.0,0.0
