1.0,0.0
0.984181025256,0.00596895415935
0.968263606984,0.0117976904906
0.952247745184,0.0174862089937
0.936133439854,0.0230345096686
0.919920690996,0.0284425925155
0.903609498609,0.0337104575342
0.887199862694,0.0388381047248
0.87069178325,0.0438255340873
0.854085260278,0.0486727456217
0.837380293776,0.0533797393279
0.820576883746,0.057946515206
0.803675030188,0.062373073256
0.786674733101,0.0666594134779
0.769575992485,0.0708055358716
0.752378808341,0.0748114404372
0.735083180668,0.0786771271747
0.717689109466,0.0824025960841
0.700196594736,0.0859878471653
0.682605636477,0.0894328804185
0.664916234689,0.0927376958435
0.647247820205,0.0958905626107
0.629719823857,0.0988797498903
0.612332245644,0.101705257682
0.595085085567,0.104367085987
0.577978343625,0.106865234804
0.561012019819,0.109199704134
0.544186114148,0.111370493975
0.527500626613,0.11337760433
0.510955557213,0.115221035197
0.49455090595,0.116900786576
0.478286672821,0.118416858468
0.462162857828,0.119769250872
0.446179460971,0.120957963789
0.43033648225,0.121982997218
0.414633921664,0.12284435116
0.399071779213,0.123542025614
0.383650054898,0.124076020581
0.368368748719,0.12444633606
0.353227860675,0.124652972052
0.338227390767,0.124695928556
0.32343423047,0.124582708684
0.308915271258,0.124320815547
0.294670513133,0.123910249145
0.280699956094,0.123351009479
0.267003600141,0.122643096548
0.253581445275,0.121786510353
0.240433491494,0.120781250893
0.227559738799,0.119627318168
0.214960187191,0.118324712178
0.202634836669,0.116873432924
0.190583687232,0.115273480405
0.178806738882,0.113524854621
0.167303991618,0.111627555572
0.15607544544,0.109581583259
0.145121100349,0.107386937682
0.134440956343,0.105043618839
0.124035013423,0.102551626732
0.11390327159,0.0999109613599
0.104045730843,0.0971216227233
0.0944623911815,0.094183610822
0.0852523080413,0.0911592591127
0.076514536857,0.0881109010521
0.0682490776286,0.0850385366401
0.0604559303561,0.0819421658768
0.0531350950396,0.0788217887621
0.0462865716789,0.0756774052962
0.0399103602742,0.0725090154788
0.0340064608253,0.0693166193102
0.0285748733324,0.0661002167902
0.0236155977954,0.0628598079189
0.0191286342142,0.0595953926962
0.015113982589,0.0563069711222
0.0115716429197,0.0529945431969
0.00850161520633,0.0496581089203
0.00590389944884,0.0462976682923
0.00377849564726,0.0429132213129
0.00212540380158,0.0395047679823
0.000944623911815,0.0360723083003
0.000236155977954,0.0326158422669
0.0,0.0291353698823
0.00026017327281,0.0256366313151
0.00104069309124,0.0221253667343
0.00234155945529,0.0186015761399
0.00416277236496,0.0150652595318
0.00650433182026,0.0115164169101
0.00936623782117,0.00795504827477
0.0127484903677,0.00438115362578
0.0166510894599,0.000794732963152
0.0210740350976,-0.00280421371312
0.026017327281,-0.00641568640303
0.03148096601,-0.0100396851066
0.0374649512847,-0.0136762098238
0.0439692831049,-0.0173252605546
0.0509939614708,-0.0209868372991
0.0585389863823,-0.0246609400572
0.0666043578394,-0.0283475688289
0.0751900758422,-0.0320467236143
0.0842961403905,-0.0357584044133
0.0939225514845,-0.039482611226
0.104069309124,-0.0432193440523
0.114571390289,-0.0468466244946
0.125263771961,-0.0502424741552
0.136146454138,-0.0534068930342
0.147219436821,-0.0563398811315
0.15848272001,-0.0590414384471
0.169936303706,-0.0615115649811
0.181580187907,-0.0637502607335
0.193414372614,-0.0657575257041
0.205438857827,-0.0675333598931
0.217653643546,-0.0690777633005
0.23005872977,-0.0703907359262
0.242654116501,-0.0714722777702
0.255439803738,-0.0723223888326
0.268415791481,-0.0729410691133
0.281582079729,-0.0733283186124
0.294938668484,-0.0734841373297
0.308485557745,-0.0734085252655
0.322222747511,-0.0731014824195
0.336150237783,-0.072563008792
0.350268028562,-0.0717931043827
0.364541262615,-0.0708876875835
0.378935082712,-0.069942676786
0.393449488853,-0.0689580719903
0.408084481038,-0.0679338731962
0.422840059267,-0.0668700804039
0.43771622354,-0.0657666936134
0.452712973857,-0.0646237128245
0.467830310217,-0.0634411380374
0.483068232622,-0.0622189692521
0.49842674107,-0.0609572064684
0.513905835562,-0.0596558496865
0.529505516098,-0.0583148989063
0.545225782678,-0.0569343541279
0.561066635302,-0.0555142153511
0.577028073969,-0.0540544825761
0.593110098681,-0.0525551558029
0.609312709436,-0.0510162350313
0.625635906236,-0.0494377202615
0.642079689079,-0.0478196114935
0.658644057966,-0.0461619087271
0.675290876635,-0.0444528791781
0.691982008823,-0.042680790062
0.70871745453,-0.0408456413788
0.725497213756,-0.0389474331285
0.742321286502,-0.0369861653111
0.759189672767,-0.0349618379266
0.776102372552,-0.0328744509751
0.793059385855,-0.0307240044565
0.810060712678,-0.0285104983707
0.82710635302,-0.0262339327179
0.844196306881,-0.023894307498
0.861330574262,-0.021491622711
0.878509155162,-0.019025878357
0.895732049581,-0.0164970744358
0.912999257519,-0.0139052109475
0.930310778977,-0.0112502878922
0.947666613954,-0.00853230526979
0.96506676245,-0.00575126308028
0.982511224465,-0.00290716132368
1.0,0.0
