1.0,0.0
0.98447648517,0.0058944547332
0.968856385151,0.0116593785459
0.953139699944,0.017294771438
0.937326429549,0.0228006334096
0.921416573965,0.0281769644606
0.905410133193,0.0334237645911
0.889307107233,0.0385410338011
0.873107496084,0.0435287720905
0.856811299747,0.0483869794594
0.840418518221,0.0531156559078
0.823929151508,0.0577148014356
0.807343199605,0.0621844160429
0.790660662515,0.0665244997296
0.773881540236,0.0707350524958
0.757005832769,0.0748160743415
0.740033540113,0.0787675652666
0.722964662269,0.0825895252712
0.705799199236,0.0862819543552
0.688537151016,0.0898448525188
0.671178517606,0.0932782197617
0.653814974755,0.0965590757161
0.636538198208,0.0996644400137
0.619348187964,0.102594312655
0.602244944025,0.105348693639
0.585228466389,0.107927582966
0.568298755058,0.110330980637
0.55145581003,0.112558886651
0.534699631306,0.114611301008
0.518030218887,0.116488223709
0.501447572771,0.118189654753
0.484951692959,0.11971559414
0.468542579451,0.121066041871
0.452220232248,0.122240997944
0.435984651348,0.123240462361
0.419835836752,0.124064435122
0.40377378846,0.124712916225
0.387798506472,0.125185905672
0.371909990788,0.125483403462
0.356108241408,0.125605409596
0.340393258331,0.125551924073
0.324883851831,0.125338884326
0.30969883218,0.12498222779
0.294838199377,0.124481954464
0.280301953423,0.123838064347
0.266090094317,0.123050557441
0.252202622059,0.122119433746
0.23863953665,0.12104469326
0.22540083809,0.119826335984
0.212486526378,0.118464361919
0.199896601514,0.116958771064
0.187631063499,0.115309563419
0.175689912332,0.113516738984
0.164073148014,0.111580297759
0.152780770545,0.109500239744
0.141812779923,0.10727656494
0.131169176151,0.104909273345
0.120849959227,0.102398364961
0.110855129151,0.099743839787
0.101184685924,0.0969456978231
0.0918386295449,0.0940039390692
0.0828843631643,0.090977516324
0.0743892899313,0.0879253823857
0.0663534098462,0.0848475372545
0.0587767229087,0.0817439809302
0.051659229119,0.0786147134128
0.045000928477,0.0754597347025
0.0388018209827,0.0722790447991
0.0330619066362,0.0690726437028
0.0277811854373,0.0658405314134
0.0229596573862,0.062582707931
0.0185973224828,0.0592991732555
0.0146941807272,0.0559899273871
0.0112502321192,0.0526549703256
0.00826547665904,0.0492943020711
0.00573991434655,0.0459079226236
0.0036735451818,0.0424958319831
0.00206636916476,0.0390580301495
0.000918386295449,0.035594517123
0.000229596573862,0.0321052929034
0.0,0.0285903574908
0.00025485857292,0.0250547383094
0.00101943429168,0.0215034627834
0.00229372715628,0.0179365309129
0.00407773716671,0.0143539426977
0.00637146432299,0.010755698138
0.0091749086251,0.00714179723372
0.0124880700731,0.00351223998485
0.0163109486669,-0.000132973608605
0.0206435444065,-0.00379384354664
0.025485857292,-0.00747036982925
0.0308378873233,-0.0111625524564
0.0366996345004,-0.0148703914282
0.0430710988234,-0.0185938867446
0.0499522802922,-0.0223330384055
0.0573431789069,-0.026087846411
0.0652437946674,-0.0298583107611
0.0736541275738,-0.0336444314558
0.0825741776259,-0.037446208495
0.092003944824,-0.0412636418788
0.101943429168,-0.0450967316073
0.112243325364,-0.0488150578899
0.12275432812,-0.0522882009366
0.133476437435,-0.0555161607473
0.144409653309,-0.058498937322
0.155553975743,-0.0612365306607
0.166909404736,-0.0637289407633
0.178475940288,-0.06597616763
0.190253582399,-0.0679782112606
0.20224233107,-0.0697350716552
0.2144421863,-0.0712467488139
0.226853148089,-0.0725132427365
0.239475216437,-0.0735345534231
0.252308391345,-0.0743106808737
0.265352672812,-0.0748416250883
0.278608060838,-0.0751273860669
0.292074555424,-0.0751679638095
0.305752156569,-0.0749633583161
0.319640864273,-0.0745135695866
0.333740678536,-0.0738185976212
0.348051599359,-0.0728784424197
0.362503071887,-0.0718007466767
0.377024541265,-0.0706931530864
0.391616007493,-0.0695556616489
0.406277470572,-0.0683882723641
0.421008930502,-0.0671909852321
0.435810387282,-0.0659638002529
0.450681840912,-0.0647067174264
0.465623291393,-0.0634197367527
0.480634738724,-0.0621028582318
0.495716182906,-0.0607560818637
0.510867623938,-0.0593794076483
0.526089061821,-0.0579728355857
0.541380496554,-0.0565363656758
0.556741928138,-0.0550699979187
0.572173356572,-0.0535737323144
0.587674781857,-0.0520475688629
0.603246203992,-0.0504915075641
0.618887622977,-0.0489055484181
0.634599038813,-0.0472896914249
0.6503804515,-0.0456439365844
0.666280090927,-0.043952158167
0.682346186986,-0.0421982304432
0.698578739676,-0.0403821534128
0.714977748997,-0.0385039270759
0.73154321495,-0.0365635514325
0.748275137534,-0.0345610264826
0.765173516749,-0.0324963522262
0.782238352596,-0.0303695286633
0.799469645074,-0.0281805557938
0.816867394183,-0.0259294336178
0.834431599924,-0.0236161621354
0.852162262296,-0.0212407413464
0.870059381299,-0.0188031712509
0.888122956934,-0.0163034518489
0.9063529892,-0.0137415831403
0.924749478097,-0.0111175651253
0.943312423626,-0.00843139780374
0.962041825786,-0.00568308117567
0.980937684577,-0.00287261524109
1.0,0.0
