1.0,0.0
0.984367699365,0.00596819824422
0.968651335749,0.01179979211
0.952850909153,0.0174947815972
0.936966419577,0.023053166706
0.92099786702,0.0284749474362
0.904945251482,0.033760123788
0.888808572965,0.0389086957613
0.872587831466,0.0439206633561
0.856283026988,0.0487960265724
0.839894159529,0.0535347854102
0.823421229089,0.0581369398696
0.806864235669,0.0626024899504
0.790223179269,0.0669314356528
0.773498059888,0.0711237769767
0.756688877527,0.075179513922
0.739795632186,0.0790986464889
0.722818323864,0.0828811746773
0.705756952561,0.0865270984873
0.688611518278,0.0900364179187
0.671382021015,0.0934091329716
0.654172487609,0.096631922622
0.637086944899,0.0996914658455
0.620125392884,0.102587762642
0.603287831565,0.105320813012
0.586574260942,0.107890616955
0.569984681014,0.110297174472
0.553519091782,0.112540485561
0.537177493245,0.114620550224
0.520959885404,0.11653736846
0.504866268259,0.11829094027
0.488896641809,0.119881265652
0.473051006055,0.121308344608
0.457329360996,0.122572177137
0.441731706633,0.123672763239
0.426258042966,0.124610102915
0.410908369994,0.125384196163
0.395682687717,0.125995042985
0.380580996137,0.12644264338
0.365603295251,0.126726997348
0.350749585062,0.12684810489
0.336074122545,0.12680798375
0.321631164679,0.126608651675
0.307420711464,0.126250108663
0.293442762898,0.125732354716
0.279697318984,0.125055389834
0.26618437972,0.124219214015
0.252903945106,0.123223827261
0.239856015143,0.122069229571
0.22704058983,0.120755420945
0.214457669168,0.119282401383
0.202107253156,0.117650170886
0.189989341795,0.115858729453
0.178103935084,0.113908077084
0.166451033024,0.11179821378
0.155030635614,0.109529139539
0.143842742855,0.107100854363
0.132887354746,0.104513358252
0.122164471287,0.101766651204
0.111674092479,0.0988607332206
0.101416218322,0.0957956043015
0.0915281370356,0.0926427458224
0.0821471368408,0.0894736391591
0.0732732177376,0.0862882843115
0.0649063797261,0.0830866812797
0.0570466228061,0.0798688300636
0.0496939469778,0.0766347306633
0.042848352241,0.0733843830788
0.0365098385959,0.07011778731
0.0306784060424,0.066834943357
0.0253540545805,0.0635358512197
0.0205367842102,0.0602205108982
0.0162265949315,0.0568889223925
0.0124234867444,0.0535410857025
0.00912745964898,0.0501770008283
0.00633851364512,0.0467966677698
0.00405664873288,0.0434000865271
0.00228186491224,0.0399872571001
0.00101416218322,0.036558179489
0.000253540545805,0.0331128536935
0.0,0.0296512797139
0.000263859989933,0.0261746353936
0.00105543995973,0.0226840985762
0.0023747399094,0.0191796692618
0.00422175983893,0.0156613474503
0.00659649974833,0.0121291331418
0.0094989596376,0.00858302633626
0.0129291395067,0.00502302703365
0.0168870393557,0.00144913523398
0.0213726591846,-0.00213864906273
0.0263859989933,-0.0057403258565
0.0319270587819,-0.00935589514731
0.0379958385504,-0.0129853569352
0.0445923382987,-0.0166287112201
0.0517165580269,-0.0202859580021
0.059368497735,-0.0239570972811
0.0675481574229,-0.0276421290571
0.0762555370907,-0.0313410533303
0.0854906367384,-0.0350538701004
0.0952534563659,-0.0387805793676
0.105543995973,-0.0425211811319
0.11618066599,-0.0461536203833
0.126981876846,-0.049555842112
0.137947628542,-0.0527278463179
0.149077921076,-0.055669633001
0.16037275445,-0.0583812021613
0.171832128663,-0.0608625537989
0.183456043716,-0.0631136879138
0.195244499607,-0.0651346045059
0.207197496338,-0.0669253035752
0.219315033908,-0.0684857851217
0.231597112317,-0.0698160491455
0.244043731565,-0.0709160956466
0.256654891653,-0.0717859246248
0.26943059258,-0.0724255360803
0.282370834346,-0.0728349300131
0.295475616951,-0.0730141064231
0.308744940396,-0.0729630653103
0.322178804679,-0.0726818066747
0.335777209802,-0.0721703305164
0.349540155764,-0.0714286368354
0.363451751292,-0.0705524356412
0.377496105111,-0.0696374369436
0.391673217221,-0.0686836407426
0.405983087623,-0.0676910470382
0.420425716317,-0.0666596558304
0.435001103302,-0.0655894671191
0.449709248578,-0.0644804809044
0.464550152146,-0.0633326971863
0.479523814005,-0.0621461159648
0.494630234156,-0.0609207372398
0.509869412598,-0.0596565610115
0.525241349332,-0.0583535872797
0.540746044357,-0.0570118160445
0.556383497674,-0.0556312473058
0.572153709282,-0.0542118810638
0.588056679182,-0.0527537173183
0.604092407373,-0.0512567560694
0.620260893855,-0.0497209973171
0.636562138629,-0.0481464410613
0.652996141695,-0.0465330873022
0.669539014441,-0.0448656396986
0.686166868258,-0.0431288019096
0.702879703146,-0.0413225739351
0.719677519103,-0.0394469557753
0.736560316131,-0.03750194743
0.75352809423,-0.0354875488993
0.770580853399,-0.0334037601832
0.787718593638,-0.0312505812816
0.804941314947,-0.0290280121947
0.822249017327,-0.0267360529223
0.839641700778,-0.0243747034644
0.857119365299,-0.0219439638212
0.87468201089,-0.0194438339925
0.892329637552,-0.0168743139784
0.910062245284,-0.0142354037789
0.927879834086,-0.011527103394
0.945782403959,-0.00874941282363
0.963769954902,-0.00590233206784
0.981842486916,-0.00298586112663
1.0,0.0
