1.0,0.0
0.983716795863,0.00591186098746
0.967377284377,0.0116921478729
0.950981465541,0.0173408606563
0.934529339357,0.0228579993377
0.918020905823,0.0282435639171
0.90145616494,0.0334975543944
0.884835116708,0.0386199707698
0.868157761126,0.0436108130431
0.851424098196,0.0484700812143
0.834634127916,0.0531977752836
0.817787850287,0.0577938952508
0.800885265309,0.062258441116
0.783926372981,0.0665914128792
0.766911173305,0.0707928105404
0.749839666279,0.0748626340995
0.732711851904,0.0788008835566
0.71552773018,0.0826075589117
0.698287301107,0.0862826601648
0.680990564684,0.0898261873158
0.663637520913,0.0932381403649
0.64630784262,0.0964994333806
0.629081202634,0.0995909804318
0.611957600956,0.102512781519
0.594937037585,0.105264836641
0.578019512521,0.107847145798
0.561205025764,0.110259708992
0.544493577315,0.11250252622
0.527885167173,0.114575597484
0.511379795338,0.116478922784
0.49497746181,0.118212502119
0.478678166589,0.11977633549
0.462481909675,0.121170422896
0.446388691069,0.122394764337
0.43039851077,0.123449359815
0.414511368778,0.124334209327
0.398727265093,0.125049312875
0.383046199715,0.125594670459
0.367468172645,0.125970282078
0.351993183882,0.126176147732
0.336621233426,0.126212267422
0.321454541755,0.126087862484
0.306595329349,0.125812154256
0.292043596207,0.125385142737
0.277799342329,0.124806827927
0.263862567715,0.124077209826
0.250233272365,0.123196288434
0.23691145628,0.122164063752
0.223897119458,0.120980535779
0.211190261901,0.119645704515
0.198790883607,0.11815956996
0.186698984578,0.116522132114
0.174914564813,0.114733390978
0.163437624312,0.112793346551
0.152268163075,0.110701998833
0.141406181102,0.108459347824
0.130851678394,0.106065393525
0.120604654949,0.103520135934
0.110665110769,0.100823575053
0.101033045853,0.0979757108814
0.0917084602007,0.0949765434188
0.0827668853311,0.0918894533452
0.0742838527626,0.0887778213404
0.066259362495,0.0856416474046
0.0586934145284,0.0824809315376
0.0515860088629,0.0792956737396
0.0449371454983,0.0760858740104
0.0387468244348,0.07285153235
0.0330150456722,0.0695926487586
0.0277418092107,0.0663092232361
0.0229271150502,0.0630012557824
0.0185709631906,0.0596687463976
0.0146733536321,0.0563116950817
0.0112342863746,0.0529301018347
0.00825376141806,0.0495239666565
0.00573177876254,0.0460932895473
0.00366833840803,0.0426380705069
0.00206344035452,0.0391583095354
0.000917084602007,0.0356540066328
0.000229271150502,0.032125161799
0.0,0.0285717750342
0.00025011286069,0.0250000165219
0.00100045144276,0.0214160564459
0.00225101574621,0.0178198948063
0.00400180577104,0.0142115316029
0.00625282151726,0.0105909668358
0.00900406298485,0.00695820050493
0.0122555301738,0.0033132326104
0.0160072230842,-0.000343936847847
0.0202591417159,-0.0040133078698
0.025011286069,-0.00769488045547
0.0302636561435,-0.0113886546048
0.0360162519394,-0.0150946303179
0.0422690734567,-0.0188128075947
0.0490221206953,-0.0225431864352
0.0562753936553,-0.0262857668395
0.0640288923367,-0.0300405488074
0.0722826167395,-0.033807532339
0.0810365668637,-0.0375867174344
0.0902907427092,-0.0413781040935
0.100045144276,-0.0451816923163
0.110172830954,-0.0488716504721
0.120546862134,-0.0523221469302
0.131167237815,-0.0555331816906
0.142033957997,-0.0585047547534
0.15314702268,-0.0612368661185
0.164506431864,-0.063729515786
0.17611218555,-0.0659827037558
0.187964283737,-0.0679964300279
0.200062726425,-0.0697706946023
0.212407513615,-0.0713054974791
0.224998645305,-0.0726008386582
0.237836121497,-0.0736567181396
0.250919942191,-0.0744731359233
0.264250107385,-0.0750500920094
0.277826617081,-0.0753875863978
0.291649471278,-0.0754856190886
0.305718669976,-0.0753441900816
0.320034213175,-0.074963299377
0.334596100876,-0.0743429469747
0.349404333078,-0.0734831328748
0.36435354041,-0.0724836322778
0.379338353502,-0.0714442203844
0.394358772353,-0.0703648971946
0.409414796963,-0.0692456627083
0.424506427333,-0.0680865169256
0.439633663462,-0.0668874598465
0.454796505351,-0.065648491471
0.469994952999,-0.0643696117991
0.485229006406,-0.0630508208307
0.500498665573,-0.0616921185659
0.515803930499,-0.0602935050047
0.531144801184,-0.0588549801471
0.546521277629,-0.057376543993
0.561933359833,-0.0558581965426
0.577381047797,-0.0542999377957
0.59286434152,-0.0527017677524
0.608383241002,-0.0510636864126
0.623937746244,-0.0493856937765
0.639527857245,-0.0476677898439
0.655153574006,-0.0459099746149
0.670877033729,-0.044106317345
0.686760373618,-0.0422508872898
0.702803593673,-0.0403436844492
0.719006693894,-0.0383847088232
0.735369674281,-0.0363739604119
0.751892534834,-0.0343114392153
0.768575275553,-0.0321971452332
0.785417896438,-0.0300310784659
0.802420397489,-0.0278132389132
0.819582778706,-0.0255436265751
0.836905040088,-0.0232222414517
0.854387181637,-0.0208490835429
0.872029203351,-0.0184241528488
0.889831105232,-0.0159474493693
0.907792887278,-0.0134189731045
0.925914549491,-0.0108387240543
0.944196091869,-0.00820670221874
0.962637514414,-0.00552290759785
0.981238817124,-0.0027873401916
1.0,0.0
