1.0,0.0
0.989938981567,0.00685366919997
0.979358156995,0.0134913611868
0.968257526284,0.0199130759605
0.956637089435,0.026118813521
0.944496846447,0.0321085738684
0.93183679732,0.0378823570027
0.918656942055,0.0434401629238
0.904957280651,0.0487819916317
0.890737813108,0.0539078431266
0.875998539427,0.0588177174082
0.860739459607,0.0635116144768
0.844960573648,0.0679895343322
0.828661881551,0.0722514769744
0.811843383315,0.0762974424035
0.79450507894,0.0801274306195
0.776646968427,0.0837414416223
0.758269051775,0.0871394754119
0.739371328984,0.0903215319885
0.719953800054,0.0932876113519
0.700016464986,0.0960377135021
0.679936086081,0.0986338540565
0.660089425641,0.101138048632
0.640476483667,0.10355029723
0.621097260157,0.105870599848
0.601951755112,0.108098956488
0.583039968533,0.11023536715
0.564361900418,0.112279831833
0.545917550769,0.114232350537
0.527706919584,0.116092923263
0.509730006865,0.11786155001
0.491986812611,0.119538230779
0.474477336822,0.121122965569
0.457201579498,0.12261575438
0.440159540638,0.124016597213
0.423351220245,0.125325494068
0.406776618316,0.126542444944
0.390435734852,0.127667449841
0.374328569853,0.128700508759
0.35845512332,0.1296416217
0.342815395251,0.130490788661
0.327446114752,0.131178702786
0.312384010928,0.131636057218
0.297629083778,0.131862851955
0.283181333303,0.131859086999
0.269040759503,0.131624762349
0.255207362377,0.131159878005
0.241681141926,0.130464433968
0.228462098149,0.129538430236
0.215550231047,0.128381866811
0.202945540619,0.126994743691
0.190648026866,0.125377060878
0.178657689788,0.123528818371
0.166974529384,0.121450016171
0.155598545655,0.119140654276
0.1445297386,0.116600732687
0.13376810822,0.113830251405
0.123313654514,0.110829210429
0.113166377483,0.107597609759
0.103326277127,0.104135449395
0.0937933534452,0.100442729338
0.0846485014843,0.096637490521
0.0759726162906,0.0928377738804
0.0677656978642,0.0890435794157
0.060027746205,0.0852549071269
0.052758761313,0.0814717570141
0.0459587431882,0.0776941290773
0.0396276918306,0.0739220233164
0.0337656072403,0.0701554397314
0.0283724894172,0.0663943783224
0.0234483383613,0.0626388390894
0.0189931540727,0.0588888220323
0.0150069365512,0.0551443271511
0.011489685797,0.0514053544459
0.00844140181007,0.0476719039167
0.00586208459033,0.0439439755634
0.00375173413781,0.040221569386
0.00211035045252,0.0365046853846
0.000937933534452,0.0327933235592
0.000234483383613,0.0290874839096
0.0,0.0253871664361
0.000209663538974,0.0217052576825
0.000838654155896,0.0180546441931
0.00188697185076,0.0144353259677
0.00335461662358,0.0108473030064
0.00524158847435,0.00729057530916
0.00754788740306,0.00376514287601
0.0102735134097,0.000271005706943
0.0134184664943,-0.00319183619805
0.0169827466569,-0.00662338283896
0.0209663538974,-0.0100236342158
0.0253692882158,-0.0133925903286
0.0301915496122,-0.0167302511772
0.0354331380866,-0.0200366167618
0.0410940536389,-0.0233116870824
0.0471742962691,-0.0265554621388
0.0536738659773,-0.0297679419312
0.0605927627635,-0.0329491264595
0.0679309866275,-0.0360990157237
0.0756885375696,-0.0392176097238
0.0838654155896,-0.0423049084598
0.0924906658683,-0.0452821856475
0.101593333587,-0.0480707150023
0.111173418745,-0.0506704965244
0.121230921342,-0.0530815302136
0.13176584138,-0.0553038160701
0.142778178857,-0.0573373540938
0.154267933773,-0.0591821442847
0.16623510613,-0.0608381866429
0.178679695926,-0.0623054811682
0.191601703161,-0.0635840278608
0.205001127836,-0.0646738267206
0.218877969951,-0.0655748777476
0.233232229506,-0.0662871809418
0.2480639065,-0.0668107363032
0.263373000933,-0.0671455438318
0.279159512807,-0.0672916035277
0.29542344212,-0.0672489153908
0.312164788872,-0.0670174794211
0.329383553065,-0.0665972956186
0.347079734697,-0.0659883639833
0.364977696874,-0.0652813040559
0.382801802701,-0.0645667353768
0.400552052178,-0.0638446579461
0.418228445305,-0.0631150717638
0.435830982083,-0.06237797683
0.453359662511,-0.0616333731445
0.470814486589,-0.0608812607074
0.488195454318,-0.0601216395188
0.505502565696,-0.0593545095785
0.522735820725,-0.0585798708866
0.539895219404,-0.0577977234431
0.556980761733,-0.0570080672481
0.573992447713,-0.0562109023014
0.590930277342,-0.0554062286031
0.607794250622,-0.0545940461532
0.624584367552,-0.0537743549517
0.641300628132,-0.0529471549987
0.657943032363,-0.052112446294
0.674511580244,-0.0512702288377
0.691006271774,-0.0504205026298
0.707413631283,-0.0494836448187
0.723720183098,-0.0483800325529
0.739925927217,-0.0471096658322
0.756030863643,-0.0456725446568
0.772034992374,-0.0440686690266
0.78793831341,-0.0422980389416
0.803740826752,-0.0403606544019
0.819442532399,-0.0382565154073
0.835043430352,-0.035985621958
0.850543520611,-0.0335479740539
0.865942803175,-0.030943571695
0.881241278045,-0.0281724148814
0.89643894522,-0.0252345036129
0.9115358047,-0.0221298378897
0.926531856486,-0.0188584177117
0.941427100578,-0.0154202430789
0.956221536975,-0.0118153139914
0.970915165678,-0.00804363044902
0.985507986686,-0.0041051924519
1.0,0.0
