1.0,0.0
0.990333881095,0.0068959810366
0.980114665101,0.0135728096097
0.969342352019,0.0200304857194
0.958016941849,0.0262690093655
0.946138434592,0.0322883805482
0.933706830246,0.0380885992674
0.920722128811,0.0436696655232
0.907184330289,0.0490315793155
0.893093434679,0.0541743406442
0.87844944198,0.0590979495096
0.863252352194,0.0638024059114
0.847502165319,0.0682877098498
0.831198881356,0.0725538613247
0.814342500305,0.0766008603361
0.796933022166,0.080428706884
0.778970446939,0.0840374009685
0.760454774624,0.0874269425894
0.74138600522,0.090597331747
0.721764138729,0.093548568441
0.701589175149,0.0962806526716
0.681271567255,0.0988585554587
0.661221767821,0.101347247822
0.641439776847,0.103746729763
0.621925594333,0.10605700128
0.602679220279,0.108278062373
0.583700654685,0.110409913044
0.56498989755,0.11245255329
0.546546948875,0.114405983114
0.528371808661,0.116270202514
0.510464476906,0.118045211491
0.492824953611,0.119731010044
0.475453238776,0.121327598174
0.4583493324,0.12283497588
0.441513234485,0.124253143163
0.424944945029,0.125582100023
0.408644464034,0.12682184646
0.392611791498,0.127972382473
0.376846927422,0.129033708062
0.361349871806,0.130005823228
0.34612062465,0.130888727971
0.331158706302,0.131610344507
0.316463637113,0.132098595052
0.302035417081,0.132353479606
0.287874046208,0.13237499817
0.273979524492,0.132163150742
0.260351851934,0.131717937324
0.246991028533,0.131039357916
0.233897054291,0.130127412516
0.221069929206,0.128982101126
0.20850965328,0.127603423745
0.196216226511,0.125991380373
0.1841896489,0.124145971011
0.172429920447,0.122067195657
0.160937041151,0.119755054313
0.149711011014,0.117209546979
0.138751830034,0.114430673653
0.128059498212,0.111418434337
0.117634015548,0.10817282903
0.107475382042,0.104693857732
0.0975835976938,0.100981520444
0.0880691969186,0.0971517514453
0.079042714132,0.0933204850182
0.0705041493338,0.0894877211622
0.062453502524,0.0856534598774
0.0548907737028,0.0818177011637
0.04781596287,0.0779804450213
0.0412290700256,0.07414169145
0.0351300951698,0.0703014404498
0.0295190383024,0.0664596920208
0.0243958994234,0.062616446163
0.019760678533,0.0587717028764
0.015613375631,0.0549254621609
0.0119539907175,0.0510777240166
0.00878252379244,0.0472284884434
0.00609897485586,0.0433777554415
0.00390334390775,0.0395255250107
0.00219563094811,0.035671797151
0.000975835976938,0.0318165718625
0.000243958994234,0.0279598491452
0.0,0.0241016289991
0.000204451139527,0.0202661099103
0.000817804558107,0.0164774903649
0.00184006025574,0.012735770363
0.00327121823243,0.0090409499046
0.00511127848817,0.00539302898965
0.00736024102296,0.00179200761817
0.0100181058368,-0.00176211420984
0.0130848729297,-0.00526933649439
0.0165605423017,-0.00872965923546
0.0204451139527,-0.0121430824331
0.0247385878827,-0.0155096060872
0.0294409640918,-0.0188292301979
0.03455224258,-0.0221019547651
0.0400724233472,-0.0253277797888
0.0460015063935,-0.0285067052691
0.0523394917188,-0.0316387312058
0.0590863793232,-0.0347238575992
0.0662421692066,-0.037762084449
0.0738068613691,-0.0407534117554
0.0817804558107,-0.0436978395183
0.0902037960584,-0.0465292921607
0.0991177256396,-0.0491816941056
0.108522244554,-0.0516550453529
0.118417352802,-0.0539493459027
0.128803050383,-0.0560645957549
0.139679337298,-0.0580007949096
0.151046213546,-0.0597579433668
0.162903679128,-0.0613360411264
0.175251734043,-0.0627350881885
0.188090378291,-0.063955084553
0.201419611873,-0.06499603022
0.215239434788,-0.0658579251894
0.229549847036,-0.0665407694613
0.244350848618,-0.0670445630357
0.259642439533,-0.0673693059125
0.275424619782,-0.0675149980917
0.291697389364,-0.0674816395735
0.308460748279,-0.0672692303576
0.325714696528,-0.0668777704443
0.34345923411,-0.0663072598334
0.361423695743,-0.0656358758775
0.379337416144,-0.0649417959294
0.397200395313,-0.0642250199889
0.41501263325,-0.0634855480561
0.432774129955,-0.062723380131
0.450484885428,-0.0619385162135
0.46814489967,-0.0611309563037
0.485754172679,-0.0603007004016
0.503312704456,-0.0594477485072
0.520820495001,-0.0585721006205
0.538277544315,-0.0576737567414
0.555683852396,-0.05675271687
0.573039419245,-0.0558089810063
0.590344244863,-0.0548425491503
0.607598329248,-0.0538534213019
0.624801672402,-0.0528415974612
0.641954274324,-0.0518070776282
0.659056135013,-0.0507498618029
0.676107254471,-0.0496699499852
0.693107632697,-0.0485673421752
0.710001120844,-0.047387665804
0.726731570067,-0.0460765483024
0.743298980366,-0.0446339896706
0.75970335174,-0.0430599899086
0.77594468419,-0.0413545490163
0.792022977715,-0.0395176669937
0.807938232316,-0.0375493438408
0.823690447992,-0.0354495795577
0.839279624744,-0.0332183741444
0.854705762571,-0.0308557276007
0.869968861474,-0.0283616399268
0.885068921453,-0.0257361111227
0.900005942507,-0.0229791411883
0.914779924636,-0.0200907301236
0.929390867841,-0.0170708779286
0.943838772122,-0.0139195846034
0.958123637478,-0.010636850148
0.97224546391,-0.00722267456224
0.986204251417,-0.00367705784625
1.0,0.0
