1.0,0.0
0.990358199093,0.00690923078775
0.980155866673,0.0136002360104
0.969393002738,0.0200730156678
0.958069607288,0.0263275697602
0.946185680325,0.0323638982874
0.933741221848,0.0381820012495
0.920736231856,0.0437818786464
0.90717071035,0.0491635304782
0.89304465733,0.0543269567449
0.878358072796,0.0592721574464
0.863110956747,0.0639991325828
0.847303309185,0.0685078821541
0.830935130108,0.0727984061602
0.814006419517,0.0768707046012
0.796517177412,0.0807247774771
0.778467403792,0.0843606247878
0.759857098659,0.0877782465334
0.740686262011,0.0909776427139
0.720954893849,0.0939588133292
0.700662994173,0.0967217583794
0.680221255928,0.099327322275
0.660040372059,0.101836349427
0.640120342566,0.104248839834
0.620461167449,0.106564793498
0.601062846708,0.108784210417
0.581925380343,0.110907090592
0.563048768355,0.112933434024
0.544433010742,0.114863240711
0.526078107506,0.116696510654
0.507984058646,0.118433243853
0.490150864162,0.120073440309
0.472578524053,0.12161710002
0.455267038321,0.123064222987
0.438216406966,0.12441480921
0.421426629986,0.125668858689
0.404897707382,0.126826371424
0.388629639154,0.127887347414
0.372622425303,0.128851786661
0.356876065827,0.129719689164
0.341390560728,0.130491054923
0.326184560038,0.13110159692
0.311276713789,0.131487028138
0.296667021981,0.131647348576
0.282355484615,0.131582558235
0.268342101691,0.131292657114
0.254626873208,0.130777645215
0.241209799166,0.130037522536
0.228090879567,0.129072289077
0.215270114408,0.127881944839
0.202747503692,0.126466489822
0.190523047416,0.124825924026
0.178596745583,0.12296024745
0.16696859819,0.120869460094
0.15563860524,0.11855356196
0.14460676673,0.116012553046
0.133873082663,0.113246433353
0.123437553037,0.11025520288
0.113300177852,0.107038861628
0.103460957109,0.103597409597
0.0939198908076,0.0999308467858
0.0847627014539,0.0961528503931
0.0760751115541,0.0923770976159
0.0678571211085,0.0886035884543
0.0601087301169,0.0848323229081
0.0528299385793,0.0810633009774
0.0460207464957,0.0772965226622
0.0396811538662,0.0735319879626
0.0338111606907,0.0697696968784
0.0284107669693,0.0660096494097
0.0234799727019,0.0622518455565
0.0190187778885,0.0584962853189
0.0150271825292,0.0547429686967
0.0115051866239,0.05099189569
0.00845279017268,0.0472430662988
0.00586999317547,0.0434964805231
0.0037567956323,0.0397521383629
0.00211319754317,0.0360100398182
0.000939198908076,0.0322701848891
0.000234799727019,0.0285325735754
0.0,0.0247972058772
0.000215004091464,0.0210832141244
0.000860016365857,0.017409730647
0.00193503682318,0.0137767554449
0.00344006546343,0.0101842885182
0.00537510228661,0.00663232986687
0.00774014729271,0.00312087949086
0.0105352004818,-0.000350062609797
0.0137602618537,-0.0037804964351
0.0174153314086,-0.00717042198505
0.0215004091464,-0.0105198392597
0.0260154950672,-0.0138287482589
0.0309605891709,-0.0170971489828
0.0363356914575,-0.0203250414313
0.042140801927,-0.0235124256045
0.0483759205795,-0.0266593015024
0.0550410474149,-0.0297656691249
0.0621361824332,-0.032831528472
0.0696613256344,-0.0358568795438
0.0776164770186,-0.0388417223402
0.0860016365857,-0.0417860568613
0.0948408505866,-0.0446228236869
0.104158165272,-0.0472849633967
0.113953580643,-0.0497724759909
0.124227096698,-0.0520853614693
0.134978713437,-0.054223619832
0.146208430862,-0.0561872510791
0.157916248971,-0.0579762552104
0.170102167764,-0.059590632226
0.182766187243,-0.0610303821259
0.195908307406,-0.0622955049101
0.209528528254,-0.0633860005785
0.223626849786,-0.0643018691313
0.238203272003,-0.0650431105684
0.253257794905,-0.0656097248897
0.268790418492,-0.0660017120954
0.284801142763,-0.0662190721853
0.301289967719,-0.0662618051595
0.31825689336,-0.0661299110181
0.335701919685,-0.0658233897609
0.353625046695,-0.065342241388
0.37175283346,-0.0647591669409
0.389811839052,-0.0641468674612
0.407802063471,-0.0635053429489
0.425723506716,-0.0628345934039
0.443576168787,-0.0621346188263
0.461360049685,-0.061405419216
0.479075149409,-0.0606469945731
0.49672146796,-0.0598593448976
0.514299005338,-0.0590424701894
0.531807761541,-0.0581963704486
0.549247736571,-0.0573210456751
0.566618930428,-0.056416495869
0.583921343111,-0.0554827210303
0.601154974621,-0.0545197211589
0.618319824957,-0.0535274962549
0.635415894119,-0.0525060463183
0.652443182108,-0.051455371349
0.669401688924,-0.050375471347
0.686291414566,-0.0492663463124
0.703112359034,-0.0481279962452
0.719801804324,-0.0469123618003
0.736297032431,-0.0455713836324
0.752598043354,-0.0441050617417
0.768704837094,-0.0425133961281
0.78461741365,-0.0407963867917
0.800335773024,-0.0389540337323
0.815859915214,-0.0369863369501
0.83118984022,-0.034893296445
0.846325548044,-0.0326749122171
0.861267038684,-0.0303311842663
0.87601431214,-0.0278621125926
0.890567368413,-0.025267697196
0.904926207503,-0.0225479380765
0.91909082941,-0.0197028352342
0.933061234133,-0.016732388669
0.946837421673,-0.013636598381
0.96041939203,-0.01041546437
0.973807145203,-0.00706898663623
0.987000681193,-0.00359716517955
1.0,0.0
