1.0,0.0
0.986309141461,0.00612726785598
0.972371020044,0.0121135741506
0.958185635748,0.0179589188838
0.943752988574,0.0236633020556
0.929073078521,0.0292267236661
0.914145905591,0.0346491837152
0.898971469781,0.0399306822029
0.883549771094,0.0450712191293
0.867880809528,0.0500707944943
0.851964585083,0.0549294082979
0.83580109776,0.0596470605401
0.819390347559,0.0642237512209
0.80273233448,0.0686594803404
0.785827058522,0.0729542478985
0.768674519685,0.0771080538952
0.751274717971,0.0811208983305
0.733627653378,0.0849927812045
0.715733325906,0.0887237025171
0.697591735556,0.0923136622683
0.679202882328,0.0957626604582
0.660767269462,0.0990530782867
0.6424854002,0.102167296954
0.624357274541,0.10510531646
0.606382892485,0.107867136805
0.588562254033,0.110452757989
0.570895359183,0.112862180011
0.553382207938,0.115095402872
0.536022800295,0.117152426572
0.518817136256,0.119033251111
0.50176521582,0.120737876489
0.484867038988,0.122266302705
0.468122605759,0.12361852976
0.451531916133,0.124794557654
0.435094970111,0.125794386387
0.418811767692,0.126618015959
0.402682308876,0.127265446369
0.386706593664,0.127736677618
0.370884622055,0.128031709706
0.355216394049,0.128150542633
0.339701909647,0.128093176398
0.324418580132,0.127874563116
0.309443816787,0.127509654899
0.294777619614,0.126998451748
0.280419988612,0.126340953663
0.26637092378,0.125537160644
0.25263042512,0.124587072691
0.23919849263,0.123490689803
0.226075126311,0.122248011981
0.213260326164,0.120859039225
0.200754092187,0.119323771535
0.188556424381,0.11764220891
0.176667322746,0.115814351351
0.165086787282,0.113840198858
0.153814817989,0.111719751431
0.142851414867,0.10945300907
0.132196577916,0.107039971774
0.121850307135,0.104480639544
0.111812602526,0.10177501238
0.102083464088,0.0989230902812
0.0926628918202,0.0959248732485
0.0836282598677,0.0928398792573
0.0750569423743,0.0897276262829
0.0669489393401,0.0865881143256
0.0593042507649,0.0834213433852
0.0521228766488,0.0802273134618
0.0454048169919,0.0770060245554
0.039150071794,0.073757476666
0.0333586410553,0.0704816697935
0.0280305247756,0.067178603938
0.023165722955,0.0638482790995
0.0187642355936,0.0604906952779
0.0148260626912,0.0571058524733
0.011351204248,0.0536937506857
0.00833966026382,0.0502543899151
0.00579143073876,0.0467877701614
0.00370651567281,0.0432938914247
0.00208491506595,0.039772753705
0.000926628918202,0.0362243570023
0.00023165722955,0.0326487013165
0.0,0.0290457866477
0.000246354427052,0.025427170706
0.000985417708209,0.0218044112015
0.00221718984347,0.0181775081343
0.00394167083284,0.0145464615043
0.00615886067631,0.0109112713115
0.00886875937389,0.00727193755587
0.0120713669256,0.00362846023751
0.0157666833314,-1.91606436272e-05
0.0199547085912,-0.00367092508754
0.0246354427052,-0.00732683309424
0.0298088856733,-0.0109868846637
0.0354750374955,-0.014651079796
0.0416338981719,-0.018319418491
0.0482854677023,-0.0219919007488
0.0554297460868,-0.0256685265694
0.0630667333254,-0.0293492959527
0.0711964294181,-0.0330342088989
0.079818834365,-0.0367232654078
0.0889339481659,-0.0404164654795
0.0985417708209,-0.0441138091139
0.10850651198,-0.0476975483348
0.118692381292,-0.0510499351657
0.129099378757,-0.0541709696066
0.139727504376,-0.0570606516575
0.150576758148,-0.0597189813184
0.161647140074,-0.0621459585894
0.172938650153,-0.0643415834704
0.184451288385,-0.0663058559613
0.19618505477,-0.0680387760624
0.208139949309,-0.0695403437734
0.220315972002,-0.0708105590944
0.232713122847,-0.0718494220255
0.245331401846,-0.0726569325666
0.258170808998,-0.0732330907177
0.271231344304,-0.0735778964788
0.284513007763,-0.0736913498499
0.298015799375,-0.0735734508311
0.311739719141,-0.0732241994222
0.32568476706,-0.0726435956234
0.339850943132,-0.0718316394346
0.354205514072,-0.0708853223496
0.368715746594,-0.0699016358623
0.383381640697,-0.0688805799726
0.398203196382,-0.0678221546805
0.413180413649,-0.0667263599861
0.428313292497,-0.0655931958893
0.443601832927,-0.0644226623901
0.459046034939,-0.0632147594886
0.474645898532,-0.0619694871847
0.490401423707,-0.0606868454784
0.506312610464,-0.0593668343698
0.522379458802,-0.0580094538588
0.538601968722,-0.0566147039454
0.554980140224,-0.0551825846297
0.571513973308,-0.0537130959116
0.588203467973,-0.0522062377912
0.60504862422,-0.0506620102683
0.622049442048,-0.0490804133431
0.639205921458,-0.0474614470156
0.65651806245,-0.0458051112857
0.673897240488,-0.0440993290979
0.691254831035,-0.0423320233968
0.708590834091,-0.0405031941824
0.725905249657,-0.0386128414547
0.743198077732,-0.0366609652136
0.760469318317,-0.0346475654593
0.777718971412,-0.0325726421916
0.794947037015,-0.0304361954106
0.812153515129,-0.0282382251163
0.829338405751,-0.0259787313087
0.846501708884,-0.0236577139878
0.863643424525,-0.0212751731535
0.880763552676,-0.0188311088059
0.897862093337,-0.016325520945
0.914939046507,-0.0137584095708
0.931994412187,-0.0111297746833
0.949028190376,-0.00843961628244
0.966040381074,-0.00568793436828
0.983030984283,-0.0028747289408
1.0,0.0
