1.0,0.0
0.987128855075,0.00618247055474
0.973950442129,0.0122175831018
0.960464761162,0.0181053376411
0.946671812175,0.0238457341727
0.932571595167,0.0294387726966
0.918164110138,0.0348844532128
0.903449357089,0.0401827757212
0.888427336019,0.045333740222
0.873098046928,0.0503373467151
0.857461489816,0.0551935952004
0.841517664684,0.059902485678
0.825266571531,0.064464018148
0.808708210357,0.0688781926102
0.791842581163,0.0731450090647
0.774669683948,0.0772644675115
0.757189518712,0.0812365679505
0.739402085456,0.0850613103819
0.721307384179,0.0887386948056
0.702905414881,0.0922687212215
0.684196177562,0.0956513896297
0.665417715145,0.0988732030002
0.646808070552,0.101920664303
0.628367243782,0.104793773538
0.610095234836,0.107492530705
0.591992043713,0.110016935805
0.574057670414,0.112366988836
0.556292114938,0.1145426898
0.538695377286,0.116544038697
0.521267457457,0.118371035525
0.504008355453,0.120023680286
0.486918071271,0.121501972979
0.469996604913,0.122805913604
0.453243956379,0.123935502161
0.436660125669,0.124890738651
0.420245112782,0.125671623073
0.403998917718,0.126278155427
0.387921540478,0.126710335713
0.372012981062,0.126968163932
0.35627323947,0.127051640083
0.3407023157,0.126960764166
0.325370667256,0.126713362885
0.310348751636,0.126327262944
0.295636568841,0.125802464342
0.281234118871,0.125138967081
0.267141401727,0.124336771159
0.253358417407,0.123395876576
0.239885165913,0.122316283334
0.226721647243,0.121097991431
0.213867861399,0.119741000868
0.20132380838,0.118245311645
0.189089488185,0.116610923762
0.177164900816,0.114837837218
0.165550046272,0.112926052014
0.154244924553,0.11087556815
0.143249535658,0.108686385625
0.132563879589,0.10635850444
0.122187956345,0.103891924595
0.112121765926,0.10128664609
0.102365308332,0.0985426689244
0.0929185835636,0.0956599930986
0.0838590216661,0.0926922863733
0.0752640526865,0.0896932165092
0.0671336766247,0.0866627835063
0.0594678934807,0.0836009873645
0.0522667032545,0.080507828084
0.0455301059462,0.0773833056647
0.0392581015556,0.0742274201066
0.0334506900829,0.0710401714097
0.028107871528,0.067821559574
0.0232296458909,0.0645715845995
0.0188160131716,0.0612902464862
0.0148669733702,0.0579775452341
0.0113825264865,0.0546334808433
0.00836267252072,0.0512580533136
0.00580741147272,0.0478512626451
0.00371674334254,0.0444131088378
0.00209066813018,0.0409435918918
0.000929185835636,0.0374427118069
0.000232296458909,0.0339104685832
0.0,0.0303468622208
0.000247256447002,0.0267616582012
0.000989025788006,0.0231646220062
0.00222530802301,0.0195557536357
0.00395610315203,0.0159350530898
0.00618141117504,0.0123025203684
0.00890123209206,0.0086581554716
0.0121155659031,0.00500195839934
0.0158244126081,0.00133392915164
0.0200277722071,-0.00234593227151
0.0247256447002,-0.0060376258701
0.0299180300872,-0.00974115164414
0.0356049283682,-0.0134565095936
0.0417863395433,-0.0171836997186
0.0484622636123,-0.0209227220189
0.0556327005754,-0.0246735764948
0.0632976504324,-0.028436263146
0.0714571131835,-0.0322107819728
0.0801110888285,-0.0359971329749
0.0892595773676,-0.0397953161525
0.0989025788006,-0.0436053315056
0.108902043356,-0.0473028985423
0.119119921263,-0.0507637367709
0.129556212521,-0.0539878461914
0.140210917129,-0.0569752268038
0.151084035089,-0.0597258786081
0.1621755664,-0.0622398016043
0.173485511062,-0.0645169957923
0.185013869075,-0.0665574611723
0.196760640439,-0.0683611977441
0.208725825154,-0.0699282055078
0.22090942322,-0.0712584844635
0.233311434637,-0.072352034611
0.245931859405,-0.0732088559504
0.258770697525,-0.0738289484816
0.271827948995,-0.0742123122048
0.285103613816,-0.0743589471199
0.298597691989,-0.0742688532268
0.312310183512,-0.0739420305257
0.326241088387,-0.0733784790164
0.340390406612,-0.072578198699
0.354720784445,-0.0716392195023
0.369194868142,-0.0706595713549
0.383812657701,-0.0696392542569
0.398574153124,-0.0685782682082
0.413479354411,-0.0674766132089
0.428528261561,-0.066334289259
0.443720874574,-0.0651512963584
0.459057193451,-0.0639276345072
0.474537218192,-0.0626633037053
0.490160948795,-0.0613583039528
0.505928385263,-0.0600126352497
0.521839527593,-0.058626297596
0.537894375787,-0.0571992909915
0.554092929845,-0.0557316154365
0.570435189766,-0.0542232709308
0.58692115555,-0.0526742574745
0.603550827198,-0.0510845750676
0.62032420471,-0.04945422371
0.637241288084,-0.0477832034017
0.654302077322,-0.0460715141429
0.671442332191,-0.04431091281
0.688597812455,-0.0424931562799
0.705768518116,-0.0406182445525
0.722954449173,-0.0386861776277
0.740155605627,-0.0366969555057
0.757371987477,-0.0346505781864
0.774603594723,-0.0325470456698
0.791850427366,-0.0303863579559
0.809112485406,-0.0281685150447
0.826389768841,-0.0258935169362
0.843682277673,-0.0235613636304
0.860990011902,-0.0211720551273
0.878312971527,-0.0187255914269
0.895651156548,-0.0162219725293
0.913004566966,-0.0136611984343
0.93037320278,-0.011043269142
0.94775706399,-0.00836818465246
0.965156150597,-0.0056359449656
0.9825704626,-0.00284655008145
1.0,0.0
