0.995410654695,0.00147553951365
0.970636035974,0.0076274516742
0.946395159504,0.0136289987845
0.922688025288,0.0194801808446
0.899514633323,0.0251809978545
0.876874983611,0.0307314498141
0.854769076152,0.0361315367236
0.833196910945,0.0413812585828
0.812158487991,0.0464806153917
0.791653807288,0.0514296071505
0.771682868839,0.056228233859
0.752245672642,0.0608764955173
0.733342218697,0.0653743921253
0.714972507005,0.0697219236832
0.697136537565,0.0739190901908
0.679834310378,0.0779658916482
0.663065825443,0.0818623280553
0.64683108276,0.0856083994122
0.63113008233,0.0892041057189
0.615962824153,0.0926494469754
0.601329308228,0.0959444231817
0.587066883553,0.0990946768714
0.573012899127,0.102105850578
0.55916735495,0.104977944303
0.545530251021,0.107710958044
0.53210158734,0.110304891803
0.518881363909,0.112759745579
0.505869580725,0.115075519372
0.493066237791,0.117252213182
0.480471335105,0.11928982701
0.468084872667,0.121188360855
0.455906850478,0.122947814717
0.443937268537,0.124568188597
0.432176126845,0.126049482493
0.420623425402,0.127391696407
0.409279164207,0.128594830338
0.398143343261,0.129658884287
0.387215962563,0.130583858252
0.376497022114,0.131369752235
0.365986521914,0.132016566235
0.355684461961,0.132524300253
0.34542443555,0.132907877876
0.33504003597,0.133182222694
0.324531263223,0.133347334706
0.313898117308,0.133403213913
0.303140598225,0.133349860314
0.292258705974,0.13318727391
0.281252440555,0.132915454701
0.270121801969,0.132534402686
0.258866790215,0.132044117865
0.247487405293,0.131444600239
0.235983647203,0.130735849808
0.224355515945,0.129917866571
0.21260301152,0.128990650528
0.200726133926,0.127954201681
0.188724883165,0.126808520027
0.176599259236,0.125553605569
0.164349262139,0.124189458305
0.151974891875,0.122716078235
0.139476148442,0.12113346536
0.126853031842,0.119441619679
0.114484861237,0.117607778653
0.102750955792,0.115599179741
0.0916513155057,0.113415822942
0.0811859403788,0.111057708258
0.071354830411,0.108524835688
0.0621579856025,0.105817205232
0.0535954059532,0.10293481689
0.0456670914631,0.0998776706614
0.0383730421322,0.0966457665472
0.0317132579605,0.0932391045471
0.025687738948,0.089657684661
0.0202964850947,0.0859015068889
0.0155394964006,0.0819705712308
0.0114167728658,0.0778648776867
0.00792831449011,0.0735844262567
0.00507412127367,0.0691292169407
0.00285419321644,0.0644992497387
0.00126853031842,0.0596945246507
0.000317132579605,0.0547150416767
0.0,0.0495608008167
0.000285238698565,0.0443473273113
0.00114095479426,0.039190146401
0.00256714828709,0.0340892580857
0.00456381917704,0.0290446623655
0.00713096746413,0.0240563592404
0.0102685931483,0.0191243487103
0.0139766962297,0.0142486307753
0.0182552767082,0.00942920543538
0.0231043345838,0.00466607269054
0.0285238698565,-4.07674592402e-05
0.0345138825264,-0.00469131501394
0.0410743725934,-0.00928556997358
0.0482053400575,-0.0138235323381
0.0559067849188,-0.0183052021076
0.0641787071772,-0.022730579282
0.0730211068327,-0.0270996638614
0.0824339838853,-0.0314124558457
0.0924173383351,-0.0356689552349
0.102971170182,-0.039869162029
0.114095479426,-0.0440130762281
0.125588073463,-0.0480012856389
0.137246759687,-0.0517343780684
0.149071538098,-0.0552123535164
0.161062408698,-0.0584352119831
0.173219371485,-0.0614029534684
0.18554242646,-0.0641155779724
0.198031573623,-0.0665730854949
0.210686812973,-0.0687754760361
0.223508144511,-0.0707227495959
0.236495568236,-0.0724149061743
0.24964908415,-0.0738519457713
0.262968692251,-0.0750338683869
0.276454392539,-0.0759606740212
0.290106185016,-0.0766323626741
0.30392406968,-0.0770489343456
0.317908046531,-0.0772103890357
0.332058115571,-0.0771167267444
0.346374276798,-0.0767679474718
0.360856530213,-0.0761640512178
0.375504875815,-0.0753050379823
0.390156507618,-0.0743096541623
0.404648619633,-0.0732966461545
0.418981211862,-0.0722660139587
0.433154284303,-0.0712177575752
0.447167836957,-0.0701518770038
0.461021869824,-0.0690683722445
0.474716382904,-0.0679672432974
0.488251376196,-0.0668484901625
0.501626849702,-0.0657121128397
0.51484280342,-0.0645581113291
0.527899237351,-0.0633864856306
0.540796151495,-0.0621972357443
0.553533545852,-0.0609903616701
0.566111420421,-0.0597658634081
0.578529775204,-0.0585237409582
0.590788610199,-0.0572639943205
0.602887925407,-0.055986623495
0.614827720828,-0.0546916284816
0.626607996462,-0.0533790092803
0.638228752308,-0.0520487658912
0.650085653219,-0.0506428524188
0.662574364047,-0.0491032229677
0.675694884792,-0.0474298775379
0.689447215453,-0.0456228161294
0.703831356031,-0.0436820387421
0.718847306526,-0.0416075453761
0.734495066937,-0.0393993360314
0.750774637265,-0.037057410708
0.767686017509,-0.0345817694058
0.78522920767,-0.0319724121249
0.803404207748,-0.0292293388653
0.822211017742,-0.026352549627
0.841649637653,-0.02334204441
0.86172006748,-0.0201978232142
0.882422307225,-0.0169198860397
0.903756356886,-0.0135082328865
0.925722216463,-0.00996286375452
0.948319885957,-0.00628377864385
0.971549365368,-0.00247097755446
0.9954106546952717,0.0014755395136516205
