1.0,0.0
0.980280920012,0.00562362886592
0.960722394939,0.0111441184178
0.941324424779,0.0165614686557
0.922087009534,0.0218756795796
0.903010149203,0.0270867511895
0.884093843786,0.0321946834853
0.865338093283,0.0371994764671
0.846742897694,0.042101130135
0.828308257019,0.0468996444888
0.810034171258,0.0515950195286
0.791920640412,0.0561872552544
0.773967664479,0.0606763516661
0.756175243461,0.0650623087639
0.738543377357,0.0693451265476
0.721072066166,0.0735248050174
0.70376130989,0.0776013441731
0.686611108529,0.0815747440148
0.669621462081,0.0854450045425
0.652792370547,0.0892121257561
0.636123833927,0.0928761076558
0.61961565449,0.0963927368552
0.603267634501,0.0997177999681
0.587079773961,0.102851296994
0.571052072871,0.105793227934
0.555184531229,0.108543592788
0.539477149037,0.111102391555
0.523929926295,0.113469624235
0.508542863001,0.115645290829
0.493315959156,0.117629391336
0.478249214761,0.119421925757
0.463342629815,0.121022894092
0.448596204318,0.122432296339
0.43400993827,0.123650132501
0.419583831671,0.124676402576
0.405317884522,0.125511106564
0.391212096821,0.126154244466
0.37726646857,0.126605816281
0.363480999768,0.12686582201
0.349855690415,0.126934261652
0.336390540512,0.126811135208
0.323086922289,0.126526996539
0.309946207978,0.126112399505
0.296968397579,0.125567344108
0.284153491093,0.124891830346
0.271501488518,0.124085858221
0.259012389856,0.123149427731
0.246686195106,0.122082538877
0.234522904268,0.12088519166
0.222522517342,0.119557386078
0.210685034329,0.118099122132
0.199010455227,0.116510399822
0.187498780038,0.114791219149
0.176150008761,0.112941580111
0.164964141396,0.110961482709
0.153941177943,0.108850926943
0.143081118402,0.106609912813
0.132383962774,0.104238440319
0.121849711057,0.101736509461
0.111478363253,0.0991041202391
0.101269919361,0.0963412726531
0.091396102223,0.0934908045855
0.0820286346821,0.0905955539187
0.0731675167381,0.0876555206529
0.0648127483908,0.0846707047879
0.0569643296404,0.0816411063238
0.0496222604867,0.0785667252606
0.0427865409299,0.0754475615983
0.0364571709698,0.0722836153368
0.0306341506066,0.0690748864763
0.0253174798402,0.0658213750166
0.0205071586705,0.0625230809579
0.0162031870977,0.0591800043
0.0124055651217,0.055792145043
0.00911429274246,0.0523595031868
0.00632936996004,0.0488820787316
0.00405079677443,0.0453598716773
0.00227857318561,0.0417928820238
0.00101269919361,0.0381811097712
0.000253174798402,0.0345245549195
0.0,0.0308232174687
0.00024674544049,0.0271002280674
0.000986981761958,0.0233787173644
0.00222070896441,0.0196586853595
0.00394792704783,0.0159401320528
0.00616863601224,0.0122230574444
0.00888283585763,0.0085074615341
0.012090526584,0.00479334432204
0.0157917081913,0.00108070580817
0.0199863806797,-0.0026304540075
0.024674544049,-0.00634013512497
0.0298561982992,-0.0100483375442
0.0355313434305,-0.0137550612653
0.0416999794427,-0.0174603062882
0.048362106336,-0.0211640726128
0.0555177241102,-0.0248663602393
0.0631668327653,-0.0285671691676
0.0713094323015,-0.0322664993976
0.0799455227186,-0.0359643509295
0.0890751040168,-0.0396607237632
0.0986981761958,-0.0433556178986
0.108684828373,-0.0469382951422
0.118905149665,-0.0502980173002
0.129359140072,-0.0534347843726
0.140046799595,-0.0563485963595
0.150968128232,-0.0590394532607
0.162123125985,-0.0615073550764
0.173511792852,-0.0637523018065
0.185134128835,-0.065774293451
0.196990133932,-0.06757333001
0.209079808145,-0.0691494114833
0.221403151473,-0.0705025378711
0.233960163916,-0.0716327091733
0.246750845474,-0.0725399253899
0.259775196147,-0.0732241865209
0.273033215935,-0.0736854925664
0.286524904838,-0.0739238435262
0.300250262856,-0.0739392394005
0.314209289989,-0.0737316801893
0.328401986237,-0.0733011658924
0.342828351601,-0.0726476965099
0.357399326919,-0.0718490286243
0.372025853031,-0.070982918818
0.386707929937,-0.0700493670909
0.401445557638,-0.0690483734431
0.416238736133,-0.0679799378745
0.431087465422,-0.0668440603852
0.445991745505,-0.0656407409752
0.460951576382,-0.0643699796444
0.475966958054,-0.0630317763929
0.49103789052,-0.0616261312206
0.50616437378,-0.0601530441276
0.521346407834,-0.0586125151139
0.536583992682,-0.0570045441794
0.551877128325,-0.0553291313242
0.567225814762,-0.0535862765483
0.582630051993,-0.0517759798516
0.598089840018,-0.0498982412342
0.613605178837,-0.047953060696
0.629176068451,-0.0459404382371
0.644802508859,-0.0438603738575
0.660562007601,-0.0417426268499
0.676532072219,-0.0396169565069
0.692712702712,-0.0374833628287
0.70910389908,-0.0353418458152
0.725705661323,-0.0331924054664
0.742517989442,-0.0310350417823
0.759540883436,-0.028869754763
0.776774343305,-0.0266965444083
0.794218369049,-0.0245154107184
0.811872960668,-0.0223263536931
0.829738118163,-0.0201293733326
0.847813841533,-0.0179244696368
0.866100130778,-0.0157116426057
0.884596985898,-0.0134908922393
0.903304406894,-0.0112622185377
0.922222393765,-0.00902562150069
0.941350946511,-0.00678110112845
0.960690065132,-0.00452865742092
0.980239749628,-0.0022682903781
1.0,0.0
