1.0,0.0
0.980985990473,0.00561358749389
0.962108923236,0.0111234830499
0.943368798292,0.0165296866679
0.924765615639,0.0218321983481
0.906299375277,0.0270310180903
0.887970077207,0.0321261458946
0.869777721428,0.037117581761
0.851722307941,0.0420053256895
0.833803836745,0.0467893776801
0.81602230784,0.0514697377328
0.798377721227,0.0560464058475
0.780870076905,0.0605193820243
0.763499374875,0.0648886662632
0.746265615136,0.0691542585642
0.729168797689,0.0733161589273
0.712208922533,0.0773743673525
0.695385989669,0.0813288838397
0.678699999096,0.0851797083891
0.662150950814,0.0889268410005
0.645738844824,0.092570281674
0.629443029134,0.0960665384066
0.61324285175,0.0993721191951
0.597138312674,0.10248702404
0.581129411906,0.10541125294
0.565216149444,0.108144805897
0.54939852529,0.110687682909
0.533676539444,0.113039883978
0.518050191904,0.115201409102
0.502519482672,0.117172258283
0.487084411748,0.118952431519
0.47174497913,0.120541928812
0.45650118482,0.12194075016
0.441353028818,0.123148895565
0.426300511123,0.124166365025
0.411343631735,0.124993158542
0.396482390654,0.125629276114
0.381716787881,0.126074717742
0.367046823415,0.126329483427
0.352472497256,0.126393573167
0.337993809405,0.126266986964
0.323681606022,0.125981555744
0.309606733268,0.125569110435
0.295769191142,0.125029651038
0.282168979645,0.124363177552
0.268806098777,0.123569689978
0.255680548538,0.122649188314
0.242792328928,0.121601672562
0.230141439946,0.120427142722
0.217727881594,0.119125598793
0.20555165387,0.117697040775
0.193612756775,0.116141468668
0.181911190308,0.114458882473
0.170446954471,0.112649282189
0.159220049262,0.110712667816
0.148230474682,0.108649039355
0.137478230731,0.106458396805
0.126963317409,0.104140740166
0.116685734715,0.101696069439
0.106645482651,0.0991243846231
0.0968425612148,0.0964256857185
0.0874004114964,0.0936385183373
0.078442474584,0.0908014280916
0.0699687504777,0.0879144149815
0.0619792391775,0.0849774790069
0.0544739406833,0.0819906201678
0.0474528549953,0.0789538384643
0.0409159821133,0.0758671338964
0.0348633220373,0.0727305064639
0.0292948747675,0.069543956167
0.0242106403037,0.0663074830056
0.019610618646,0.0630210869798
0.0154948097944,0.0596847680895
0.0118632137488,0.0562985263347
0.00871583050933,0.0528623617155
0.00605266007593,0.0493762742318
0.00387370244859,0.0458402638836
0.00217895762733,0.042254330671
0.000968425612148,0.0386184745939
0.000242106403037,0.0349326956524
0.0,0.0311969938463
0.000258999833187,0.0274384947124
0.00103599933275,0.0236843237872
0.00233099849868,0.0199344810706
0.00414399733099,0.0161889665627
0.00647499582967,0.0124477802635
0.00932399399472,0.00871092217294
0.0126909918261,0.00497839229106
0.0165759893239,0.00125019061786
0.0209789864881,-0.00247368284667
0.0258999833187,-0.00619322810253
0.0313389798156,-0.00990844514972
0.0372959759789,-0.0136193339882
0.0437709718085,-0.0173258946181
0.0507639673046,-0.0210281270392
0.058274962467,-0.0247260312517
0.0663039572958,-0.0284196072556
0.074850951791,-0.0321088550507
0.0839159459525,-0.0357937746372
0.0934989397804,-0.039474366015
0.103599933275,-0.0431506291841
0.114046585825,-0.0467158526262
0.12466655682,-0.0500633248229
0.135459846261,-0.0531930457742
0.146426454148,-0.0561050154802
0.157566380479,-0.0587992339407
0.168879625256,-0.0612757011559
0.180366188479,-0.0635344171257
0.192026070147,-0.0655753818501
0.20385927026,-0.0673985953291
0.215865788819,-0.0690040575627
0.228045625823,-0.0703917685509
0.240398781272,-0.0715617282937
0.252925255167,-0.0725139367912
0.265625047507,-0.0732483940432
0.278498158293,-0.0737651000499
0.291544587524,-0.0740640548112
0.3047643352,-0.0741452583271
0.318157401322,-0.0740087105976
0.331723785889,-0.0736544116227
0.345463488901,-0.0730823614025
0.359350205834,-0.0723647353769
0.373357632162,-0.071573708986
0.387485767886,-0.0707092822299
0.401734613005,-0.0697714551085
0.416104167519,-0.0687602276219
0.430594431428,-0.0676755997699
0.445205404733,-0.0665175715528
0.459937087433,-0.0652861429703
0.474789479529,-0.0639813140226
0.48976258102,-0.0626030847097
0.504856391906,-0.0611514550314
0.520070912187,-0.0596264249879
0.535406141864,-0.0580279945792
0.550862080936,-0.0563561638051
0.566438729404,-0.0546109326659
0.582136087266,-0.0527923011613
0.597954154524,-0.0509002692915
0.613892931178,-0.0489348370564
0.629952417227,-0.0468960044561
0.646132612671,-0.0447837714905
0.662445803774,-0.0426303255709
0.678904276799,-0.0404678541087
0.695508031747,-0.0382963571039
0.712257068618,-0.0361158345565
0.729151387411,-0.0339262864664
0.746190988126,-0.0317277128337
0.763375870764,-0.0295201136584
0.780706035324,-0.0273034889404
0.798181481807,-0.0250778386798
0.815802210212,-0.0228431628766
0.83356822054,-0.0205994615308
0.85147951279,-0.0183467346423
0.869536086963,-0.0160849822112
0.887737943058,-0.0138142042375
0.906085081075,-0.0115344007212
0.924577501015,-0.00924557166219
0.943215202878,-0.00694771706059
0.961998186663,-0.00464083691635
0.98092645237,-0.00232493122949
1.0,0.0
