1.0,0.0
0.980325317977,0.00573693634789
0.960863455688,0.0113635640897
0.941614413131,0.0168798832253
0.922578190308,0.0222858937549
0.903754787219,0.0275815956784
0.885144203863,0.0327669889957
0.86674644024,0.037842073707
0.84856149635,0.0428068498121
0.830589372194,0.0476613173111
0.812830067771,0.052405476204
0.795283583081,0.0570393264908
0.777949918125,0.0615628681715
0.760829072902,0.0659761012461
0.743921047413,0.0702790257146
0.727225841656,0.074471641577
0.710743455633,0.0785539488332
0.694473889344,0.0825259474834
0.678417142788,0.0863876375274
0.662573215965,0.0901390189654
0.646942108875,0.0937800917972
0.631430583191,0.0972716149904
0.615945400586,0.100574347512
0.60048656106,0.103688289363
0.585054064612,0.106613440542
0.569647911243,0.10934980105
0.554268100953,0.111897370887
0.538914633741,0.114256150053
0.523587509608,0.116426138547
0.508286728554,0.11840733637
0.493012290578,0.120199743522
0.477764195681,0.121803360002
0.462542443863,0.123218185811
0.447347035123,0.124444220949
0.432177969462,0.125481465416
0.41703524688,0.126329919211
0.401918867376,0.126989582336
0.386828830951,0.127460454788
0.371765137604,0.12774253657
0.356727787336,0.12783582768
0.341716780147,0.127740328119
0.326854217359,0.127486751394
0.312262200294,0.127105811009
0.297940728953,0.126597506965
0.283889803335,0.125961839263
0.27010942344,0.125198807902
0.256599589269,0.124308412883
0.243360300821,0.123290654204
0.230391558097,0.122145531867
0.217693361095,0.120873045871
0.205265709818,0.119473196216
0.193108604263,0.117945982903
0.181222044432,0.116291405931
0.169606030324,0.1145094653
0.15826056194,0.11260016101
0.147185639279,0.110563493062
0.136381262341,0.108399461454
0.125847431127,0.106108066188
0.115584145636,0.103689307264
0.105591405869,0.10114318468
0.0958692118246,0.098469698438
0.0865219636717,0.0957098529749
0.0776540615779,0.0929046527286
0.0692655055433,0.0900540976991
0.0613562955678,0.0871581878866
0.0539264316513,0.0842169232909
0.0469759137941,0.0812303039121
0.0405047419959,0.0781983297502
0.0345129162569,0.0751210008051
0.0290004365769,0.0719983170769
0.0239673029562,0.0688302785656
0.0194135153945,0.0656168852711
0.0153390738919,0.0623581371935
0.0117439784485,0.0590540343328
0.00862822906421,0.055704576689
0.00599182573904,0.052309764262
0.00383476847298,0.0488695970519
0.00215705726605,0.0453840750586
0.000958692118246,0.0418531982823
0.000239673029562,0.0382769667228
0.0,0.0346553803802
0.000258983053684,0.0310063330042
0.00103593221474,0.0273477183447
0.00233084748315,0.0236795364017
0.00414372885894,0.0200017871751
0.00647457634209,0.016314470665
0.00932338993262,0.0126175868713
0.0126901696305,0.0089111357941
0.0165749154358,0.00519511743335
0.0209776273484,0.00146953178906
0.0258983053684,-0.00226562113877
0.0313369494957,-0.00601034135014
0.0372935597305,-0.00976462884506
0.0437681360726,-0.0135284836235
0.050760678522,-0.0173019056855
0.0582711870788,-0.021084895031
0.066299661743,-0.0248774516601
0.0748461025146,-0.0286795755727
0.0839105093935,-0.0324912667689
0.0934928823798,-0.0363125252486
0.103593221474,-0.0401433510119
0.114046981313,-0.0438737140125
0.124689616535,-0.0473935842043
0.135521127142,-0.0507029615872
0.146541513132,-0.0538018461614
0.157750774506,-0.0566902379268
0.169148911263,-0.0593681368833
0.180735923404,-0.061835543031
0.192511810928,-0.0640924563699
0.204476573837,-0.0661388769
0.216630212128,-0.0679748046213
0.228972725804,-0.0696002395338
0.241504114863,-0.0710151816374
0.254224379306,-0.0722196309322
0.267133519132,-0.0732135874183
0.280231534342,-0.0739970510955
0.293518424936,-0.0745700219638
0.306994190913,-0.0749325000234
0.320658832274,-0.0750844852742
0.334512349018,-0.0750259777161
0.348554741146,-0.0747569773492
0.362741336699,-0.0743317896726
0.377027463717,-0.0738047201854
0.391413122201,-0.0731757688874
0.40589831215,-0.0724449357788
0.420483033565,-0.0716122208596
0.435167286445,-0.0706776241296
0.449951070791,-0.0696411455891
0.464834386602,-0.0685027852378
0.479817233879,-0.0672625430759
0.494899612621,-0.0659204191033
0.510081522829,-0.0644764133201
0.525362964502,-0.0629305257262
0.540743937641,-0.0612827563216
0.556224442245,-0.0595331051064
0.571804478315,-0.0576815720805
0.58748404585,-0.055728157244
0.603263144851,-0.0536728605968
0.619141775317,-0.0515156821389
0.635119937249,-0.0492566218703
0.651197630647,-0.0468956797911
0.667390722744,-0.0444871517564
0.683715080774,-0.0420853336211
0.700170704739,-0.0396902253853
0.716757594637,-0.037301827049
0.733475750469,-0.0349201386122
0.750325172235,-0.0325451600749
0.767305859934,-0.0301768914371
0.784417813568,-0.0278153326988
0.801661033135,-0.02546048386
0.819035518636,-0.0231123449207
0.83654127007,-0.0207709158809
0.854178287438,-0.0184361967406
0.87194657074,-0.0161081874998
0.889846119976,-0.0137868881584
0.907876935146,-0.0114722987166
0.926039016249,-0.00916441917431
0.944332363286,-0.00686324953148
0.962756976257,-0.00456878978816
0.981312855162,-0.00228103994433
1.0,0.0
