  
       XFOIL         Version 6.99
  
 Calculated polar for: G49A6                                           
  
 1 1 Reynolds number fixed          Mach number fixed         
  
 xtrf =   1.000 (top)        1.000 (bottom)  
 Mach =   0.000     Re =     0.200 e 6     Ncrit =   9.000
  
   alpha    CL        CD       CDp       CM     Top_Xtr  Bot_Xtr
  ------ -------- --------- --------- -------- -------- --------
 -13.000  -1.1711   0.03217   0.02475  -0.0309   1.0000   0.0978
 -12.750  -1.1811   0.03096   0.02350  -0.0254   1.0000   0.1015
 -12.500  -1.1919   0.02980   0.02235  -0.0196   1.0000   0.1064
 -12.250  -1.2005   0.02879   0.02132  -0.0139   1.0000   0.1123
 -12.000  -1.2094   0.02782   0.02037  -0.0079   1.0000   0.1209
 -11.750  -1.2193   0.02687   0.01949  -0.0015   1.0000   0.1326
 -11.500  -1.2284   0.02601   0.01874   0.0049   1.0000   0.1486
 -11.250  -1.2370   0.02530   0.01813   0.0114   1.0000   0.1710
 -11.000  -1.2385   0.02478   0.01767   0.0168   1.0000   0.1911
 -10.750  -1.2352   0.02443   0.01733   0.0213   1.0000   0.2082
 -10.500  -1.2280   0.02419   0.01704   0.0251   1.0000   0.2213
 -10.250  -1.2202   0.02402   0.01681   0.0289   1.0000   0.2328
 -10.000  -1.2115   0.02383   0.01664   0.0325   1.0000   0.2417
  -9.750  -1.2004   0.02372   0.01637   0.0357   1.0000   0.2503
  -9.500  -1.1897   0.02357   0.01627   0.0390   1.0000   0.2577
  -9.250  -1.1782   0.02350   0.01609   0.0421   1.0000   0.2653
  -9.000  -1.1654   0.02336   0.01593   0.0449   1.0000   0.2719
  -8.750  -1.1529   0.02332   0.01587   0.0478   1.0000   0.2784
  -8.500  -1.1409   0.02327   0.01565   0.0509   1.0000   0.2849
  -8.250  -1.1253   0.02315   0.01561   0.0531   1.0000   0.2904
  -8.000  -1.1054   0.02340   0.01582   0.0545   0.9986   0.2968
  -7.750  -1.0782   0.02403   0.01631   0.0545   0.9950   0.3041
  -7.500  -1.0537   0.02444   0.01679   0.0549   0.9925   0.3100
  -7.250  -1.0232   0.02499   0.01727   0.0543   0.9855   0.3175
  -7.000  -0.9940   0.02534   0.01757   0.0538   0.9783   0.3244
  -6.750  -0.9299   0.02623   0.01846   0.0470   0.9568   0.3340
  -6.500  -0.8877   0.02630   0.01843   0.0444   0.9430   0.3422
  -6.250  -0.8405   0.02661   0.01880   0.0408   0.9355   0.3499
  -6.000  -0.8144   0.02631   0.01841   0.0413   0.9250   0.3561
  -5.750  -0.7730   0.02623   0.01827   0.0387   0.9202   0.3617
  -5.500  -0.7453   0.02583   0.01791   0.0387   0.9114   0.3666
  -5.250  -0.7011   0.02582   0.01787   0.0356   0.9078   0.3730
  -5.000  -0.6808   0.02547   0.01740   0.0373   0.8974   0.3783
  -4.750  -0.6346   0.02514   0.01713   0.0337   0.8940   0.3844
  -4.500  -0.6087   0.02475   0.01676   0.0342   0.8848   0.3895
  -4.250  -0.5696   0.02451   0.01646   0.0322   0.8803   0.3962
  -4.000  -0.5306   0.02412   0.01607   0.0301   0.8756   0.4026
  -3.750  -0.5013   0.02365   0.01565   0.0300   0.8667   0.4083
  -3.500  -0.4570   0.02322   0.01520   0.0271   0.8633   0.4156
  -3.250  -0.4353   0.02278   0.01471   0.0286   0.8524   0.4212
  -3.000  -0.3908   0.02218   0.01422   0.0255   0.8487   0.4281
  -2.750  -0.3463   0.02164   0.01368   0.0226   0.8460   0.4359
  -2.500  -0.3269   0.02115   0.01315   0.0247   0.8329   0.4415
  -2.250  -0.2790   0.02037   0.01250   0.0211   0.8300   0.4494
  -2.000  -0.2584   0.01987   0.01202   0.0229   0.8163   0.4563
  -1.500  -0.1931   0.01851   0.01078   0.0219   0.7974   0.4716
  -1.000  -0.1374   0.01731   0.00964   0.0229   0.7643   0.4882
  -0.750  -0.0969   0.01652   0.00889   0.0210   0.7463   0.4989
  -0.500  -0.0373   0.01548   0.00787   0.0153   0.7251   0.5119
  -0.250   0.0377   0.01449   0.00681   0.0063   0.6920   0.5308
   0.000   0.0980   0.01407   0.00627  -0.0002   0.6555   0.5517
   0.250   0.1352   0.01394   0.00610  -0.0022   0.6258   0.5787
   0.500   0.1588   0.01378   0.00610  -0.0014   0.6021   0.6227
   0.750   0.3644   0.01502   0.00814  -0.0386   0.5616   0.8608
   1.000   0.4021   0.01587   0.00883  -0.0400   0.5462   0.8903
   1.250   0.4392   0.01662   0.00951  -0.0415   0.5316   0.9079
   1.500   0.4792   0.01732   0.01011  -0.0437   0.5183   0.9217
   1.750   0.5224   0.01801   0.01065  -0.0467   0.5073   0.9343
   2.000   0.5774   0.01855   0.01117  -0.0523   0.4951   0.9406
   2.250   0.6181   0.01913   0.01160  -0.0550   0.4856   0.9510
   2.500   0.6748   0.01946   0.01194  -0.0611   0.4748   0.9565
   2.750   0.7244   0.01990   0.01224  -0.0658   0.4662   0.9640
   3.000   0.7681   0.02006   0.01244  -0.0694   0.4570   0.9702
   3.250   0.8184   0.02036   0.01264  -0.0744   0.4487   0.9774
   3.500   0.8655   0.02046   0.01277  -0.0788   0.4405   0.9836
   3.750   0.9094   0.02055   0.01285  -0.0827   0.4324   0.9900
   4.000   0.9615   0.02070   0.01293  -0.0883   0.4249   0.9950
   4.250   1.0011   0.02064   0.01294  -0.0913   0.4174   1.0000
   4.500   1.0211   0.02084   0.01312  -0.0901   0.4120   1.0000
   4.750   1.0479   0.02115   0.01336  -0.0905   0.4060   1.0000
   5.000   1.0576   0.02131   0.01362  -0.0872   0.4007   1.0000
   5.250   1.0725   0.02149   0.01382  -0.0850   0.3951   1.0000
   5.500   1.0975   0.02178   0.01402  -0.0850   0.3889   1.0000
   5.750   1.1010   0.02193   0.01427  -0.0804   0.3829   1.0000
   6.000   1.1056   0.02204   0.01441  -0.0761   0.3762   1.0000
   6.250   1.1238   0.02227   0.01454  -0.0746   0.3698   1.0000
   6.500   1.1273   0.02244   0.01482  -0.0701   0.3640   1.0000
   6.750   1.1343   0.02260   0.01505  -0.0664   0.3582   1.0000
   7.000   1.1458   0.02278   0.01519  -0.0635   0.3523   1.0000
   7.250   1.1541   0.02301   0.01547  -0.0601   0.3464   1.0000
   7.500   1.1581   0.02319   0.01574  -0.0558   0.3407   1.0000
   7.750   1.1653   0.02337   0.01591  -0.0521   0.3349   1.0000
   8.000   1.1745   0.02362   0.01616  -0.0489   0.3290   1.0000
   8.250   1.1743   0.02381   0.01647  -0.0439   0.3226   1.0000
   8.500   1.1803   0.02403   0.01669  -0.0402   0.3169   1.0000
   8.750   1.1883   0.02431   0.01699  -0.0369   0.3111   1.0000
   9.000   1.1908   0.02459   0.01739  -0.0325   0.3048   1.0000
   9.250   1.1949   0.02486   0.01767  -0.0285   0.2986   1.0000
   9.500   1.2005   0.02522   0.01807  -0.0249   0.2924   1.0000
   9.750   1.2030   0.02557   0.01852  -0.0208   0.2856   1.0000
  10.000   1.2073   0.02598   0.01886  -0.0171   0.2786   1.0000
  10.250   1.2086   0.02642   0.01947  -0.0129   0.2708   1.0000
  10.500   1.2106   0.02693   0.01996  -0.0090   0.2631   1.0000
  10.750   1.2118   0.02750   0.02063  -0.0051   0.2535   1.0000
  11.000   1.2111   0.02819   0.02131  -0.0009   0.2438   1.0000
  11.250   1.2108   0.02894   0.02213   0.0030   0.2320   1.0000
  11.500   1.2084   0.02987   0.02309   0.0070   0.2182   1.0000
  11.750   1.2018   0.03109   0.02429   0.0113   0.2006   1.0000
  12.000   1.1917   0.03267   0.02580   0.0158   0.1788   1.0000
  12.250   1.1767   0.03471   0.02773   0.0203   0.1561   1.0000
  12.500   1.1596   0.03714   0.03006   0.0246   0.1361   1.0000
  12.750   1.1428   0.03982   0.03267   0.0284   0.1224   1.0000
  13.000   1.1273   0.04265   0.03547   0.0315   0.1137   1.0000
