  
       XFOIL         Version 6.99
  
 Calculated polar for: G76A3                                           
  
 1 1 Reynolds number fixed          Mach number fixed         
  
 xtrf =   1.000 (top)        1.000 (bottom)  
 Mach =   0.000     Re =     0.200 e 6     Ncrit =   9.000
  
   alpha    CL        CD       CDp       CM     Top_Xtr  Bot_Xtr
  ------ -------- --------- --------- -------- -------- --------
 -13.000  -1.1859   0.03175   0.02430  -0.0252   1.0000   0.1047
 -12.750  -1.1896   0.03078   0.02340  -0.0204   1.0000   0.1089
 -12.500  -1.1871   0.03008   0.02261  -0.0163   1.0000   0.1151
 -12.250  -1.1894   0.02928   0.02188  -0.0114   1.0000   0.1212
 -12.000  -1.1876   0.02864   0.02120  -0.0069   1.0000   0.1290
 -11.750  -1.1858   0.02811   0.02064  -0.0024   1.0000   0.1375
 -11.500  -1.1854   0.02760   0.02017   0.0025   1.0000   0.1456
 -11.250  -1.1827   0.02723   0.01973   0.0071   1.0000   0.1548
 -11.000  -1.1804   0.02694   0.01942   0.0118   1.0000   0.1624
 -10.750  -1.1774   0.02666   0.01908   0.0165   1.0000   0.1697
 -10.500  -1.1749   0.02646   0.01885   0.0213   1.0000   0.1760
 -10.250  -1.1712   0.02628   0.01851   0.0261   1.0000   0.1823
 -10.000  -1.1630   0.02599   0.01829   0.0298   1.0000   0.1879
  -9.750  -1.1553   0.02585   0.01805   0.0337   1.0000   0.1940
  -9.500  -1.1442   0.02557   0.01772   0.0369   1.0000   0.1996
  -9.250  -1.1327   0.02536   0.01753   0.0400   1.0000   0.2049
  -9.000  -1.1225   0.02523   0.01730   0.0435   1.0000   0.2108
  -8.750  -1.1078   0.02494   0.01696   0.0459   1.0000   0.2157
  -8.500  -1.0933   0.02471   0.01677   0.0485   1.0000   0.2206
  -8.250  -1.0748   0.02476   0.01676   0.0502   0.9990   0.2266
  -8.000  -1.0425   0.02515   0.01708   0.0492   0.9950   0.2327
  -7.750  -1.0145   0.02533   0.01731   0.0489   0.9918   0.2387
  -7.500  -0.9522   0.02628   0.01812   0.0421   0.9740   0.2477
  -7.250  -0.8894   0.02640   0.01835   0.0352   0.9576   0.2571
  -7.000  -0.8498   0.02645   0.01829   0.0331   0.9484   0.2654
  -6.750  -0.8164   0.02598   0.01794   0.0320   0.9390   0.2733
  -6.500  -0.7786   0.02589   0.01780   0.0302   0.9317   0.2818
  -6.250  -0.7375   0.02542   0.01737   0.0277   0.9239   0.2893
  -6.000  -0.7001   0.02502   0.01700   0.0260   0.9158   0.2969
  -5.750  -0.6514   0.02455   0.01649   0.0222   0.9089   0.3055
  -5.500  -0.6153   0.02392   0.01594   0.0208   0.8995   0.3137
  -5.250  -0.5593   0.02327   0.01526   0.0157   0.8933   0.3247
  -5.000  -0.5306   0.02251   0.01460   0.0160   0.8817   0.3335
  -4.750  -0.4979   0.02174   0.01381   0.0156   0.8698   0.3440
  -4.500  -0.4640   0.02077   0.01294   0.0151   0.8542   0.3538
  -4.250  -0.4398   0.01990   0.01204   0.0167   0.8310   0.3639
  -3.750  -0.2522   0.01652   0.00768  -0.0073   0.5888   0.4045
  -3.500  -0.2229   0.01652   0.00755  -0.0077   0.5591   0.4166
  -3.250  -0.1970   0.01654   0.00744  -0.0074   0.5412   0.4291
  -3.000  -0.1717   0.01649   0.00736  -0.0069   0.5284   0.4427
  -2.750  -0.1405   0.01643   0.00725  -0.0077   0.5182   0.4583
  -2.500  -0.1151   0.01632   0.00719  -0.0073   0.5091   0.4739
  -2.250  -0.0870   0.01624   0.00712  -0.0075   0.5018   0.4928
  -2.000  -0.0540   0.01615   0.00705  -0.0087   0.4952   0.5144
  -1.750  -0.0285   0.01594   0.00702  -0.0083   0.4897   0.5407
  -1.500  -0.0025   0.01570   0.00697  -0.0081   0.4844   0.5782
  -1.000   0.2638   0.01786   0.01009  -0.0507   0.4656   0.8451
  -0.750   0.2906   0.01853   0.01069  -0.0498   0.4616   0.8719
  -0.250   0.3957   0.02024   0.01217  -0.0591   0.4520   0.8985
   0.000   0.4425   0.02085   0.01277  -0.0627   0.4477   0.9084
   0.250   0.4793   0.02143   0.01330  -0.0644   0.4439   0.9207
   0.500   0.5512   0.02198   0.01375  -0.0734   0.4392   0.9252
   0.750   0.6206   0.02266   0.01427  -0.0823   0.4344   0.9314
   1.000   0.6620   0.02296   0.01460  -0.0851   0.4307   0.9396
   1.250   0.7107   0.02320   0.01487  -0.0896   0.4268   0.9473
   1.500   0.7590   0.02346   0.01511  -0.0941   0.4231   0.9549
   1.750   0.8126   0.02366   0.01526  -0.0998   0.4191   0.9619
   2.000   0.8715   0.02403   0.01554  -0.1068   0.4154   0.9686
   2.250   0.9281   0.02428   0.01577  -0.1134   0.4116   0.9748
   2.500   0.9734   0.02417   0.01575  -0.1174   0.4081   0.9840
   2.750   1.0258   0.02400   0.01563  -0.1231   0.4043   0.9937
   3.000   1.0770   0.02373   0.01536  -0.1286   0.4008   1.0000
   3.250   1.0995   0.02395   0.01556  -0.1281   0.3979   1.0000
   3.500   1.1277   0.02428   0.01585  -0.1288   0.3950   1.0000
   3.750   1.1605   0.02488   0.01645  -0.1306   0.3922   1.0000
   4.000   1.1735   0.02508   0.01675  -0.1279   0.3901   1.0000
   4.250   1.1882   0.02532   0.01710  -0.1257   0.3876   1.0000
   4.500   1.2033   0.02558   0.01744  -0.1234   0.3846   1.0000
   4.750   1.2198   0.02583   0.01775  -0.1216   0.3819   1.0000
   5.000   1.2383   0.02610   0.01805  -0.1201   0.3791   1.0000
   5.250   1.2607   0.02643   0.01839  -0.1195   0.3767   1.0000
   5.500   1.2888   0.02693   0.01887  -0.1202   0.3743   1.0000
   5.750   1.3086   0.02747   0.01947  -0.1191   0.3714   1.0000
   6.000   1.3110   0.02758   0.01973  -0.1141   0.3679   1.0000
   6.250   1.3170   0.02766   0.01990  -0.1100   0.3640   1.0000
   6.500   1.3249   0.02762   0.01988  -0.1062   0.3598   1.0000
   6.750   1.3429   0.02760   0.01979  -0.1045   0.3559   1.0000
   7.000   1.3648   0.02800   0.02017  -0.1038   0.3522   1.0000
   7.250   1.3602   0.02805   0.02038  -0.0975   0.3489   1.0000
   7.500   1.3594   0.02814   0.02059  -0.0919   0.3454   1.0000
   7.750   1.3598   0.02810   0.02061  -0.0866   0.3420   1.0000
   8.000   1.3692   0.02808   0.02059  -0.0832   0.3390   1.0000
   8.250   1.3910   0.02807   0.02049  -0.0824   0.3354   1.0000
   8.500   1.3910   0.02828   0.02083  -0.0772   0.3325   1.0000
   8.750   1.3807   0.02836   0.02107  -0.0699   0.3291   1.0000
   9.000   1.3786   0.02842   0.02123  -0.0643   0.3256   1.0000
   9.250   1.3815   0.02832   0.02116  -0.0596   0.3220   1.0000
   9.500   1.3919   0.02818   0.02099  -0.0565   0.3187   1.0000
   9.750   1.3965   0.02830   0.02115  -0.0524   0.3152   1.0000
  10.000   1.3867   0.02852   0.02156  -0.0456   0.3113   1.0000
  10.250   1.3857   0.02864   0.02178  -0.0405   0.3073   1.0000
  10.500   1.3876   0.02854   0.02169  -0.0359   0.3030   1.0000
  10.750   1.3918   0.02853   0.02165  -0.0318   0.2987   1.0000
  11.000   1.3834   0.02894   0.02226  -0.0258   0.2938   1.0000
  11.250   1.3797   0.02910   0.02249  -0.0205   0.2880   1.0000
  11.500   1.3828   0.02919   0.02253  -0.0165   0.2829   1.0000
  11.750   1.3753   0.02980   0.02335  -0.0110   0.2758   1.0000
  12.000   1.3719   0.03015   0.02370  -0.0063   0.2681   1.0000
  12.250   1.3684   0.03084   0.02453  -0.0018   0.2592   1.0000
  12.500   1.3623   0.03159   0.02531   0.0029   0.2486   1.0000
  12.750   1.3530   0.03267   0.02643   0.0078   0.2336   1.0000
  13.000   1.3375   0.03426   0.02799   0.0131   0.2113   1.0000
