1.0,0.0
0.980631815273,0.00578220098407
0.961465893314,0.0114505705263
0.942502234122,0.0170051086266
0.923740837698,0.022445815285
0.905181704041,0.0277726905015
0.886824833152,0.0329857342762
0.868670225031,0.038084946609
0.850717879677,0.0430703274999
0.832967797091,0.0479418769489
0.815419977273,0.052699594956
0.798074420222,0.0573434815212
0.780931125938,0.0618735366446
0.763990094423,0.0662897603261
0.747251325675,0.0705921525657
0.730714819694,0.0747807133634
0.714380576482,0.0788554427193
0.698248596036,0.0828163406332
0.682318878359,0.0866634071053
0.666591423449,0.0903966421355
0.651066231307,0.0940160457238
0.63564163964,0.0974839848989
0.620215986157,0.100762826689
0.604789270859,0.103852571095
0.589361493745,0.106753218117
0.573932654814,0.109464767754
0.558502754068,0.111987220006
0.543071791505,0.114320574874
0.527639767127,0.116464832357
0.512206680933,0.118419992456
0.496772532922,0.12018605517
0.481337323096,0.1217630205
0.465901051454,0.123150888445
0.450463717996,0.124349659006
0.435025322721,0.125359332182
0.419585865631,0.126179907974
0.404145346725,0.126811386381
0.388703766003,0.127253767403
0.373261123465,0.127507051041
0.357817419111,0.127571237294
0.342372652941,0.127446326163
0.327078588687,0.127162929696
0.312086990081,0.126751659941
0.297397857125,0.126212516898
0.283011189816,0.125545500567
0.268926988156,0.124750610948
0.255145252145,0.123827848042
0.241665981782,0.122777211848
0.228489177068,0.121598702366
0.215614838002,0.120292319596
0.203042964585,0.118858063538
0.190773556816,0.117295934193
0.178806614696,0.115605931559
0.167142138224,0.113788055638
0.155780127401,0.111842306429
0.144720582226,0.109768683933
0.1339635027,0.107567188148
0.123508888822,0.105237819076
0.113356740593,0.102780576716
0.103507058012,0.100195461068
0.0939598410799,0.097482472132
0.0847987565746,0.094683917896
0.0761074712747,0.0918421063474
0.0678859851803,0.0889570374861
0.0601342982912,0.0860287113122
0.0528524106075,0.0830571278256
0.0460403221292,0.0800422870264
0.0396980328563,0.0769841889146
0.0338255427888,0.0738828334901
0.0284228519267,0.070738220753
0.02348996027,0.0675503507032
0.0190268678187,0.0643192233408
0.0150335745728,0.0610448386657
0.0115100805323,0.057727196678
0.00845638569719,0.0543662973777
0.0058724900675,0.0509621407647
0.0037583936432,0.0475147268391
0.0021140964243,0.0440240556009
0.000939598410799,0.04049012705
0.0002348996027,0.0369129411865
0.0,0.0332924980103
0.000247331001969,0.0296478667231
0.000989324007877,0.0259981165267
0.00222597901772,0.022343247421
0.00395729603151,0.018683259406
0.00618327504923,0.0150181524817
0.00890391607089,0.0113479266481
0.0121192190965,0.00767258190519
0.015829184126,0.00399211825302
0.0200338111595,0.000306535691551
0.0247331001969,-0.0033841657792
0.0299270512383,-0.00707998615925
0.0356156642836,-0.0107809254486
0.0417989393328,-0.0144869836472
0.048476876386,-0.0181981607551
0.0556494754431,-0.0219144567723
0.0633167365041,-0.0256358716988
0.0714786595691,-0.0293624055346
0.080135244638,-0.0330940582797
0.0892864917109,-0.0368308299341
0.0989324007877,-0.0405727204977
0.108955747263,-0.0442102216409
0.119239306533,-0.0476338250339
0.129783078596,-0.0508435306765
0.140587063453,-0.053839338569
0.151651261105,-0.0566212487112
0.162975671549,-0.0591892611031
0.174560294788,-0.0615433757448
0.186405130821,-0.0636835926363
0.198510179647,-0.0656099117775
0.210875441268,-0.0673223331684
0.223500915682,-0.0688208568092
0.23638660289,-0.0701054826996
0.249532502892,-0.0711762108398
0.262938615687,-0.0720330412298
0.276604941277,-0.0726759738695
0.29053147966,-0.073105008759
0.304718230838,-0.0733201458983
0.319165194809,-0.0733213852872
0.333872371574,-0.073108726926
0.348839761132,-0.0726821708145
0.363957533635,-0.0721059293785
0.379115859233,-0.0714442150437
0.394314737925,-0.0706970278103
0.409554169711,-0.0698643676781
0.424834154592,-0.0689462346471
0.440154692567,-0.0679426287174
0.455515783637,-0.066853549889
0.470917427802,-0.0656789981619
0.486359625061,-0.064418973536
0.501842375414,-0.0630734760114
0.517365678862,-0.061642505588
0.532929535404,-0.0601260622659
0.548533945041,-0.0585241460451
0.564178907772,-0.0568367569256
0.579864423598,-0.0550638949073
0.595590492519,-0.0532055599902
0.611357114533,-0.0512617521745
0.627164289643,-0.04923247146
0.643012017846,-0.0471177178467
0.658900299145,-0.0449174913348
0.67486617835,-0.0426743827931
0.690946700275,-0.040430983091
0.70714186492,-0.0381872922283
0.723451672285,-0.0359433102051
0.739876122369,-0.0336990370213
0.756415215173,-0.031454472677
0.773068950697,-0.0292096171721
0.78983732894,-0.0269644705068
0.806720349903,-0.0247190326808
0.823718013586,-0.0224733036944
0.840830319989,-0.0202272835474
0.858057269111,-0.0179809722398
0.875398860953,-0.0157343697717
0.892855095515,-0.0134874761431
0.910425972797,-0.0112402913539
0.928111492798,-0.00899281540422
0.945911655519,-0.00674504829398
0.963826460959,-0.00449699002319
0.98185590912,-0.00224864059187
1.0,0.0
