1.0,0.0
0.980330969158,0.00563814307187
0.960848186233,0.0111738357376
0.941551651224,0.0166070779973
0.922441364132,0.0219378698509
0.903517324957,0.0271662112983
0.884779533698,0.0322921023397
0.866227990356,0.0373155429749
0.84786269493,0.042236533204
0.829683647421,0.0470550730271
0.811690847829,0.051771162444
0.793884296153,0.0563848014548
0.776263992393,0.0608959900595
0.758829936551,0.0653047282581
0.741582128624,0.0696110160507
0.724520568615,0.0738148534371
0.707645256522,0.0779162404174
0.690956192345,0.0819151769915
0.674453376086,0.0858116631596
0.658136807742,0.0896056989216
0.642006487316,0.0932972842775
0.626020172784,0.0968399920499
0.610135622126,0.100187395062
0.594352835342,0.103339493312
0.578671812431,0.106296286803
0.563092553394,0.109057775532
0.547615058231,0.1116239595
0.532239326941,0.113994838708
0.516965359525,0.116170413155
0.501793155982,0.118150682841
0.486722716313,0.119935647767
0.471754040518,0.121525307932
0.456887128596,0.122919663335
0.442121980548,0.124118713978
0.427458596374,0.125122459861
0.412896976073,0.125930900982
0.398437119646,0.126544037343
0.384079027092,0.126961868943
0.369822698413,0.127184395782
0.355668133606,0.127211617861
0.341615332674,0.127043535178
0.327711466474,0.126714129997
0.314003705868,0.126257384577
0.300492050855,0.12567329892
0.287176501434,0.124961873024
0.274057057607,0.124123106891
0.261133719373,0.123157000519
0.248406486732,0.12206355391
0.235875359683,0.120842767063
0.223540338228,0.119494639978
0.211401422366,0.118019172655
0.199458612096,0.116416365094
0.18771190742,0.114686217295
0.176161308337,0.112828729258
0.164806814847,0.110843900984
0.153648426949,0.108731732471
0.142686144645,0.10649222372
0.131919967934,0.104125374732
0.121349896815,0.101631185505
0.11097593129,0.0990096560411
0.100798071358,0.0962607863389
0.0909702594004,0.0934239761054
0.0816464377998,0.0905386250473
0.072826606556,0.0876047331646
0.064510765669,0.0846223004573
0.0566989151388,0.0815913269255
0.0493910549653,0.078511812569
0.0425871851487,0.075383757388
0.0362873056888,0.0722071613824
0.0304914165857,0.0689820245521
0.0251995178395,0.0657083468973
0.02041160945,0.062386128418
0.0161276914173,0.059015369114
0.0123477637413,0.0555960689854
0.0090718264222,0.0521282280323
0.00629987945986,0.0486118462545
0.00403192285431,0.0450469236522
0.00226795660555,0.0414334602253
0.00100798071358,0.0377714559738
0.000251995178395,0.0340609108977
0.0,0.030301824997
0.0002345179529,0.0265232656126
0.000938071811599,0.0227543000851
0.0021106615761,0.0189949284147
0.00375228724639,0.0152451506013
0.00586294882249,0.0115049666449
0.00844264630439,0.00777437654559
0.0114913796921,0.00405338030326
0.0150091489856,0.000341977917944
0.0189959541849,-0.00335983061035
0.02345179529,-0.00705204528162
0.0283766723009,-0.0107346660959
0.0337705852175,-0.0144076930531
0.03963353404,-0.0180711261533
0.0459655187683,-0.0217249653965
0.0527665394024,-0.0253692107827
0.0600365959423,-0.0290038623118
0.067775688388,-0.0326289199839
0.0759838167395,-0.036244383799
0.0846609809968,-0.0398502537571
0.0938071811599,-0.0434465298582
0.103335241747,-0.0469336532891
0.113157987276,-0.0502120652366
0.123275417746,-0.0532817657008
0.133687533159,-0.0561427546816
0.144394333513,-0.058795032179
0.155395818809,-0.0612385981931
0.166691989047,-0.0634734527239
0.178282844227,-0.0654995957713
0.190168384349,-0.0673170273353
0.202348609413,-0.068925747416
0.214823519419,-0.0703257560133
0.227593114366,-0.0715170531273
0.240657394255,-0.0724996387579
0.254016359087,-0.0732735129052
0.26767000886,-0.0738386755691
0.281618343575,-0.0741951267497
0.295861363231,-0.0743428664469
0.31039906783,-0.0742818946607
0.325231457371,-0.0740122113912
0.340358531853,-0.0735338166384
0.355643031624,-0.0729107566577
0.370947697031,-0.0722070777048
0.386272528074,-0.0714227797797
0.401617524753,-0.0705578628824
0.416982687068,-0.0696123270128
0.432368015019,-0.0685861721711
0.447773508605,-0.067479398357
0.463199167828,-0.0662920055708
0.478644992686,-0.0650239938123
0.49411098318,-0.0636753630816
0.50959713931,-0.0622461133787
0.525103461076,-0.0607362447035
0.540629948477,-0.0591457570562
0.556176601515,-0.0574746504366
0.571743420188,-0.0557229248447
0.587330404498,-0.0538905802807
0.602937554443,-0.0519776167444
0.618564870024,-0.0499840342358
0.634212351241,-0.0479098327551
0.649879998094,-0.0457550123021
0.665649141286,-0.0435552513292
0.68160111152,-0.0413462282887
0.697735908797,-0.0391279431806
0.714053533116,-0.0369003960049
0.730553984478,-0.0346635867616
0.747237262883,-0.0324175154507
0.764103368329,-0.0301621820722
0.781152300818,-0.0278975866261
0.79838406035,-0.0256237291124
0.815798646924,-0.0233406095311
0.833396060541,-0.0210482278822
0.8511763012,-0.0187465841657
0.869139368901,-0.0164356783816
0.887285263645,-0.0141155105299
0.905613985431,-0.0117860806106
0.92412553426,-0.00944738862367
0.942819910131,-0.00709943456916
0.961697113045,-0.00474221844704
0.980757143001,-0.00237574025732
1.0,0.0
