1.0,0.0
0.988946760489,0.00687056980404
0.97743915687,0.0135287279115
0.965477189144,0.0199744743223
0.953060857311,0.0262078090366
0.940190161371,0.0322287320543
0.926865101324,0.0380372433754
0.913085677169,0.0436333429999
0.898851888907,0.0490170309278
0.884163736537,0.0541883071591
0.86902122006,0.0591471716938
0.853424339477,0.0638936245319
0.837373094785,0.0684276656735
0.820867485987,0.0727492951184
0.803907513081,0.0768585128668
0.786493176068,0.0807553189186
0.768624474948,0.0844397132738
0.75030140972,0.0879116959324
0.731523980385,0.0911712668944
0.712292186943,0.0942184261598
0.692606029394,0.0970531737286
0.672808161375,0.0997256063105
0.653241236526,0.102285820615
0.633905254846,0.104733816642
0.614800216334,0.107069594392
0.595926120992,0.109293153865
0.577282968819,0.11140449506
0.558870759815,0.113403617978
0.54068949398,0.115290522619
0.522739171314,0.117065208982
0.505019791817,0.118727677068
0.487531355489,0.120277926877
0.470273862331,0.121715958408
0.453247312341,0.123041771662
0.43645170552,0.124255366639
0.419887041869,0.125356743338
0.403553321386,0.12634590176
0.387450544073,0.127222841905
0.371578709928,0.127987563773
0.355937818953,0.128640067363
0.340527871147,0.129180352676
0.325381277944,0.129561309314
0.310530450781,0.129735826879
0.295975389656,0.129703905371
0.28171609457,0.129465544791
0.267752565523,0.129020745139
0.254084802514,0.128369506413
0.240712805544,0.127511828615
0.227636574614,0.126447711745
0.214856109721,0.125177155802
0.202371410868,0.123700160786
0.190182478053,0.122016726697
0.178289311277,0.120126853536
0.16669191054,0.118030541302
0.155390275841,0.115727789996
0.144384407182,0.113218599617
0.133674304561,0.110502970165
0.123259967979,0.107580901641
0.113141397435,0.104452394044
0.103318592931,0.101117447374
0.0937915544649,0.0975760616319
0.0846468779045,0.0939327081927
0.0759711591165,0.0902918584324
0.0677643981009,0.0866535123509
0.0600265948575,0.0830176699483
0.0527577493865,0.0793843312245
0.0459578616878,0.0757534961795
0.0396269317614,0.0721251648134
0.0337649596074,0.0684993371261
0.0283719452256,0.0648760131176
0.0234478886162,0.061255192788
0.0189927897791,0.0576368761372
0.0150066487144,0.0540210631653
0.0114894654219,0.0504077538721
0.00844123990184,0.0467969482579
0.00586197215405,0.0431886463224
0.00375166217859,0.0395828480658
0.00211030997546,0.035979553488
0.000937915544649,0.0323787625891
0.000234478886162,0.028780475369
0.0,0.0251846918277
0.000227945659522,0.0215977785749
0.000911782638086,0.0180261022202
0.00205151093569,0.0144696627636
0.00364713055234,0.0109284602051
0.00569864148804,0.00740249454472
0.00820604374278,0.00389176578242
0.0111693373166,0.000396273918231
0.0145885222094,-0.00308398104786
0.0184635984212,-0.00654899911585
0.0227945659522,-0.00999878028573
0.0275814248021,-0.0134333245575
0.0328241749711,-0.0168526319312
0.0385228164591,-0.0202567024068
0.0446773492662,-0.0236455359843
0.0512877733923,-0.0270191326636
0.0583540888375,-0.0303774924449
0.0658762956017,-0.0337206153281
0.073854393685,-0.0370485013132
0.0822883830873,-0.0403611504001
0.0911782638086,-0.043658562589
0.100451004003,-0.0468471205381
0.110033571824,-0.0498332069059
0.119925967271,-0.0526168216924
0.130128190345,-0.0551979648974
0.140640241046,-0.0575766365211
0.151462119373,-0.0597528365635
0.162593825327,-0.0617265650245
0.174035358907,-0.0634978219041
0.185786720115,-0.0650666072024
0.197847908948,-0.0664329209194
0.210218925409,-0.0675967630549
0.222899769496,-0.0685581336092
0.235890441209,-0.069317032582
0.24919094055,-0.0698734599735
0.262801267517,-0.0702274157837
0.27672142211,-0.0703789000124
0.29095140433,-0.0703279126599
0.305491214177,-0.070074453726
0.32034085165,-0.0696185232107
0.33550031675,-0.068960121114
0.350881908254,-0.068188055518
0.366397924938,-0.0673911345044
0.382048366802,-0.0665693580733
0.397833233847,-0.0657227262247
0.413752526072,-0.0648512389586
0.429806243477,-0.063954896275
0.445994386063,-0.0630336981739
0.462316953829,-0.0620876446553
0.478773946776,-0.0611167357192
0.495365364903,-0.0601209713655
0.512091208211,-0.0591003515944
0.528951476698,-0.0580548764058
0.545946170367,-0.0569845457996
0.563075289215,-0.055889359776
0.580338833244,-0.0547693183348
0.597736802453,-0.0536244214761
0.615269196843,-0.0524546692
0.632936016413,-0.0512600615063
0.650737261164,-0.0500405983951
0.668672931095,-0.0487962798664
0.686603987162,-0.0474803802412
0.704391390322,-0.0460461738403
0.722035140574,-0.0444936606639
0.739535237919,-0.0428228407119
0.756891682356,-0.0410337139843
0.774104473885,-0.0391262804812
0.791173612507,-0.0371005402024
0.808099098221,-0.034956493148
0.824880931028,-0.0326941393181
0.841519110927,-0.0303134787126
0.858013637918,-0.0278145113315
0.874364512002,-0.0251972371748
0.890571733178,-0.0224616562425
0.906635301447,-0.0196077685346
0.922555216808,-0.0166355740511
0.938331479262,-0.0135450727921
0.953964088808,-0.0103362647574
0.969453045446,-0.00700914994721
0.984798349177,-0.0035637283614
1.0,0.0
