1.0,0.0
0.989002745569,0.0070228355976
0.977538230001,0.0138196957351
0.965606453295,0.0203905804125
0.953207415452,0.0267354896299
0.940341116471,0.0328544233871
0.927007556354,0.0387473816842
0.913206735098,0.0444143645213
0.898938652706,0.0498553718983
0.884203309176,0.0550704038152
0.869000704508,0.060059460272
0.853330838703,0.0648225412687
0.837193711761,0.0693596468053
0.820589323682,0.0736707768818
0.803517674465,0.0777559314983
0.78597876411,0.0816151106546
0.767972592618,0.0852483143509
0.749499159989,0.088655542587
0.730558466223,0.0918367953631
0.711150511319,0.0947920726791
0.691275295277,0.097521374535
0.671295848448,0.100083552605
0.65157520118,0.102537458565
0.632113353474,0.104883092413
0.612910305328,0.10712045415
0.593966056745,0.109249543776
0.575280607722,0.111270361291
0.556853958261,0.113182906695
0.538686108361,0.114987179988
0.520777058023,0.11668318117
0.503126807246,0.118270910241
0.485735356031,0.119750367201
0.468602704377,0.12112155205
0.451728852284,0.122384464788
0.435113799752,0.123539105415
0.418757546782,0.12458547393
0.402660093374,0.125523570335
0.386821439527,0.126353394629
0.371241585241,0.127074946811
0.355920530516,0.127688226883
0.340858275353,0.128193234843
0.326059329203,0.128544111233
0.311528201519,0.128694996593
0.2972648923,0.128645890923
0.283269401546,0.128396794223
0.269541729257,0.127947706494
0.256081875434,0.127298627734
0.242889840076,0.126449557944
0.229965623184,0.125400497124
0.217309224756,0.124151445275
0.204920644794,0.122702402395
0.192799883297,0.121053368486
0.180946940266,0.119204343546
0.1693618157,0.117155327577
0.158044509599,0.114906320577
0.146995021963,0.112457322548
0.136213352793,0.109808333489
0.125699502088,0.1069593534
0.115453469848,0.10391038228
0.105475256074,0.100661420131
0.0957648607647,0.0972124669521
0.0864277868401,0.0936606951513
0.0775695372194,0.0901032771367
0.0691901119025,0.0865402129085
0.0612895108894,0.0829715024667
0.0538677341801,0.0793971458112
0.0469247817747,0.0758171429421
0.0404606536731,0.0722314938593
0.0344753498753,0.0686401985628
0.0289688703813,0.0650432570528
0.0239412151912,0.061440669329
0.0193923843048,0.0578324353916
0.0153223777223,0.0542185552406
0.0117311954437,0.0505990288759
0.00861883746882,0.0469738562976
0.00598530379779,0.0433430375056
0.00383059443059,0.0397065725
0.00215470936721,0.0360644612807
0.000957648607647,0.0324167038478
0.000239412151912,0.0287633002012
0.0,0.0251042503409
0.000213215790505,0.0214520470285
0.000852863162021,0.0178191830252
0.00191894211455,0.0142056583311
0.00341145264808,0.0106114729462
0.00533039476263,0.00703662687053
0.00767576845819,0.00348112010401
0.0104475737348,-5.50473533103e-05
0.0136458105923,-0.00357187550144
0.0172704790309,-0.00706936434039
0.0213215790505,-0.0105475138701
0.0257991106511,-0.0140063240907
0.0307030738327,-0.0174457950021
0.0360334685954,-0.0208659266043
0.041790294939,-0.0242667188973
0.0479735528637,-0.0276481718811
0.0545832423693,-0.0310102855557
0.061619363456,-0.0343530599211
0.0690819161237,-0.0376764949773
0.0769709003724,-0.0409805907244
0.0852863162021,-0.0442653471622
0.0940109846601,-0.0474369360237
0.103127726794,-0.0504015290415
0.112636542603,-0.0531591262157
0.122537432088,-0.0557097275462
0.132830395249,-0.0580533330331
0.143515432085,-0.0601899426764
0.154592542597,-0.062119556476
0.166061726784,-0.063842174432
0.177922984647,-0.0653577965444
0.190176316186,-0.0666664228131
0.202821721401,-0.0677680532382
0.215859200291,-0.0686626878197
0.229288752856,-0.0693503265575
0.243110379098,-0.0698309694517
0.257324079015,-0.0701046165023
0.271929852607,-0.0701712677093
0.286927699876,-0.0700309230726
0.302317620819,-0.0696835825922
0.318099615439,-0.0691292462683
0.334273683734,-0.0683679141007
0.35066643628,-0.067494393908
0.367104483652,-0.0666034935088
0.383587825851,-0.0656952129031
0.400116462875,-0.0647695520908
0.416690394726,-0.0638265110721
0.433309621402,-0.0628660898468
0.449974142905,-0.061888288415
0.466683959234,-0.0608931067767
0.483439070389,-0.0598805449318
0.50023947637,-0.0588506028805
0.517085177178,-0.0578032806226
0.533976172811,-0.0567385781582
0.550912463271,-0.0556564954873
0.567894048556,-0.0545570326098
0.584920928668,-0.0534401895259
0.601993103606,-0.0523059662354
0.61911057337,-0.0511543627384
0.63627333796,-0.0499853790349
0.653481397376,-0.0487990151248
0.670734751619,-0.0475952710082
0.687970116313,-0.0463244703219
0.705124207083,-0.0449369367025
0.722197023929,-0.04343267015
0.739188566852,-0.0418116706645
0.756098835851,-0.0400739382459
0.772927830926,-0.0382194728942
0.789675552078,-0.0362482746095
0.806341999306,-0.0341603433918
0.822927172611,-0.0319556792409
0.839431071992,-0.0296342821571
0.855853697449,-0.0271961521401
0.872195048982,-0.0246412891901
0.888455126592,-0.0219696933071
0.904633930279,-0.0191813644909
0.920731460041,-0.0162763027418
0.93674771588,-0.0132545080595
0.952682697796,-0.0101159804442
0.968536405787,-0.00686071989588
0.984308839856,-0.00348872641447
1.0,0.0
