1.0,0.0
0.989630966275,0.00705530376383
0.978699756267,0.0138757815955
0.967206369976,0.0204614334951
0.955150807404,0.0268122594625
0.942533068549,0.0329282594978
0.929353153411,0.0388094336009
0.915611061991,0.0444557817719
0.901306794289,0.0498673040107
0.886440350304,0.0550440003174
0.871011730037,0.059985870692
0.855020933487,0.0646929151344
0.838467960655,0.0691651336447
0.82135281154,0.0734025262228
0.803675486143,0.0774050928688
0.785435984464,0.0811728335827
0.766634306502,0.0847057483644
0.747270452258,0.088003837214
0.727344421731,0.0910671001314
0.706856214922,0.0938955371167
0.685805831831,0.0964891481698
0.66466313637,0.0989311299647
0.643897992454,0.101304679175
0.623510400082,0.103609795801
0.603500359255,0.105846479843
0.583867869972,0.1080147313
0.564612932234,0.110114550172
0.54573554604,0.112145936461
0.52723571139,0.114108890165
0.509113428285,0.116003411284
0.491368696724,0.117829499819
0.474001516708,0.119587155769
0.457011888235,0.121276379136
0.440399811308,0.122897169917
0.424165285925,0.124449528114
0.408308312086,0.125933453727
0.392828889791,0.127348946755
0.377727019041,0.128696007199
0.363002699836,0.129974635059
0.348655932175,0.131184830334
0.334686716058,0.132326593025
0.321004683831,0.13330480911
0.30751946784,0.134024364569
0.294231068085,0.134485259401
0.281139484565,0.134687493607
0.268244717281,0.134631067187
0.255546766233,0.134315980141
0.243045631421,0.133742232468
0.230741312844,0.132909824168
0.218633810503,0.131818755243
0.206723124397,0.130469025691
0.195009254528,0.128860635513
0.183492200893,0.126993584708
0.172171963495,0.124867873277
0.161048542332,0.12248350122
0.150121937406,0.119840468536
0.139392148714,0.116938775226
0.128859176259,0.113778421289
0.118523020039,0.110359406727
0.108383680055,0.106681731537
0.0984411563062,0.102745395722
0.0888431435663,0.0986854299361
0.079737336608,0.0946368648357
0.0711237354312,0.0905997004208
0.063002340036,0.0865739366913
0.0553731504222,0.0825595736474
0.04823616659,0.0785566112889
0.0415913885394,0.074565049616
0.0354388162702,0.0705848886285
0.0297784497826,0.0666161283265
0.0246102890765,0.06265876871
0.019934334152,0.058712809779
0.015750585009,0.0547782515335
0.0120590416475,0.0508550939735
0.00885970406756,0.0469433370989
0.00615257226914,0.0430429809099
0.00393764625225,0.0391540254063
0.00221492601689,0.0352764705883
0.000984411563062,0.0314103164557
0.000246102890765,0.0275555630086
0.0,0.023712210247
0.00019894067646,0.0199004862101
0.000795762705842,0.0161406189369
0.00179046608814,0.0124326084276
0.00318305082337,0.00877645468207
0.00497351691151,0.00517215770035
0.00716186435258,0.00161971748245
0.00974809314656,-0.00188086597165
0.0127322032935,-0.00532959266194
0.0161141947933,-0.00872646258842
0.019894067646,-0.0120714757511
0.0240718218517,-0.01536463215
0.0286474574103,-0.018605931785
0.0336209743218,-0.0217953746563
0.0389923725862,-0.0249329607637
0.0447616522036,-0.0280186901073
0.0509288131739,-0.0310525626871
0.0574938554971,-0.0340345785031
0.0644567791732,-0.0369647375554
0.0718175842022,-0.0398430398437
0.0795762705842,-0.0426694853683
0.0878160200689,-0.0453862017198
0.0966200144061,-0.0479353164888
0.105988253596,-0.0503168296753
0.115920737638,-0.0525307412794
0.126417466533,-0.054577051301
0.137478440281,-0.0564557597401
0.149103658881,-0.0581668665968
0.161293122333,-0.059710371871
0.174046830639,-0.0610862755628
0.187364783796,-0.0622945776721
0.201246981806,-0.063335278199
0.215693424669,-0.0642083771434
0.230704112385,-0.0649138745053
0.246279044953,-0.0654517702848
0.262418222373,-0.0658220644818
0.279121644646,-0.0660247570963
0.296389311772,-0.0660598481284
0.31422122375,-0.065927337578
0.332617380581,-0.0656272254452
0.351577782264,-0.0651595117299
0.370727740232,-0.0645971236437
0.389692565916,-0.0640129883982
0.408472259317,-0.0634071059934
0.427066820434,-0.0627794764293
0.445476249267,-0.0621300997058
0.463700545817,-0.0614589758231
0.481739710083,-0.060766104781
0.499593742066,-0.0600514865796
0.517262641765,-0.0593151212189
0.534746409181,-0.0585570086988
0.552045044313,-0.0577771490195
0.569158547162,-0.0569755421808
0.586086917726,-0.0561521881828
0.602830156008,-0.0553070870255
0.619388262006,-0.0544402387089
0.63576123572,-0.053551643233
0.65194907715,-0.0526413005978
0.667951786297,-0.0517092108032
0.683769363161,-0.0507553738493
0.699401807741,-0.0497797897361
0.714916187738,-0.0487182054536
0.730379570852,-0.0475063679916
0.745791957084,-0.0461442773503
0.761153346433,-0.0446319335295
0.7764637389,-0.0429693365294
0.791723134484,-0.0411564863499
0.806931533186,-0.039193382991
0.822088935005,-0.0370800264526
0.837195339942,-0.0348164167349
0.852250747996,-0.0324025538378
0.867255159168,-0.0298384377613
0.882208573457,-0.0271240685054
0.897110990864,-0.0242594460701
0.911962411388,-0.0212445704554
0.926762835029,-0.0180794416613
0.941512261789,-0.0147640596879
0.956210691665,-0.011298424535
0.970858124659,-0.00768253620272
0.985454560771,-0.00391639469106
1.0,0.0
