1.0,0.0
0.989410273895,0.00698691398047
0.978288762364,0.0137439085795
0.966635465406,0.0202709837972
0.954450383023,0.0265681396335
0.941733515213,0.0326353760883
0.928484861978,0.0384726931617
0.914704423316,0.0440800908538
0.900392199228,0.0494575691644
0.885548189714,0.0546051280936
0.870172394773,0.0595227676414
0.854264814407,0.0642104878078
0.837825448614,0.0686682885928
0.820854297396,0.0728961699964
0.803351360751,0.0768941320186
0.78531663868,0.0806621746594
0.766750131183,0.0842002979188
0.74765183826,0.0875085017967
0.728021759911,0.0905867862933
0.707859896135,0.0934351514084
0.687166246934,0.0960535971422
0.666388584179,0.0985206330959
0.645974679744,0.100914768871
0.625924533629,0.103236004468
0.606238145834,0.105484339886
0.586915516358,0.107659775125
0.567956645202,0.109762310186
0.549361532366,0.111791945069
0.53113017785,0.113748679773
0.513262581654,0.115632514298
0.495758743777,0.117443448645
0.47861866422,0.119181482813
0.461842342983,0.120846616802
0.445429780066,0.122438850613
0.429380975469,0.123958184246
0.413695929191,0.1254046177
0.398374641234,0.126778150975
0.383417111596,0.128078784072
0.368823340277,0.12930651699
0.354593327279,0.13046134973
0.3407270726,0.131543282291
0.327129952323,0.13246083645
0.313707342528,0.133122533985
0.300459243215,0.133528374894
0.287385654385,0.133678359179
0.274486576037,0.133572486839
0.261762008171,0.133210757874
0.249211950788,0.132593172284
0.236836403888,0.131719730069
0.224635367469,0.130590431229
0.212608841533,0.129205275765
0.20075682608,0.127564263675
0.189079321109,0.125667394961
0.17757632662,0.123514669622
0.166247842614,0.121106087657
0.15509386909,0.118441649068
0.144114406049,0.115521353855
0.133309453489,0.112345202016
0.122679011413,0.108913193552
0.112223079819,0.105225328463
0.101941658707,0.10128160675
0.0920023469827,0.0972189453799
0.0825727435524,0.0931742613211
0.0736528484155,0.0891475545737
0.0652426615723,0.0851388251377
0.0573421830225,0.0811480730131
0.0499514127663,0.0771752981999
0.0430703508036,0.0732205006981
0.0366989971344,0.0692836805076
0.0308373517588,0.0653648376286
0.0254854146767,0.061463972061
0.0206431858881,0.0575810838047
0.0163106653931,0.0537161728599
0.0124878531916,0.0498692392264
0.0091747492836,0.0460402829044
0.00637135366917,0.0422293038937
0.00407766634827,0.0384363021944
0.0022936873209,0.0346612778066
0.00101941658707,0.0309042307301
0.000254854146767,0.027165160965
0.0,0.0234440685113
0.000204193971155,0.0197531007995
0.000816775884621,0.0161044052602
0.0018377457404,0.0124979818933
0.00326710353848,0.00893383069888
0.00510484927888,0.00541195167689
0.00735098296159,0.00193234482735
0.0100055045866,-0.00150498984974
0.0130684141539,-0.00490005235438
0.0165397116636,-0.00825284268658
0.0204193971155,-0.0115633608463
0.0247074705098,-0.0148316068336
0.0294039318464,-0.0180575806485
0.0345087811252,-0.0212412822909
0.0400220183464,-0.0243827117609
0.0459436435099,-0.0274818690584
0.0522736566157,-0.0305387541834
0.0590120576639,-0.0335533671361
0.0661588466543,-0.0365257079162
0.073714023587,-0.039455776524
0.0816775884621,-0.0423435729592
0.0901282581176,-0.0451243830941
0.0991447493916,-0.0477334928006
0.108727062284,-0.0501709020787
0.118875196795,-0.0524366109284
0.129589152925,-0.0545306193497
0.140868930673,-0.0564529273426
0.15271453004,-0.0582035349072
0.165125951025,-0.0597824420433
0.178103193628,-0.0611896487511
0.191646257851,-0.0624251550305
0.205755143691,-0.0634889608815
0.220429851151,-0.0643810663041
0.235670380229,-0.0651014712983
0.251476730925,-0.0656501758641
0.26784890324,-0.0660271800016
0.284786897173,-0.0662324837106
0.302290712725,-0.0662660869913
0.320360349896,-0.0661279898436
0.338995808685,-0.0658181922675
0.358197089092,-0.065336694263
0.377572065857,-0.0647596930116
0.396728613717,-0.0641633856948
0.415666732673,-0.0635477723126
0.434386422724,-0.062912852865
0.45288768387,-0.062258627352
0.471170516112,-0.0615850957735
0.48923491945,-0.0608922581297
0.507080893883,-0.0601801144204
0.524708439412,-0.0594486646457
0.542117556036,-0.0586979088057
0.559308243756,-0.0579278469002
0.576280502571,-0.0571384789292
0.593034332482,-0.0563298048929
0.609569733488,-0.0555018247912
0.62588670559,-0.054654538624
0.641985248787,-0.0537879463915
0.65786536308,-0.0529020480935
0.673527048468,-0.0519968437301
0.688970304952,-0.0510723333013
0.704195132532,-0.0501285168071
0.719294477171,-0.0490973994645
0.734361284835,-0.0479109864906
0.749395555524,-0.0465692778853
0.764397289237,-0.0450722736487
0.779366485975,-0.0434199737807
0.794303145738,-0.0416123782814
0.809207268525,-0.0396494871508
0.824078854337,-0.0375313003888
0.838917903173,-0.0352578179954
0.853724415034,-0.0328290399708
0.86849838992,-0.0302449663147
0.88323982783,-0.0275055970274
0.897948728765,-0.0246109321086
0.912625092725,-0.0215609715586
0.927268919709,-0.0183557153772
0.941880209718,-0.0149951635644
0.956458962752,-0.0114793161203
0.97100517881,-0.00780817304491
0.985518857893,-0.00398173433813
1.0,0.0
