1.0,0.0
0.988814128205,0.00691691414738
0.977143006798,0.0136108301701
0.964986635778,0.0200817480682
0.952345015146,0.0263296678417
0.9392181449,0.0323545894906
0.925606025043,0.0381565130148
0.911508655572,0.0437354384144
0.89692603649,0.0490913656894
0.881858167794,0.0542242948397
0.866305049486,0.0591342258654
0.850266681565,0.0638211587665
0.833743064032,0.0682850935429
0.816734196886,0.0725260301947
0.799240080127,0.0765439687219
0.781260713756,0.0803389091244
0.762796097772,0.0839108514023
0.743846232176,0.0872597955556
0.724411116967,0.0903857415843
0.704490752146,0.0932886894883
0.684085137712,0.0959686392677
0.663597902837,0.0984987383325
0.643432676696,0.100952134093
0.623589459287,0.103328826549
0.604068250611,0.105628815701
0.584869050667,0.107852101548
0.565991859456,0.10999868409
0.547436676977,0.112068563329
0.529203503231,0.114061739263
0.511292338218,0.115978211892
0.493703181937,0.117817981217
0.476436034389,0.119581047238
0.459490895573,0.121267409954
0.44286776549,0.122877069366
0.42656664414,0.124410025473
0.410587531522,0.125866278276
0.394930427637,0.127245827775
0.379595332485,0.128548673969
0.364582246065,0.129774816858
0.349891168377,0.130924256443
0.335522099423,0.131996992724
0.321427434632,0.132903228943
0.307559569437,0.133553168341
0.293918503837,0.13394681092
0.280504237833,0.134084156679
0.267316771425,0.133965205618
0.254356104612,0.133589957736
0.241622237395,0.132958413035
0.229115169774,0.132070571514
0.216834901748,0.130926433173
0.204781433317,0.129525998011
0.192954764482,0.12786926603
0.181354895243,0.125956237229
0.169981825599,0.123786911608
0.158835555551,0.121361289167
0.147916085098,0.118679369906
0.137223414241,0.115741153825
0.12675754298,0.112546640924
0.116518471314,0.109095831203
0.106506199244,0.105388724662
0.0967207267691,0.101425321301
0.0872904559091,0.0973450425686
0.078343788683,0.0932873099122
0.0698807250907,0.089252123332
0.0619012651322,0.0852394828282
0.0544054088076,0.0812493884007
0.0473931561169,0.0772818400494
0.0408645070599,0.0733368377745
0.0348194616369,0.0694143815759
0.0292580198477,0.0655144714535
0.0241801816923,0.0616371074075
0.0195859471707,0.0577822894377
0.0154753162831,0.0539500175443
0.0118482890292,0.0501402917271
0.00870486540922,0.0463531119863
0.00604504542307,0.0425884783217
0.00386882907076,0.0388463907335
0.0021762163523,0.0351268492215
0.000967207267691,0.0314298537859
0.000241801816923,0.0277554044265
0.0,0.0241035011435
0.000195762202355,0.0204821501811
0.00078304880942,0.0168993577838
0.0017618598212,0.0133551239516
0.00313219523768,0.00984944868454
0.00489405505888,0.00638233198253
0.00704743928478,0.00295377384561
0.0095923479154,-0.000436225726224
0.0125287809507,-0.00378766673297
0.0158567383908,-0.00710054917462
0.0195762202355,-0.0103748730512
0.023687226485,-0.0136106383627
0.0281897571391,-0.016807845109
0.033083812198,-0.0199664932903
0.0383693916616,-0.0230865829066
0.0440464955299,-0.0261681139577
0.0501151238029,-0.0292110864437
0.0565752764806,-0.0322155003646
0.0634269535631,-0.0351813557205
0.0706701550502,-0.0381086525113
0.078304880942,-0.0409973907369
0.0864058828648,-0.0437838283991
0.0950479124448,-0.0464042234993
0.104230969682,-0.0488585760376
0.113955054576,-0.0511468860139
0.124220167127,-0.0532691534283
0.135026307336,-0.0552253782807
0.146373475202,-0.0570155605712
0.158261670725,-0.0586397002998
0.170690893905,-0.0600977974664
0.183661144742,-0.061389852071
0.197172423236,-0.0625158641138
0.211224729388,-0.0634758335945
0.225818063196,-0.0642697605134
0.240952424662,-0.0648976448703
0.256627813785,-0.0653594866652
0.272844230565,-0.0656552858982
0.289601675002,-0.0657850425692
0.306900147097,-0.0657487566784
0.324739646848,-0.0655464282255
0.343120174257,-0.0651780572107
0.361742533135,-0.0647120160621
0.380307527294,-0.0642166772078
0.398815156734,-0.0636920406476
0.417265421455,-0.0631381063818
0.435658321457,-0.0625548744102
0.453993856741,-0.0619423447328
0.472272027306,-0.0613005173498
0.490492833152,-0.0606293922609
0.508656274279,-0.0599289694664
0.526762350687,-0.059199248966
0.544811062376,-0.05844023076
0.562802409347,-0.0576519148482
0.580736391599,-0.0568343012306
0.598613009131,-0.0559873899073
0.616432261945,-0.0551111808783
0.63419415004,-0.0542056741435
0.651898673417,-0.053270869703
0.669545832074,-0.0523067675567
0.687135626013,-0.0513133677047
0.704668055232,-0.050290670147
0.722034944612,-0.0491794643815
0.739128119029,-0.0479205399064
0.755947578483,-0.0465138967215
0.772493322976,-0.0449595348271
0.788765352507,-0.0432574542229
0.804763667075,-0.0414076549091
0.820488266681,-0.0394101368856
0.835939151325,-0.0372649001524
0.851116321006,-0.0349719447096
0.866019775726,-0.0325312705571
0.880649515483,-0.0299428776949
0.895005540278,-0.027206766123
0.909087850111,-0.0243229358415
0.922896444982,-0.0212913868503
0.93643132489,-0.0181121191494
0.949692489837,-0.0147851327389
0.962679939821,-0.0113104276187
0.975393674843,-0.00768800378879
0.987833694902,-0.00391786124923
1.0,0.0
