  
       XFOIL         Version 6.99
  
 Calculated polar for: G28A13                                          
  
 1 1 Reynolds number fixed          Mach number fixed         
  
 xtrf =   1.000 (top)        1.000 (bottom)  
 Mach =   0.000     Re =     0.200 e 6     Ncrit =   9.000
  
   alpha    CL        CD       CDp       CM     Top_Xtr  Bot_Xtr
  ------ -------- --------- --------- -------- -------- --------
 -13.000  -1.3071   0.02572   0.01943  -0.0116   1.0000   0.1971
 -12.750  -1.3133   0.02538   0.01908  -0.0058   1.0000   0.2128
 -12.500  -1.3135   0.02515   0.01880  -0.0011   1.0000   0.2249
 -12.250  -1.3097   0.02498   0.01848   0.0031   1.0000   0.2352
 -12.000  -1.3047   0.02491   0.01842   0.0070   1.0000   0.2431
 -11.750  -1.2981   0.02478   0.01811   0.0107   1.0000   0.2506
 -11.250  -1.2233   0.02588   0.01908   0.0064   0.9855   0.2685
 -11.000  -1.1882   0.02647   0.01965   0.0049   0.9799   0.2755
 -10.750  -1.1685   0.02643   0.01936   0.0062   0.9733   0.2816
 -10.500  -1.1302   0.02697   0.02001   0.0041   0.9693   0.2875
 -10.250  -1.1096   0.02701   0.02000   0.0054   0.9621   0.2926
 -10.000  -1.0826   0.02704   0.01979   0.0053   0.9573   0.2979
  -9.750  -1.0511   0.02712   0.01992   0.0045   0.9524   0.3021
  -9.500  -1.0265   0.02722   0.02004   0.0051   0.9460   0.3064
  -9.250  -0.9940   0.02742   0.02012   0.0041   0.9420   0.3122
  -9.000  -0.9756   0.02727   0.01982   0.0058   0.9349   0.3169
  -8.750  -0.9435   0.02750   0.02018   0.0050   0.9298   0.3218
  -8.500  -0.9072   0.02778   0.02041   0.0034   0.9263   0.3278
  -8.250  -0.8922   0.02757   0.02004   0.0057   0.9185   0.3319
  -8.000  -0.8621   0.02716   0.01955   0.0051   0.9136   0.3353
  -7.750  -0.8221   0.02695   0.01937   0.0027   0.9108   0.3385
  -7.250  -0.7730   0.02654   0.01885   0.0038   0.8981   0.3455
  -7.000  -0.7377   0.02631   0.01847   0.0024   0.8948   0.3500
  -6.750  -0.7059   0.02593   0.01802   0.0015   0.8907   0.3536
  -6.500  -0.6860   0.02560   0.01772   0.0029   0.8822   0.3565
  -6.250  -0.6482   0.02533   0.01745   0.0010   0.8790   0.3602
  -6.000  -0.6081   0.02504   0.01709  -0.0013   0.8768   0.3647
  -5.750  -0.5979   0.02489   0.01684   0.0021   0.8663   0.3683
  -5.500  -0.5622   0.02446   0.01635   0.0007   0.8627   0.3726
  -5.250  -0.5203   0.02402   0.01597  -0.0020   0.8606   0.3767
  -5.000  -0.4789   0.02364   0.01559  -0.0045   0.8585   0.3810
  -4.750  -0.4701   0.02352   0.01542  -0.0008   0.8468   0.3844
  -4.500  -0.4313   0.02313   0.01493  -0.0027   0.8443   0.3892
  -4.250  -0.3882   0.02250   0.01434  -0.0055   0.8426   0.3940
  -3.750  -0.3371   0.02192   0.01380  -0.0044   0.8283   0.4019
  -3.500  -0.2962   0.02140   0.01323  -0.0067   0.8264   0.4071
  -3.250  -0.2533   0.02076   0.01257  -0.0093   0.8250   0.4122
  -2.500  -0.1584   0.01942   0.01130  -0.0108   0.8092   0.4260
  -2.250  -0.1133   0.01872   0.01059  -0.0138   0.8079   0.4317
  -1.500  -0.0097   0.01731   0.00927  -0.0171   0.7913   0.4475
  -1.000   0.0548   0.01647   0.00854  -0.0184   0.7764   0.4585
  -0.750   0.1098   0.01581   0.00790  -0.0236   0.7729   0.4663
  -0.500   0.1269   0.01570   0.00779  -0.0213   0.7608   0.4714
  -0.250   0.1832   0.01506   0.00724  -0.0269   0.7552   0.4792
   0.000   0.2027   0.01495   0.00715  -0.0251   0.7426   0.4864
   0.250   0.2504   0.01453   0.00678  -0.0291   0.7337   0.4954
   0.500   0.2782   0.01435   0.00664  -0.0290   0.7212   0.5043
   0.750   0.3043   0.01422   0.00654  -0.0286   0.7082   0.5136
   1.000   0.3420   0.01401   0.00638  -0.0306   0.6965   0.5271
   1.250   0.3704   0.01386   0.00631  -0.0307   0.6837   0.5420
   1.500   0.3869   0.01377   0.00634  -0.0283   0.6699   0.5610
   1.750   0.4118   0.01360   0.00632  -0.0277   0.6575   0.5931
   2.000   0.4369   0.01325   0.00635  -0.0270   0.6452   0.6698
   2.250   0.5920   0.01401   0.00781  -0.0532   0.6247   0.8686
   2.500   0.6181   0.01449   0.00829  -0.0524   0.6105   0.8999
   2.750   0.6519   0.01506   0.00883  -0.0532   0.5961   0.9179
   3.000   0.7032   0.01569   0.00940  -0.0577   0.5810   0.9286
   3.250   0.7492   0.01622   0.00984  -0.0613   0.5672   0.9391
   3.500   0.7798   0.01664   0.01023  -0.0618   0.5537   0.9514
   3.750   0.8279   0.01702   0.01061  -0.0661   0.5391   0.9581
   4.000   0.8645   0.01739   0.01094  -0.0681   0.5263   0.9674
   4.250   0.9140   0.01770   0.01116  -0.0728   0.5117   0.9741
   4.500   0.9499   0.01791   0.01135  -0.0748   0.4966   0.9827
   4.750   0.9831   0.01802   0.01144  -0.0764   0.4798   0.9910
   5.000   1.0194   0.01808   0.01149  -0.0787   0.4637   0.9978
   5.250   1.0362   0.01824   0.01162  -0.0771   0.4517   1.0000
   5.500   1.0393   0.01843   0.01175  -0.0726   0.4415   1.0000
   5.750   1.0386   0.01860   0.01195  -0.0674   0.4310   1.0000
   6.000   1.0430   0.01884   0.01210  -0.0632   0.4207   1.0000
   6.250   1.0412   0.01902   0.01235  -0.0579   0.4101   1.0000
   6.500   1.0449   0.01928   0.01256  -0.0536   0.4003   1.0000
   6.750   1.0466   0.01952   0.01283  -0.0490   0.3904   1.0000
   7.000   1.0502   0.01981   0.01310  -0.0448   0.3809   1.0000
   7.250   1.0523   0.02010   0.01339  -0.0404   0.3709   1.0000
   7.500   1.0560   0.02042   0.01373  -0.0363   0.3615   1.0000
   7.750   1.0583   0.02078   0.01406  -0.0320   0.3513   1.0000
   8.000   1.0607   0.02114   0.01446  -0.0278   0.3406   1.0000
   8.250   1.0624   0.02158   0.01486  -0.0236   0.3299   1.0000
   8.500   1.0640   0.02203   0.01535  -0.0194   0.3180   1.0000
   8.750   1.0654   0.02255   0.01588  -0.0153   0.3052   1.0000
   9.000   1.0660   0.02315   0.01647  -0.0112   0.2921   1.0000
   9.250   1.0654   0.02386   0.01714  -0.0071   0.2770   1.0000
   9.500   1.0641   0.02468   0.01794  -0.0030   0.2593   1.0000
   9.750   1.0607   0.02568   0.01888   0.0011   0.2371   1.0000
  10.000   1.0520   0.02704   0.02011   0.0057   0.2088   1.0000
  10.250   1.0397   0.02878   0.02167   0.0103   0.1759   1.0000
  10.500   1.0255   0.03086   0.02353   0.0147   0.1464   1.0000
  10.750   1.0134   0.03302   0.02553   0.0186   0.1276   1.0000
  11.000   1.0041   0.03517   0.02760   0.0218   0.1151   1.0000
  11.250   0.9989   0.03719   0.02958   0.0244   0.1065   1.0000
  11.500   0.9930   0.03936   0.03173   0.0268   0.1005   1.0000
  11.750   0.9895   0.04148   0.03385   0.0288   0.0949   1.0000
  12.000   0.9846   0.04378   0.03612   0.0308   0.0909   1.0000
  12.250   0.9855   0.04573   0.03813   0.0322   0.0865   1.0000
  12.500   0.9839   0.04791   0.04027   0.0336   0.0833   1.0000
  12.750   0.9854   0.04987   0.04225   0.0349   0.0801   1.0000
  13.000   0.9879   0.05183   0.04425   0.0359   0.0766   1.0000
