1.0,0.0
0.982835175781,0.00579804951943
0.965639862517,0.0114725527176
0.948414060208,0.0170235095945
0.931157768854,0.0224509201502
0.913870988455,0.0277547843846
0.896553719011,0.0329351022977
0.879205960523,0.0379918738896
0.861827712989,0.0429250991602
0.84441897641,0.0477347781096
0.826979750786,0.0524209107377
0.809510036117,0.0569834970446
0.792009832403,0.0614225370302
0.774479139645,0.0657380306945
0.756917957841,0.0699299780376
0.739326286992,0.0739983790594
0.721704127098,0.07794323376
0.704051478159,0.0817645421393
0.686368340176,0.0854623041974
0.668654713147,0.0890365199342
0.650910597073,0.0924871893497
0.6332379755,0.0957887080882
0.615738831972,0.0989154717939
0.59841316649,0.101867480467
0.581260979054,0.104644734107
0.564282269664,0.107247232714
0.54747703832,0.109674976289
0.530845285021,0.11192796483
0.514387009768,0.114006198339
0.498102212561,0.115909676815
0.481990893399,0.117638400258
0.466053052284,0.119192368669
0.450288689214,0.120571582046
0.43469780419,0.121776040391
0.419280397212,0.122805743703
0.404036468279,0.123660691982
0.388966017393,0.124340885228
0.374069044552,0.124846323442
0.359345549757,0.125177006623
0.344795533007,0.125332934771
0.330418994304,0.125314107886
0.316252038368,0.12513923305
0.302330769923,0.124827017346
0.288655188968,0.124377460772
0.275225295504,0.123790563331
0.262041089529,0.12306632502
0.249102571045,0.122204745841
0.236409740051,0.121205825792
0.223962596548,0.120069564876
0.211761140535,0.11879596309
0.199805372012,0.117385020436
0.188095290979,0.115836736913
0.176630897437,0.114151112521
0.165412191385,0.11232814726
0.154439172823,0.110367841131
0.143711841752,0.108270194133
0.13323019817,0.106035206266
0.12299424208,0.10366287753
0.113003973479,0.101153207926
0.103259392369,0.0985061974532
0.0937604987487,0.0957218461114
0.0846188501207,0.0928507441076
0.0759460039864,0.0899434816483
0.0677419603459,0.0870000587336
0.0600067191992,0.0840204753634
0.0527402805461,0.0810047315378
0.0459426443869,0.0779528272568
0.0396138107213,0.0748647625203
0.0337537795495,0.0717405373283
0.0283625508715,0.068580151681
0.0234401246872,0.0653836055782
0.0189865009966,0.0621508990199
0.0150016797998,0.0588820320062
0.0114856610967,0.0555770045371
0.00843844488738,0.0522358166125
0.00586003117179,0.0488584682325
0.00375041994995,0.045444959397
0.00210961122185,0.0419952901061
0.000937604987487,0.0385094603597
0.000234401246872,0.0349874701579
0.0,0.0314293195007
0.000236089328874,0.0278467453278
0.000944357315498,0.0242514845788
0.00212480395987,0.0206435372539
0.00377742926199,0.017022903353
0.00590223322186,0.0133895828761
0.00849921583948,0.00974357582322
0.0115683771148,0.00608488219435
0.015109717048,0.00241350198948
0.0191232356388,-0.00127056479137
0.0236089328874,-0.00496731814821
0.0285668087938,-0.00867675808103
0.0339968633579,-0.0123988845899
0.0398990965798,-0.0161336976747
0.0462735084594,-0.0198811973354
0.0531200989968,-0.0236413835722
0.0604388681919,-0.027414256385
0.0682298160447,-0.0311998157738
0.0764929425553,-0.0349980617385
0.0852282477237,-0.0388089942792
0.0944357315498,-0.042632613396
0.104026184765,-0.0463443733637
0.113910398102,-0.0498197284577
0.12408837156,-0.0530586786778
0.134560105139,-0.056061224024
0.14532559884,-0.0588273644963
0.156384852661,-0.0613571000949
0.167737866604,-0.0636504308195
0.179384640668,-0.0657073566703
0.191325174853,-0.0675278776473
0.203559469159,-0.0691119937504
0.216087523587,-0.0704597049796
0.228909338135,-0.071571011335
0.242024912805,-0.0724459128165
0.255434247596,-0.0730844094242
0.269137342509,-0.073486501158
0.283134197542,-0.073652188018
0.297424812697,-0.0735814700041
0.312009187973,-0.0732743471164
0.32688732337,-0.0727308193548
0.342059218888,-0.0719508867193
0.357398221212,-0.0710245020381
0.372777677025,-0.070041618139
0.388197586328,-0.0690022350222
0.40365794912,-0.0679063526876
0.419158765402,-0.0667539711352
0.434700035174,-0.065545090365
0.450281758435,-0.0642797103771
0.465903935186,-0.0629578311713
0.481566565426,-0.0615794527478
0.497269649156,-0.0601445751065
0.513013186375,-0.0586531982475
0.528797177084,-0.0571053221706
0.544621621283,-0.055500946876
0.560486518971,-0.0538400723636
0.576391870149,-0.0521226986334
0.592337674816,-0.0503488256854
0.608323932973,-0.0485184535197
0.62435064462,-0.0466315821362
0.640417809756,-0.0446882115348
0.656525428381,-0.0426883417158
0.672705567912,-0.0406549074049
0.688990295764,-0.0386108433282
0.705379611937,-0.0365561494858
0.721873516432,-0.0344908258776
0.738472009247,-0.0324148725036
0.755175090383,-0.0303282893638
0.77198275984,-0.0282310764583
0.788895017619,-0.0261232337869
0.805911863718,-0.0240047613498
0.823033298138,-0.0218756591469
0.84025932088,-0.0197359271782
0.857589931942,-0.0175855654438
0.875025131326,-0.0154245739435
0.89256491903,-0.0132529526775
0.910209295056,-0.0110707016457
0.927958259403,-0.00887782084814
0.945811812071,-0.00667431028478
0.963769953059,-0.00446016995563
0.981832682369,-0.00223539986071
1.0,0.0
