1.0,0.0
0.983168896558,0.00580466568975
0.966319707444,0.0114821512648
0.949452432656,0.0170324567251
0.932567072197,0.0224555820707
0.915663626064,0.0277515273017
0.898742094259,0.0329202924179
0.881802476781,0.0379618774194
0.864844773631,0.0428762823062
0.847868984808,0.0476635070782
0.830875110313,0.0523235517356
0.813863150145,0.0568564162783
0.796833104304,0.0612621007062
0.77978497279,0.0655406050195
0.762718755604,0.069691929218
0.745634452746,0.0737160733018
0.728532064215,0.077613037271
0.711411590011,0.0813828211254
0.694273030134,0.0850254248651
0.677116384585,0.0885408484901
0.659941653363,0.0919290920003
0.642819784376,0.0951705373132
0.625821725531,0.0982455663459
0.608947476827,0.101154179099
0.592197038265,0.103896375571
0.575570409845,0.106472155763
0.559067591566,0.108881519675
0.542688583429,0.111124467307
0.526433385434,0.113200998659
0.51030199758,0.115111113731
0.494294419868,0.116854812523
0.478410652298,0.118432095034
0.46265069487,0.119842961266
0.447014547583,0.121087411217
0.431502210438,0.122165444888
0.416113683435,0.123077062279
0.400848966573,0.12382226339
0.385708059853,0.12440104822
0.370690963275,0.124813416771
0.355797676839,0.125059369041
0.341028200544,0.125138905031
0.32644587799,0.125059079155
0.312114052777,0.124826945824
0.298032724904,0.12444250504
0.284201894372,0.123905756802
0.27062156118,0.123216701111
0.257291725329,0.122375337965
0.244212386817,0.121381667366
0.231383545647,0.120235689313
0.218805201817,0.118937403807
0.206477355327,0.117486810846
0.194400006177,0.115883910432
0.182573154369,0.114128702565
0.1709967999,0.112221187243
0.159670942772,0.110161364468
0.148595582984,0.107949234239
0.137770720537,0.105584796556
0.12719635543,0.10306805142
0.116872487664,0.10039899883
0.106799117238,0.0975776387856
0.0969762441526,0.094603971288
0.0875210603477,0.0915393513567
0.0785507577636,0.088445134012
0.0700653364003,0.0853213192538
0.0620647962577,0.0821679070822
0.0545491373358,0.0789848974971
0.0475183596348,0.0757722904985
0.0409724631545,0.0725300860864
0.0349114478949,0.0692582842609
0.0293353138562,0.0659568850219
0.0242440610382,0.0626258883695
0.0196376894409,0.0592652943036
0.0155161990644,0.0558751028242
0.0118795899087,0.0524553139313
0.00872786197374,0.049005927625
0.00606101525954,0.0455269439053
0.0038790497661,0.042018362772
0.00218196549343,0.0384801842253
0.000969762441526,0.0349124082651
0.000242440610382,0.0313150348915
0.0,0.0276880641044
0.000251981557859,0.0240452570442
0.00100792623144,0.0204003748514
0.00226783402073,0.0167534175259
0.00403170492575,0.0131043850678
0.00629953894648,0.00945327747705
0.00907133608294,0.00580009475364
0.0123470963351,0.00214483689758
0.016126819703,-0.00151249609114
0.0204105061866,-0.0051719042125
0.0251981557859,-0.00883338746651
0.030489768501,-0.0124969458532
0.0362853443318,-0.0161625793725
0.0425848832782,-0.0198302880244
0.0493883853404,-0.0235000718091
0.0566958505184,-0.0271719307263
0.064507278812,-0.0308458647762
0.0728226702214,-0.0345218739588
0.0816420247464,-0.038199958274
0.0909653423872,-0.0418801177219
0.100792623144,-0.0455623523024
0.110983476031,-0.0491301437763
0.121397510064,-0.0524669739045
0.132034725243,-0.055572842687
0.142895121567,-0.0584477501237
0.153978699037,-0.0610916962146
0.165285457653,-0.0635046809598
0.176815397414,-0.0656867043592
0.188568518321,-0.0676377664128
0.200544820374,-0.0693578671208
0.212744303572,-0.0708470064829
0.225166967916,-0.0721051844993
0.237812813406,-0.0731324011699
0.250681840042,-0.0739286564948
0.263774047823,-0.074493950474
0.27708943675,-0.0748282831073
0.290628006823,-0.074931654395
0.304389758041,-0.0748040643368
0.318374690405,-0.0744455129329
0.332582803915,-0.0738560001833
0.34701409857,-0.0730355260879
0.361589265984,-0.0720732750875
0.376228997768,-0.0710584316229
0.390933293922,-0.0699909956941
0.405702154447,-0.0688709673011
0.420535579342,-0.0676983464438
0.435433568607,-0.0664731331224
0.450396122243,-0.0651953273368
0.46542324025,-0.0638649290869
0.480514922626,-0.0624819383729
0.495671169373,-0.0610463551946
0.510891980491,-0.0595581795521
0.526177355979,-0.0580174114454
0.541527295837,-0.0564240508746
0.556941800065,-0.0547780978395
0.572420868665,-0.0530795523402
0.587964501634,-0.0513284143766
0.603572698974,-0.0495246839489
0.619245460684,-0.047668361057
0.634982786765,-0.0457594457008
0.650784677216,-0.0437979378805
0.666700179527,-0.041800029186
0.682778341189,-0.0397819112073
0.699019162201,-0.0377435839444
0.715422642563,-0.0356850473974
0.731988782276,-0.0336063015663
0.748717581338,-0.031507346451
0.765609039752,-0.0293881820515
0.782663157515,-0.0272488083679
0.799879934629,-0.0250892254001
0.817259371093,-0.0229094331481
0.834801466907,-0.020709431612
0.852506222072,-0.0184892207918
0.870373636587,-0.0162488006873
0.888403710452,-0.0139881712988
0.906596443668,-0.011707332626
0.924951836234,-0.00940628466914
0.94346988815,-0.00708502742809
0.962150599416,-0.00474356090288
0.980993970033,-0.00238188509352
1.0,0.0
