1.0,0.0
0.983617590808,0.005770436972
0.967192070578,0.0114170308809
0.95072343931,0.0169397817266
0.934211697003,0.0223386895093
0.917656843658,0.0276137542288
0.901058879274,0.0327649758851
0.884417803852,0.0377923544784
0.867733617392,0.0426958900085
0.851006319893,0.0474755824755
0.834235911356,0.0521314318794
0.817422391781,0.0566634382201
0.800565761167,0.0610716014977
0.783666019515,0.0653559217122
0.766723166825,0.0695163988636
0.749737203096,0.0735530329519
0.732708128328,0.077465823977
0.715635942523,0.081254771939
0.698520645679,0.0849198768378
0.681362237796,0.0884611386736
0.664160718876,0.0918785574462
0.646989615864,0.0951500387159
0.629922455708,0.098253488043
0.612959238409,0.101188905427
0.596099963966,0.103956290869
0.579344632379,0.106555644368
0.562693243648,0.108986965925
0.546145797774,0.111250255538
0.529702294756,0.113345513209
0.513362734594,0.115272738938
0.497127117289,0.117031932723
0.480995442839,0.118623094566
0.464967711246,0.120046224467
0.449043922509,0.121301322425
0.433224076629,0.12238838844
0.417508173604,0.123307422512
0.401896213436,0.124058424642
0.386388196124,0.124641394829
0.370984121669,0.125056333073
0.355683990069,0.125303239375
0.340487801326,0.125382113734
0.325485882409,0.125300734775
0.310768560287,0.125066881124
0.29633583496,0.124680552779
0.282187706429,0.124141749742
0.268324174693,0.123450472012
0.254745239752,0.122606719588
0.241450901606,0.121610492472
0.228441160256,0.120461790663
0.215716015701,0.119160614162
0.203275467942,0.117706962967
0.191119516977,0.116100837079
0.179248162809,0.114342236499
0.167661405435,0.112431161225
0.156359244857,0.110367611259
0.145341681074,0.108151586599
0.134608714086,0.105783087247
0.124160343893,0.103262113202
0.113996570496,0.100588664464
0.104117393895,0.0977627410336
0.0945228140881,0.0947843429099
0.0853068397145,0.0917159636105
0.0765634794114,0.0886200966525
0.0682927331787,0.085496742036
0.0604946010164,0.082345899761
0.0531690829246,0.0791675698275
0.0463161789032,0.0759617522355
0.0399358889522,0.0727284469849
0.0340282130717,0.0694676540758
0.0285931512617,0.0661793735082
0.023630703522,0.062863605282
0.0191408698528,0.0595203493973
0.0151236502541,0.0561496058541
0.0115790447258,0.0527513746524
0.00850705326793,0.0493256557921
0.00590767588051,0.0458724492734
0.00378091256352,0.042391755096
0.00212676331698,0.0388835732602
0.000945228140881,0.0353479037659
0.00023630703522,0.031784746613
0.0,0.0281941018016
0.000254929470979,0.0245870390248
0.00101971788392,0.0209746279756
0.00229436523881,0.0173568686542
0.00407887153566,0.0137337610605
0.00637323677447,0.0101053051946
0.00917746095524,0.00647150105628
0.012491544078,0.00283234864571
0.0163154861427,-0.000812152037151
0.0206492871493,-0.00446200099231
0.0254929470979,-0.00811719821975
0.0308464659885,-0.0117777437195
0.036709843821,-0.0154436374915
0.0430830805954,-0.0191148795359
0.0499661763119,-0.0227914698525
0.0573591309703,-0.0264734084414
0.0652619445706,-0.0301606953026
0.0736746171129,-0.0338533304361
0.0825971485972,-0.0375513138419
0.0920295390234,-0.0412546455199
0.101971788392,-0.0449633254703
0.112279851089,-0.048558630015
0.122809681504,-0.0519218354761
0.133561279635,-0.0550529418536
0.144534645483,-0.0579519491475
0.155729779048,-0.0606188573577
0.167146680329,-0.0630536664844
0.178785349328,-0.0652563765274
0.190645786043,-0.0672269874868
0.202727990475,-0.0689654993627
0.215031962624,-0.0704719121549
0.227557702489,-0.0717462258634
0.240305210072,-0.0727884404884
0.253274485371,-0.0735985560298
0.266465528387,-0.0741765724875
0.27987833912,-0.0745224898617
0.29351291757,-0.0746363081522
0.307369263736,-0.0745180273591
0.32144737762,-0.0741676474824
0.33574725922,-0.0735851685221
0.350268908537,-0.0727705904781
0.364913777157,-0.0718136969903
0.379583316668,-0.0708042716982
0.394277527068,-0.0697423146019
0.408996408359,-0.0686278257014
0.423739960539,-0.0674608049966
0.43850818361,-0.0662412524876
0.453301077571,-0.0649691681743
0.468118642421,-0.0636445520569
0.482960878162,-0.0622674041352
0.497827784793,-0.0608377244092
0.512719362314,-0.0593555128791
0.527635610725,-0.0578207695447
0.542576530026,-0.056233494406
0.557542120217,-0.0545936874632
0.572532381298,-0.0529013487161
0.587547313269,-0.0511564781648
0.602586916131,-0.0493590758092
0.617651189882,-0.0475091416494
0.632740134523,-0.0456066756854
0.647853750055,-0.0436516779172
0.663103769107,-0.0416603482355
0.678601924312,-0.0396488865313
0.694348215669,-0.0376172928046
0.710342643177,-0.0355655670553
0.726585206838,-0.0334937092835
0.743075906651,-0.0314017194891
0.759814742616,-0.0292895976722
0.776801714733,-0.0271573438327
0.794036823002,-0.0250049579706
0.811520067423,-0.0228324400861
0.829251447997,-0.0206397901789
0.847230964722,-0.0184270082492
0.865458617599,-0.016194094297
0.883934406629,-0.0139410483222
0.902658331811,-0.0116678703249
0.921630393144,-0.00937456030502
0.94085059063,-0.00706111826259
0.960318924268,-0.00472754419761
0.980035394058,-0.00237383811008
1.0,0.0
