1.0,0.0
0.980502941453,0.00561098244061
0.961223891437,0.0111246139088
0.942162849952,0.0165408944046
0.923319817,0.0218598239279
0.904694792578,0.0270814024789
0.886287776688,0.0322056300574
0.868098769329,0.0372325066635
0.850127770502,0.0421620322972
0.832374780207,0.0469942069585
0.814839798442,0.0517290306473
0.797522825209,0.0563665033637
0.780423860508,0.0609066251078
0.763542904338,0.0653493958794
0.7468799567,0.0696948156785
0.730435017593,0.0739428845053
0.714208087017,0.0780936023596
0.698199164973,0.0821469692416
0.68240825146,0.0861029851511
0.666835346479,0.0899616500882
0.651480450029,0.0937229640529
0.636243428266,0.0973362827259
0.621024147342,0.100750961788
0.60582260726,0.103967001239
0.590638808018,0.10698440108
0.575472749617,0.109803161309
0.560324432056,0.112423281928
0.545193855335,0.114844762936
0.530081019456,0.117067604333
0.514985924417,0.119091806119
0.499908570218,0.120917368294
0.48484895686,0.122544290858
0.469807084343,0.123972573811
0.454782952666,0.125202217154
0.43977656183,0.126233220886
0.424787911834,0.127065585006
0.409817002679,0.127699309516
0.394863834365,0.128134394415
0.379928406891,0.128370839703
0.365010720258,0.128408645381
0.350110774465,0.128247811447
0.335340475951,0.12792542589
0.320811731154,0.127478576698
0.306524540074,0.126907263871
0.29247890271,0.126211487409
0.278674819063,0.125391247311
0.265112289133,0.124446543578
0.251791312919,0.123377376209
0.238711890423,0.122183745205
0.225874021643,0.120865650566
0.21327770658,0.119423092292
0.200922945233,0.117856070383
0.188809737604,0.116164584838
0.176938083691,0.114348635658
0.165307983495,0.112408222842
0.153919437016,0.110343346391
0.142772444253,0.108154006305
0.131867005207,0.105840202584
0.121203119878,0.103401935227
0.110780788266,0.100839204236
0.100600010371,0.0981520096084
0.0907915093596,0.0953766737352
0.0814860084003,0.0925495190053
0.0726835074929,0.0896705454187
0.0643840066373,0.0867397529754
0.0565875058336,0.0837571416754
0.0492940050817,0.0807227115187
0.0425035043817,0.0776364625053
0.0362160037335,0.0744983946351
0.0304315031372,0.0713085079083
0.0251500025927,0.0680668023248
0.0203715021001,0.0647732778845
0.0160960016593,0.0614279345875
0.0123235012704,0.0580307724339
0.00905400093337,0.0545817914235
0.00628750064817,0.0510809915564
0.00402400041483,0.0475283728326
0.00226350023334,0.0439239352521
0.00100600010371,0.0402676788149
0.000251500025927,0.036559603521
0.0,0.0327997093704
0.000263135005721,0.0290162056562
0.00105254002288,0.0252373016717
0.00236821505149,0.0214629974169
0.00421016009153,0.0176932928916
0.00657837514301,0.013928188096
0.00947286020594,0.0101676830301
0.0128936152803,0.00641177769374
0.0168406403661,0.00266047208705
0.0213139354634,-0.00108623378999
0.0263135005721,-0.0048283399374
0.0318393356922,-0.00856584635516
0.0378914408238,-0.0122987530433
0.0444698159668,-0.0160270600018
0.0515744611212,-0.0197507672306
0.0592053762871,-0.0234698747298
0.0673625614645,-0.0271843824994
0.0760460166533,-0.0308942905394
0.0852557418535,-0.0345995988497
0.0949917370651,-0.0383003074303
0.105254002288,-0.0419964162813
0.115871664185,-0.0455842597898
0.126673849419,-0.0489601723429
0.137660557989,-0.0521241539405
0.148831789896,-0.0550762045827
0.16018754514,-0.0578163242695
0.17172782372,-0.0603445130008
0.183452625637,-0.0626607707767
0.19536195089,-0.0647650975971
0.20745579948,-0.0666574934622
0.219734171407,-0.0683379583718
0.23219706667,-0.0698064923259
0.244844485269,-0.0710630953247
0.257676427206,-0.072107767368
0.270692892479,-0.0729405084559
0.283893881088,-0.0735613185883
0.297279393035,-0.0739701977653
0.310849428317,-0.0741671459869
0.324603986937,-0.0741521632531
0.338543068893,-0.0739252495638
0.352666674185,-0.0734864049191
0.366921342765,-0.0728994842369
0.381253614581,-0.0722283424351
0.395663489635,-0.0714729795137
0.410150967926,-0.0706333954728
0.424716049454,-0.0697095903123
0.439358734219,-0.0687015640323
0.454079022221,-0.0676093166327
0.468876913461,-0.0664328481135
0.483752407937,-0.0651721584747
0.498705505651,-0.0638272477164
0.513736206602,-0.0623981158385
0.52884451079,-0.0608847628411
0.544030418215,-0.0592871887241
0.559293928877,-0.0576053934875
0.574635042777,-0.0558393771313
0.590053759913,-0.0539891396556
0.605550080287,-0.0520546810603
0.621124003898,-0.0500360013455
0.636775530746,-0.0479331005111
0.652504660831,-0.0457459785571
0.668352934297,-0.0435138427226
0.684361891289,-0.0412759002467
0.700531531806,-0.0390321511294
0.716861855849,-0.0367825953707
0.733352863418,-0.0345272329706
0.750004554511,-0.0322660639291
0.766816929131,-0.0299990882462
0.783789987276,-0.0277263059219
0.800923728946,-0.0254477169561
0.818218154141,-0.023163321349
0.835673262863,-0.0208731191004
0.853289055109,-0.0185771102104
0.871065530882,-0.0162752946791
0.889002690179,-0.0139676725063
0.907100533002,-0.0116542436921
0.925359059351,-0.00933500823649
0.943778269225,-0.00700996613948
0.962358162624,-0.00467911740106
0.981098739549,-0.00234246202123
1.0,0.0
