1.0,0.0
0.980130472107,0.00541653714472
0.960477012034,0.0107515144449
0.94103961978,0.0160049319006
0.921818295347,0.0211767895118
0.902813038732,0.0262670872785
0.884023849938,0.0312758252006
0.865450728963,0.0362030032783
0.847093675808,0.0410486215114
0.828952690473,0.0458126799001
0.811027772958,0.0504951784442
0.793318923262,0.0550961171438
0.775826141386,0.0596154959989
0.758549427329,0.0640533150095
0.741488781093,0.0684095741756
0.724644202676,0.0726842734971
0.708015692079,0.0768774129742
0.691603249301,0.0809889926067
0.675406874343,0.0850190123948
0.659426567205,0.0889674723383
0.643662327887,0.0928343724373
0.628035738245,0.0965571121363
0.612468380136,0.10007309088
0.59696025356,0.103382308667
0.581511358517,0.106484765499
0.566121695008,0.109380461376
0.550791263031,0.112069396297
0.535520062588,0.114551570262
0.520308093677,0.116826983271
0.5051553563,0.118895635325
0.490061850456,0.120757526423
0.475027576145,0.122412656566
0.460052533367,0.123861025753
0.445136722122,0.125102633984
0.43028014241,0.12613748126
0.415482794232,0.12696556758
0.400744677586,0.127586892945
0.386065792474,0.128001457353
0.371446138894,0.128209260807
0.356885716848,0.128210303304
0.342384526335,0.128004584846
0.328027654983,0.127635905252
0.313900190422,0.12714806434
0.300002132651,0.126541062112
0.28633348167,0.125814898566
0.272894237479,0.124969573704
0.259684400078,0.124005087524
0.246703969467,0.122921440027
0.233952945647,0.121718631214
0.221431328617,0.120396661083
0.209139118376,0.118955529635
0.197076314926,0.117395236871
0.185242918267,0.115715782789
0.173638928397,0.11391716739
0.162264345318,0.111999390674
0.151119169028,0.109962452641
0.140203399529,0.107806353291
0.12951703682,0.105531092624
0.119060080901,0.10313667064
0.108832531773,0.100623087339
0.0988343894341,0.0979903427206
0.0891980364643,0.0952719682339
0.0800558554417,0.0925014953269
0.0714078463662,0.0896789239998
0.0632540092378,0.0868042542524
0.0555943440567,0.0838774860849
0.0484288508227,0.0808986194971
0.0417575295359,0.0778676544892
0.0355803801963,0.074784591061
0.0298974028038,0.0716494292127
0.0247085973585,0.0684621689442
0.0200139638604,0.0652228102554
0.0158135023095,0.0619313531465
0.0121072127057,0.0585877976174
0.00889509504907,0.055192143668
0.00617714933963,0.0517443912985
0.00395337557737,0.0482445405088
0.00222377376227,0.0446925912989
0.000988343894341,0.0410885436687
0.000247085973585,0.0374323976184
0.0,0.0337241531479
0.000252250779341,0.0299907031367
0.00100900311736,0.0262589404642
0.00227025701407,0.0225288651304
0.00403601246945,0.0188004771354
0.00630626948352,0.0150737764791
0.00908102805627,0.0113487631616
0.0123602881877,0.00762543718277
0.0161440498778,0.00390379854272
0.0204323131266,0.000183847241406
0.0252250779341,-0.00353441672116
0.0305223443002,-0.00725099334499
0.0363241122251,-0.0109658826301
0.0426303817086,-0.0146790845764
0.0494411527508,-0.018390599184
0.0567564253517,-0.0221004264529
0.0645761995113,-0.025808566383
0.0729004752295,-0.0295150189744
0.0817292525064,-0.033219784227
0.091062531342,-0.0369228621409
0.100900311736,-0.0406242527161
0.111093562899,-0.044223122786
0.12149325404,-0.0476186391841
0.13209938516,-0.0508108019105
0.142911956257,-0.0537996109652
0.153930967333,-0.0565850663482
0.165156418387,-0.0591671680593
0.17658830942,-0.0615459160988
0.188226640431,-0.0637213104665
0.20007141142,-0.0656933511624
0.212122622387,-0.0674620381866
0.224380273333,-0.0690273715391
0.236844364257,-0.0703893512198
0.249514895159,-0.0715479772288
0.262391866039,-0.072503249566
0.275475276898,-0.0732551682315
0.288765127735,-0.0738037332253
0.30226141855,-0.0741489445473
0.315964149344,-0.0742908021975
0.329873320116,-0.0742293061761
0.343988930866,-0.0739644564828
0.358269505923,-0.0735453038399
0.372673569616,-0.0730208989694
0.387201121943,-0.0723912418713
0.401852162906,-0.0716563325456
0.416626692505,-0.0708161709923
0.431524710738,-0.0698707572114
0.446546217607,-0.068820091203
0.461691213111,-0.0676641729669
0.476959697251,-0.0664030025032
0.492351670026,-0.0650365798119
0.507867131436,-0.063564904893
0.523506081482,-0.0619879777465
0.539268520163,-0.0603057983725
0.555154447479,-0.0585183667708
0.57116386343,-0.0566256829415
0.587296768017,-0.0546277468846
0.603553161239,-0.0525245586002
0.619933043097,-0.0503161180881
0.63643641359,-0.0480024253484
0.653063272718,-0.0455834803812
0.669784787809,-0.0431215291532
0.686572126193,-0.0406788176315
0.703425287868,-0.0382553458159
0.720344272836,-0.0358511137065
0.737329081095,-0.0334661213034
0.754379712645,-0.0311003686064
0.771496167488,-0.0287538556157
0.788678445623,-0.0264265823311
0.805926547049,-0.0241185487527
0.823240471767,-0.0218297548806
0.840620219777,-0.0195602007146
0.858065791079,-0.0173098862549
0.875577185673,-0.0150788115013
0.893154403558,-0.0128669764539
0.910797444736,-0.0106743811128
0.928506309205,-0.00850102547783
0.946280996966,-0.00634690954907
0.964121508019,-0.00421203332651
0.982027842363,-0.00209639681016
1.0,0.0
