1.0,0.0
0.980021554457,0.00553809702865
0.960302257126,0.0109827956549
0.940842108005,0.0163340958788
0.921641107096,0.0215919977004
0.902699254397,0.0267565011196
0.88401654991,0.0318276061364
0.865592993633,0.0368053127508
0.847428585568,0.0416896209629
0.829523325713,0.0464805307726
0.811877214069,0.0511780421799
0.794490250637,0.0557821551849
0.777362435415,0.0602928697874
0.760493768405,0.0647101859877
0.743884249605,0.0690341037855
0.727533879016,0.073264623181
0.711442656639,0.0774017441741
0.695610582472,0.0814454667648
0.680037656516,0.0853957909532
0.664723878772,0.0892527167392
0.649669249238,0.0930162441229
0.634727558335,0.0966337557346
0.619752596482,0.100052634205
0.604744363679,0.103272879533
0.589702859926,0.106294491721
0.574628085223,0.109117470766
0.559520039571,0.111741816671
0.544378722968,0.114167529433
0.529204135415,0.116394609055
0.513996276913,0.118423055534
0.498755147461,0.120252868873
0.483480747058,0.121884049069
0.468173075706,0.123316596125
0.452832133404,0.124550510038
0.437457920152,0.125585790811
0.42205043595,0.126422438441
0.406609680798,0.127060452931
0.391135654696,0.127499834278
0.375628357645,0.127740582485
0.360087789643,0.12778269755
0.344513950692,0.127626179473
0.329077476618,0.127309830509
0.313949003249,0.126872452914
0.299128530586,0.126314046687
0.284616058628,0.125634611828
0.270411587375,0.124834148337
0.256515116828,0.123912656214
0.242926646985,0.122870135459
0.229646177848,0.121706586072
0.216673709417,0.120422008054
0.20400924169,0.119016401403
0.191652774669,0.117489766121
0.179604308353,0.115842102207
0.167863842742,0.11407340966
0.156431377836,0.112183688482
0.145306913636,0.110172938672
0.134490450141,0.10804116023
0.123981987351,0.105788353157
0.113781525267,0.103414517451
0.103889063888,0.100919653113
0.0943046032136,0.0983037601437
0.0851099044003,0.0955991793544
0.0763867286031,0.0928382515574
0.0681350758219,0.0900209767527
0.0603549460567,0.0871473549402
0.0530463393077,0.08421738612
0.0462092555747,0.0812310702921
0.0398436948578,0.0781884074565
0.0339496571569,0.0750893976132
0.0285271424721,0.0719340407622
0.0235761508034,0.0687223369034
0.0190966821508,0.0654542860369
0.0150887365142,0.0621298881627
0.0115523138937,0.0587491432808
0.00848741428923,0.0553120513912
0.00589403770085,0.0518186124939
0.00377218412855,0.0482688265888
0.00212185357231,0.0446626936761
0.000943046032136,0.0410002137556
0.000235761508034,0.0372813868274
0.0,0.0335062128915
0.000250869350144,0.0297070051637
0.00100347740058,0.0259160768599
0.0022578241513,0.02213342798
0.00401390960231,0.0183590585242
0.00627173375361,0.0145929684923
0.0090312966052,0.0108351578844
0.0122925981571,0.00708562670046
0.0160556384092,0.00334437494051
0.0203204173617,-0.000388597395466
0.0250869350144,-0.00411329030747
0.0303551913675,-0.00782970379549
0.0361251864208,-0.0115378378595
0.0423969201744,-0.0152376924996
0.0491703926283,-0.0189292677157
0.0564456037825,-0.0226125635078
0.064222553637,-0.026287579876
0.0725012421917,-0.0299543168201
0.0812816694468,-0.0336127743403
0.0905638354021,-0.0372629524365
0.100347740058,-0.0409048511088
0.110498320174,-0.0444405125094
0.120880512511,-0.0477719787907
0.13149431707,-0.0508992499527
0.142339733849,-0.0538223259954
0.153416762849,-0.0565412069189
0.16472540407,-0.059055892723
0.176265657512,-0.0613663834079
0.188037523176,-0.0634726789735
0.20004100106,-0.0653747794197
0.212276091165,-0.0670726847467
0.224742793491,-0.0685663949544
0.237441108038,-0.0698559100428
0.250371034806,-0.0709412300119
0.263532573795,-0.0718223548618
0.276925725005,-0.0724992845923
0.290550488436,-0.0729720192036
0.304406864088,-0.0732405586955
0.318494851961,-0.0733049030682
0.332814452055,-0.0731650523216
0.34736566437,-0.0728210064556
0.362069351695,-0.0723286074671
0.37684637682,-0.0717436973525
0.391696739743,-0.0710662761118
0.406620440465,-0.0702963437452
0.421617478986,-0.0694339002525
0.436687855307,-0.0684789456338
0.451831569426,-0.0674314798891
0.467048621345,-0.0662915030183
0.482339011062,-0.0650590150216
0.497702738579,-0.0637340158988
0.513139803895,-0.0623165056499
0.52865020701,-0.0608064842751
0.544233947924,-0.0592039517742
0.559891026637,-0.0575089081473
0.575621443149,-0.0557213533944
0.59142519746,-0.0538412875154
0.60730228957,-0.0518687105104
0.62325271948,-0.0498036223794
0.639276487188,-0.0476460231224
0.655373592696,-0.0453959127393
0.671562244401,-0.0431008753087
0.687860650701,-0.040808494909
0.704268811598,-0.0385187715402
0.72078672709,-0.0362317052023
0.737414397179,-0.0339472958954
0.754151821863,-0.0316655436193
0.770999001143,-0.0293864483742
0.787955935018,-0.0271100101599
0.80502262349,-0.0248362289766
0.822199066557,-0.0225651048242
0.83948526422,-0.0202966377026
0.856881216479,-0.018030827612
0.874386923334,-0.0157676745524
0.892002384784,-0.0135071785236
0.909727600831,-0.0112493395257
0.927562571473,-0.00899415755874
0.945507296711,-0.00674163262269
0.963561776545,-0.00449176471755
0.981726010975,-0.00224455384332
1.0,0.0
