1.0,0.0
0.989576158911,0.00695158262848
0.978634413611,0.0136788154333
0.967174764101,0.0201816984144
0.955197210381,0.0264602315718
0.942701752451,0.0325144149056
0.929688390311,0.0383442484157
0.91615712396,0.043949732102
0.902107953399,0.0493308659647
0.887540878628,0.0544876500038
0.872455899647,0.0594200842191
0.856853016456,0.0641281686108
0.840732229054,0.0686119031787
0.824093537442,0.072871287923
0.80693694162,0.0769063228436
0.789262441588,0.0807170079406
0.771070037346,0.0843033432138
0.752359728893,0.0876653286634
0.733131516231,0.0908029642893
0.713385399358,0.0937162500915
0.693121378274,0.09640518607
0.67275754784,0.0989333511814
0.652712002913,0.101364324382
0.632984743494,0.103698105673
0.613575769583,0.105934695053
0.59448508118,0.108074092523
0.575712678284,0.110116298082
0.557258560896,0.112061311731
0.539122729016,0.113909133469
0.521305182643,0.115659763297
0.503805921778,0.117313201214
0.486624946421,0.118869447221
0.469762256572,0.120328501318
0.45321785223,0.121690363504
0.436991733396,0.122955033779
0.42108390007,0.124122512145
0.405494352251,0.125192798599
0.39022308994,0.126165893144
0.375270113137,0.127041795777
0.360635421842,0.127820506501
0.346319016054,0.128502025314
0.332259751614,0.129028504613
0.318396484362,0.129342096795
0.304729214296,0.12944280186
0.291257941419,0.129330619808
0.277982665728,0.129005550638
0.264903387225,0.128467594352
0.252020105909,0.127716750949
0.239332821781,0.126753020428
0.22684153484,0.12557640279
0.214546245087,0.124186898035
0.202446952521,0.122584506163
0.190543657142,0.120769227174
0.178836358951,0.118741061068
0.167325057947,0.116500007845
0.15600975413,0.114046067504
0.144890447501,0.111379240047
0.133967138059,0.108499525472
0.123239825805,0.10540692378
0.112708510738,0.102101434972
0.102373192858,0.0985830590457
0.0923918065548,0.0949566134949
0.0829222862154,0.0913269158118
0.0739646318403,0.0876939659962
0.0655188434294,0.0840577640483
0.0575849209829,0.0804183099679
0.0501628645007,0.0767756037551
0.0432526739827,0.0731296454099
0.0368543494291,0.0694804349323
0.0309678908397,0.0658279723222
0.0255932982146,0.0621722575798
0.0207305715538,0.0585132907049
0.0163797108574,0.0548510716977
0.0125407161252,0.051185600558
0.00921358735726,0.0475168772859
0.00639832455365,0.0438449018814
0.00409492771434,0.0401696743445
0.00230339683932,0.0364911946752
0.00102373192858,0.0328094628734
0.000255932982146,0.0291244789393
0.0,0.0254362428727
0.000215669030282,0.0217620199203
0.00086267612113,0.0181190753287
0.00194102127254,0.0145074090978
0.00345070448452,0.0109270212277
0.00539172575706,0.00737791171839
0.00776408509017,0.00386008056982
0.0105677824838,0.000373527782003
0.0138028179381,-0.00308174664505
0.0174691914529,-0.00650574271134
0.0215669030282,-0.00989846041686
0.0260959526642,-0.0132598997616
0.0310563403607,-0.0165900607456
0.0364480661177,-0.0198889433689
0.0422711299353,-0.0231565476313
0.0485255318135,-0.0263928735331
0.0552112717523,-0.029597921074
0.0623283497516,-0.0327716902542
0.0698767658115,-0.0359141810736
0.0778565199319,-0.0390253935323
0.086267612113,-0.0421053276302
0.0951254648653,-0.045075754401
0.1044455007,-0.0478584448784
0.114227719616,-0.0504533990624
0.124472121614,-0.052860616953
0.135178706694,-0.0550800985502
0.146347474857,-0.057111843854
0.157978426101,-0.0589558528644
0.170071560427,-0.0606121255814
0.182626877836,-0.062080662005
0.195644378326,-0.0633614621352
0.209124061898,-0.064454525972
0.223065928552,-0.0653598535153
0.237469978289,-0.0660774447653
0.252336211107,-0.0666072997219
0.267664627007,-0.0669494183851
0.283455225989,-0.0671038007548
0.299708008054,-0.0670704468312
0.3164229732,-0.0668493566141
0.333600121428,-0.0664405301037
0.351239452739,-0.0658439672999
0.369083073284,-0.0651434463972
0.386873089218,-0.0644227455905
0.404609500541,-0.0636818648796
0.422292307252,-0.0629208042646
0.439921509351,-0.0621395637455
0.457497106839,-0.0613381433223
0.475019099716,-0.0605165429949
0.492487487981,-0.0596747627634
0.509902271634,-0.0588128026278
0.527263450676,-0.057930662588
0.544571025107,-0.0570283426442
0.561824994926,-0.0561058427962
0.579025360133,-0.055163163044
0.59617212073,-0.0542003033878
0.613265276714,-0.0532172638274
0.630304828087,-0.0522140443629
0.647290774849,-0.0511906449942
0.664223116999,-0.0501470657215
0.681101854537,-0.0490833065446
0.697926987464,-0.0479993674636
0.714640584086,-0.0468400414635
0.731184712708,-0.0455501215294
0.747559373331,-0.0441296076613
0.763764565954,-0.0425784998592
0.779800290578,-0.0408967981231
0.795666547202,-0.0390845024529
0.811363335827,-0.0371416128488
0.826890656452,-0.0350681293106
0.842248509078,-0.0328640518385
0.857436893705,-0.0305293804323
0.872455810332,-0.0280641150921
0.88730525896,-0.0254682558179
0.901985239588,-0.0227418026097
0.916495752216,-0.0198847554675
0.930836796846,-0.0168971143913
0.945008373475,-0.013778879381
0.959010482106,-0.0105300504368
0.972843122737,-0.00715062755854
0.986506295368,-0.00364061074627
1.0,0.0
