1.0,0.0
0.989810224635,0.00702630613502
0.979082263992,0.0138263157931
0.967816118073,0.0204000289741
0.956011786876,0.0267474456782
0.943669270402,0.0328685659052
0.930788568651,0.0387633896553
0.917369681623,0.0444319169284
0.903412609318,0.0498741477245
0.888917351736,0.0550900820436
0.873883908876,0.0600797198858
0.85831228074,0.0648430612509
0.842202467326,0.069380106139
0.825554468635,0.0736908545502
0.808368284667,0.0777753064844
0.790643915422,0.0816334619416
0.7723813609,0.0852653209218
0.7535806211,0.088670883425
0.734241696024,0.0918501494512
0.71436458567,0.0948031190004
0.693949290039,0.0975297920727
0.673418451842,0.100096403143
0.653194713787,0.102569186687
0.633278075877,0.104948142705
0.61366853811,0.107233271197
0.594366100486,0.109424572162
0.575370763006,0.1115220456
0.556682525669,0.113525691513
0.538301388476,0.115435509898
0.520227351426,0.117251500758
0.50246041452,0.118973664091
0.485000577757,0.120601999898
0.467847841138,0.122136508178
0.451002204662,0.123577188932
0.43446366833,0.12492404216
0.418232232142,0.126177067861
0.402307896096,0.127336266035
0.386690660195,0.128401636684
0.371380524436,0.129373179806
0.356377488822,0.130250895402
0.34168155335,0.131034783471
0.327257405462,0.131659685774
0.313069732594,0.132060444072
0.299118534749,0.132237058365
0.285403811925,0.132189528652
0.271925564123,0.131917854934
0.258683791342,0.131422037211
0.245678493583,0.130702075482
0.232909670845,0.129757969748
0.220377323129,0.128589720009
0.208081450435,0.127197326264
0.196022052762,0.125580788514
0.184199130111,0.123740106758
0.172612682481,0.121675280998
0.161262709873,0.119386311232
0.150149212286,0.11687319746
0.139272189721,0.114135939683
0.128631642178,0.111174537901
0.118227569656,0.107988992114
0.108059972156,0.104579302321
0.0981288496776,0.100945468523
0.0885612868341,0.0971980078311
0.0794843682389,0.0934474373587
0.0708980938921,0.0896937571053
0.0628024637937,0.0859369670709
0.0551974779437,0.0821770672555
0.048083136342,0.078414057659
0.0414594389888,0.0746479382816
0.0353263858839,0.0708787091231
0.0296839770275,0.0671063701837
0.0245322124194,0.0633309214632
0.0198710920597,0.0595523629617
0.0157006159484,0.0557706946792
0.0120207840855,0.0519859166157
0.00883159647099,0.0481980287712
0.00613305310485,0.0444070311457
0.00392515398711,0.0406129237391
0.00220789911775,0.0368157065516
0.000981288496776,0.033015379583
0.000245322124194,0.0292119428335
0.0,0.0254053963029
0.00019556460848,0.0216154309669
0.000782258433922,0.0178617378009
0.00176008147632,0.0141443168049
0.00312903373569,0.010463167979
0.00488911521201,0.00681829132317
0.0070403259053,0.00320968683738
0.00958266581554,-0.000362645478366
0.0125161349428,-0.00389870562406
0.0158407332869,-0.0073984935997
0.019556460848,-0.0108620094053
0.0236633176261,-0.0142892530408
0.0281613036212,-0.0176802245063
0.0330504188332,-0.0210349238017
0.0383306632622,-0.0243533509271
0.0440020369081,-0.0276355058825
0.050064539771,-0.0308813886677
0.0565181718509,-0.034090999283
0.0633629331477,-0.0372643377281
0.0705988236615,-0.0404014040033
0.0782258433922,-0.0435021981083
0.0862915201449,-0.0464902589689
0.0948433817247,-0.0492891255104
0.103881428132,-0.0518987977329
0.113405659365,-0.0543192756364
0.123416075426,-0.0565505592209
0.133912676314,-0.0585926484864
0.144895462029,-0.0604455434329
0.156364432572,-0.0621092440603
0.168319587941,-0.0635837503687
0.180760928137,-0.0648690623582
0.19368845316,-0.0659651800286
0.20710216301,-0.06687210338
0.221002057688,-0.0675898324124
0.235388137192,-0.0681183671257
0.250260401523,-0.0684577075201
0.265618850682,-0.0686078535954
0.281463484667,-0.0685688053518
0.29779430348,-0.0683405627891
0.31461130712,-0.0679231259074
0.331914495586,-0.0673164947067
0.349454730372,-0.0666033974312
0.366982872971,-0.0658665623253
0.384498923381,-0.0651059893888
0.402002881603,-0.0643216786219
0.419494747637,-0.0635136300245
0.436974521484,-0.0626818435965
0.454442203142,-0.0618263193381
0.471897792612,-0.0609470572492
0.489341289894,-0.0600440573298
0.506772694989,-0.0591173195799
0.524192007895,-0.0581668439995
0.541599228613,-0.0571926305886
0.558994357144,-0.0561946793472
0.576377393486,-0.0551729902753
0.59374833764,-0.0541275633729
0.611107189607,-0.05305839864
0.628453949385,-0.0519654960767
0.645788616975,-0.0508488556828
0.663111192378,-0.0497084774584
0.680421675592,-0.0485443614036
0.697659836668,-0.0473058147785
0.714765445653,-0.0459421448434
0.731738502548,-0.0444533515983
0.748579007354,-0.0428394350431
0.765286960069,-0.041100395178
0.781862360695,-0.0392362320028
0.79830520923,-0.0372469455177
0.814615505675,-0.0351325357225
0.830793250031,-0.0328930026174
0.846838442296,-0.0305283462022
0.862751082472,-0.028038566477
0.878531170557,-0.0254236634418
0.894178706552,-0.0226836370966
0.909693690458,-0.0198184874414
0.925076122273,-0.0168282144762
0.940326001999,-0.013712818201
0.955443329634,-0.0104722986157
0.970428105179,-0.0071066557205
0.985280328635,-0.00361588951526
1.0,0.0
