1.0,0.0
0.989311810974,0.00702350095274
0.978119812819,0.0138213461336
0.966424005536,0.0203935355425
0.954224389124,0.0267400691795
0.941520963585,0.0328609470446
0.928313728916,0.0387561691378
0.91460268512,0.0444257354591
0.900387832195,0.0498696460084
0.885669170141,0.0550879007859
0.87044669896,0.0600804997914
0.854720418649,0.0648474430251
0.838490329211,0.0693887304868
0.821756430644,0.0737043621766
0.804518722949,0.0777943380945
0.786777206125,0.0816586582405
0.768531880173,0.0852973226146
0.749782745093,0.0887103312167
0.730529800884,0.091897684047
0.710773047546,0.0948593811054
0.690512485081,0.0975954223918
0.670163597431,0.100169105764
0.650141868539,0.102643729079
0.630447298407,0.105019292338
0.611079887034,0.10729579554
0.59203963442,0.109473238686
0.573326540565,0.111551621775
0.554940605469,0.113530944807
0.536881829132,0.115411207782
0.519150211554,0.117192410701
0.501745752735,0.118874553563
0.484668452675,0.120457636369
0.467918311375,0.121941659118
0.451495328833,0.12332662181
0.43539950505,0.124612524446
0.419630840026,0.125799367024
0.404189333762,0.126887149547
0.389074986256,0.127875872012
0.37428779751,0.128765534421
0.359827767522,0.129556136773
0.345694896294,0.130247679069
0.331817334269,0.130780132527
0.318123231892,0.131093468366
0.304612589163,0.131187686587
0.291285406082,0.131062787189
0.278141682648,0.130718770172
0.265181418863,0.130155635537
0.252404614726,0.129373383283
0.239811270236,0.128372013411
0.227401385395,0.12715152592
0.215174960201,0.125711920811
0.203131994656,0.124053198082
0.191272488758,0.122175357736
0.179596442508,0.12007839977
0.168103855906,0.117762324186
0.156794728953,0.115227130984
0.145669061647,0.112472820162
0.134726853989,0.109499391723
0.123968105979,0.106306845664
0.113392817616,0.102895181987
0.103000988902,0.0992644006917
0.0929583924843,0.0955217440843
0.0834308010108,0.091774454472
0.0744182144819,0.0880225318547
0.0659206328974,0.0842659762326
0.0579380562575,0.0805047876055
0.0504704845621,0.0767389659735
0.0435179178112,0.0729685113366
0.0370803560048,0.0691934236947
0.0311577991429,0.065413703048
0.0257502472256,0.0616293493963
0.0208577002527,0.0578403627397
0.0164801582244,0.0540467430782
0.0126176211405,0.0502484904117
0.0092700890012,0.0464456047403
0.00643756180639,0.042638086064
0.00412003955609,0.0388259343828
0.0023175222503,0.0350091496967
0.00103000988902,0.0311877320056
0.000257502472256,0.0273616813096
0.0,0.0235309976087
0.00020521313009,0.0197197250946
0.00082085252036,0.0159519079591
0.00184691817081,0.012227546202
0.00328341008144,0.0085466398235
0.00513032825225,0.00490918882352
0.00738767268324,0.00131519320206
0.0100554433744,-0.00223534704086
0.0131336403258,-0.00574243190525
0.0166222635373,-0.00920606139112
0.020521313009,-0.0126262354985
0.0248307887409,-0.0160029542273
0.029550690733,-0.0193362175775
0.0346810189852,-0.0226260255493
0.0402217734976,-0.0258723781425
0.0461729542703,-0.0290752753572
0.0525345613031,-0.0322347171933
0.059306594596,-0.035350703651
0.0664890541492,-0.0384232347301
0.0740819399625,-0.0414523104306
0.082085252036,-0.0444379307527
0.0905126853164,-0.0473116440636
0.0993779347503,-0.0500049987308
0.108681000338,-0.0525179947543
0.118421882079,-0.054850632134
0.128600579973,-0.0570029108701
0.139217094021,-0.0589748309624
0.150271424223,-0.060766392411
0.161763570578,-0.0623775952159
0.173693533087,-0.0638084393771
0.186061311749,-0.0650589248946
0.198866906565,-0.0661290517683
0.212110317534,-0.0670188199984
0.225791544657,-0.0677282295847
0.239910587933,-0.0682572805273
0.254467447363,-0.0686059728262
0.269462122946,-0.0687743064813
0.284894614683,-0.0687622814928
0.300764922574,-0.0685698978605
0.317073046618,-0.0681971555845
0.333818986815,-0.0676440546649
0.35078994584,-0.066989163394
0.367773126365,-0.0663110500647
0.38476852839,-0.0656097146768
0.401776151916,-0.0648851572303
0.418795996942,-0.0641373777254
0.435828063468,-0.0633663761618
0.452872351495,-0.0625721525398
0.469928861023,-0.0617547068592
0.48699759205,-0.0609140391201
0.504078544579,-0.0600501493224
0.521171718607,-0.0591630374662
0.538277114136,-0.0582527035514
0.555394731165,-0.0573191475782
0.572524569695,-0.0563623695463
0.589666629725,-0.055382369456
0.606820911256,-0.0543791473071
0.623987414287,-0.0533527030996
0.641166138818,-0.0523030368337
0.65835708485,-0.0512301485091
0.675560252382,-0.0501340381261
0.692720166119,-0.0489563676891
0.709781350766,-0.0476387992027
0.726743806323,-0.0461813326668
0.74360753279,-0.0445839680816
0.760372530167,-0.042846705447
0.777038798454,-0.040969544763
0.79360633765,-0.0389524860296
0.810075147756,-0.0367955292468
0.826445228772,-0.0344986744146
0.842716580698,-0.032061921533
0.858889203534,-0.029485270602
0.87496309728,-0.0267687216216
0.890938261935,-0.0239122745918
0.906814697501,-0.0209159295126
0.922592403976,-0.017779686384
0.938271381361,-0.014503545206
0.953851629656,-0.0110875059786
0.969333148861,-0.00753156870178
0.984715938975,-0.00383573337559
1.0,0.0
