1.0,0.0
0.990169940552,0.00683114127111
0.979775867242,0.0134509703104
0.96881778007,0.0198594871178
0.957295679035,0.0260566916933
0.945209564138,0.032042584037
0.932559435378,0.0378171641488
0.919345292755,0.0433804320288
0.90556713627,0.048732387677
0.891224965923,0.0538730310932
0.876318781713,0.0588023622777
0.860848583641,0.0635203812303
0.844814371706,0.068027087951
0.828216145909,0.0723224824399
0.811053906249,0.0764065646969
0.793327652726,0.080279334722
0.775037385342,0.0839407925153
0.756183104094,0.0873909380768
0.736764808985,0.0906297714064
0.716782500013,0.0936572925042
0.696236177178,0.0964735013701
0.675581578047,0.09913256312
0.655274440188,0.10168864287
0.635314763599,0.10414174062
0.615702548282,0.106491856369
0.596437794235,0.108738990119
0.57752050146,0.110883141869
0.558950669955,0.112924311618
0.540728299721,0.114862499368
0.522853390758,0.116697705117
0.505325943066,0.118429928866
0.488145956646,0.120059170616
0.471313431496,0.121585430365
0.454828367617,0.123008708114
0.438690765009,0.124329003863
0.422900623672,0.125546317612
0.407457943606,0.126660649361
0.39236272481,0.12767199911
0.377614967286,0.128580366859
0.363214671033,0.129385752608
0.349161836051,0.130088156356
0.335366745822,0.130630399326
0.321739683829,0.130955302737
0.308280650072,0.13106286659
0.294989644551,0.130953090885
0.281866667265,0.130625975621
0.268911718216,0.130081520799
0.256124797402,0.129319726419
0.243505904825,0.128340592481
0.231055040483,0.127144118985
0.218772204377,0.12573030593
0.206657396507,0.124099153317
0.194710616873,0.122250661145
0.182931865474,0.120184829416
0.171321142312,0.117901658128
0.159878447386,0.115401147282
0.148603780695,0.112683296877
0.13749714224,0.109748106915
0.126558532021,0.106595577394
0.115787950038,0.103225708315
0.105185396291,0.0996384996774
0.094929820153,0.0959409546456
0.085200170996,0.0922400763832
0.0759964488205,0.0885358648903
0.0673186536265,0.0848283201667
0.0591667854139,0.0811174422125
0.0515408441828,0.0774032310278
0.0444408299331,0.0736856866125
0.0378667426649,0.0699648089666
0.0318185823781,0.0662405980901
0.0262963490728,0.0625130539831
0.021300042749,0.0587821766454
0.0168296634066,0.0550479660772
0.0128852110457,0.0513104222784
0.00946668566623,0.047569545249
0.00657408726821,0.043825334989
0.00420741585166,0.0400777914985
0.00236667141656,0.0363269147773
0.00105185396291,0.0325727048256
0.000262963490728,0.0288151616433
0.0,0.0250542852304
0.000204058343943,0.0213118419966
0.000816233375774,0.0176095983516
0.00183652509549,0.0139475542954
0.0032649335031,0.010325709828
0.00510145859859,0.0067440649494
0.00734610038197,0.00320261965959
0.00999885885323,-0.000298626041417
0.0130597340124,-0.00375967215363
0.0165287258594,-0.00718051867705
0.0204058343943,-0.0105611656117
0.0246910596172,-0.0139016129575
0.0293844015279,-0.0172018607145
0.0344858601264,-0.0204619088828
0.0399954354129,-0.0236817574622
0.0459131273873,-0.0268614064529
0.0522389360495,-0.0300008558547
0.0589728613997,-0.0331001056678
0.0661149034377,-0.036159155892
0.0736650621636,-0.0391780065275
0.0816233375774,-0.0421566575742
0.0900209168047,-0.0450262059581
0.0988889869712,-0.0477177486053
0.108227548077,-0.0502312855159
0.118036600122,-0.0525668166899
0.128316143106,-0.0547243421271
0.139066177029,-0.0567038618277
0.150286701892,-0.0585053757916
0.161977717693,-0.0601288840189
0.174139224434,-0.0615743865094
0.186771222114,-0.0628418832633
0.199873710733,-0.0639313742806
0.213446690292,-0.0648428595612
0.227490160789,-0.065576339105
0.242004122226,-0.0661318129123
0.256988574602,-0.0665092809828
0.272443517917,-0.0667087433167
0.288368952171,-0.0667301999139
0.304764877365,-0.0665736507745
0.321631293497,-0.0662390958984
0.338968200569,-0.0657265352856
0.356527356331,-0.0651096110243
0.374060518534,-0.0644619652029
0.391567687177,-0.0637835978211
0.409048862261,-0.0630745088792
0.426504043786,-0.062334698377
0.443933231752,-0.0615641663145
0.461336426159,-0.0607629126918
0.478713627006,-0.0599309375089
0.496064834294,-0.0590682407658
0.513390048023,-0.0581748224624
0.530689268193,-0.0572506825987
0.547962494803,-0.0562958211748
0.565209727855,-0.0553102381907
0.582430967347,-0.0542939336464
0.59962621328,-0.0532469075418
0.616795465653,-0.0521691598769
0.633938724468,-0.0510606906518
0.651055989723,-0.0499214998665
0.668147261419,-0.048751587521
0.685212539556,-0.0475509536152
0.702199175496,-0.0462768812795
0.719054520603,-0.0448866536444
0.735778574877,-0.0433802707097
0.752371338317,-0.0417577324756
0.768832810923,-0.040019038942
0.785162992696,-0.038164190109
0.801361883636,-0.0361931859764
0.817429483742,-0.0341060265443
0.833365793014,-0.0319027118128
0.849170811453,-0.0295832417818
0.864844539058,-0.0271476164513
0.88038697583,-0.0245958358213
0.895798121769,-0.0219278998918
0.911077976874,-0.0191438086629
0.926226541145,-0.0162435621344
0.941243814583,-0.0132271603065
0.956129797188,-0.0100946031791
0.970884488959,-0.00684589075223
0.985507889896,-0.00348102302586
1.0,0.0
