1.0,0.0
0.989904276554,0.00693581283769
0.979272529673,0.0136517622062
0.968104759357,0.0201478481056
0.956400965606,0.0264240705359
0.944161148421,0.032480429497
0.931385307801,0.0383169249889
0.918073443746,0.0439335570117
0.904225556256,0.0493303255653
0.889841645331,0.0545072306498
0.874921710971,0.0594642722651
0.859465753176,0.0642014504113
0.843473771947,0.0687187650883
0.826945767283,0.0730162162962
0.809881739184,0.0770938040349
0.79228168765,0.0809515283045
0.774145612681,0.0845893891049
0.755473514278,0.0880073864362
0.736265392439,0.0912055202983
0.716521247166,0.0941837906913
0.696241078458,0.0969421976151
0.675845939032,0.0995425478916
0.655756881605,0.102046648343
0.635973906176,0.104454498968
0.616497012747,0.106766099768
0.597326201316,0.108981450742
0.578461471884,0.111100551891
0.559902824451,0.113123403215
0.541650259016,0.115050004713
0.523703775581,0.116880356385
0.506063374144,0.118614458232
0.488729054706,0.120252310254
0.471700817267,0.12179391245
0.454978661827,0.12323926482
0.438562588386,0.124588367365
0.422452596943,0.125841220085
0.406648687499,0.126997822979
0.391150860054,0.128058176047
0.375959114608,0.12902227929
0.361073451161,0.129890132708
0.346493869713,0.1306617363
0.332175207193,0.131273254019
0.318072300533,0.131660849818
0.304185149733,0.131824523697
0.290513754792,0.131764275657
0.27705811571,0.131480105696
0.263818232487,0.130972013816
0.250794105124,0.130240000015
0.237985733621,0.129284064295
0.225393117977,0.128104206654
0.213016258192,0.126700427094
0.200855154267,0.125072725613
0.188909806201,0.123221102213
0.177180213994,0.121145556893
0.165666377647,0.118846089653
0.154368297159,0.116322700492
0.143285972531,0.113575389412
0.132419403762,0.110604156412
0.121768590852,0.107409001492
0.111333533802,0.103989924652
0.101114232611,0.100346925892
0.0912555949315,0.096592713232
0.0819025284149,0.0928399946916
0.0730550330615,0.089088770271
0.0647131088711,0.0853390399701
0.0568767558437,0.081590803789
0.0495459739794,0.0778440617276
0.0427207632782,0.074098813786
0.03640112374,0.0703550599641
0.0305870553648,0.0666128002619
0.0252785581528,0.0628720346795
0.0204756321037,0.0591327632168
0.0161782772178,0.0553949858739
0.0123864934949,0.0516587026507
0.00910028093499,0.0479239135473
0.00631963953819,0.0441906185636
0.00404456930444,0.0404588176996
0.00227507023375,0.0367285109554
0.00101114232611,0.0329996983309
0.000252785581528,0.0292723798262
0.0,0.0255465554412
0.000216495710963,0.0218390525186
0.000865982843853,0.0181666984011
0.00194846139867,0.0145294930887
0.00346393137541,0.0109274365813
0.00541239277408,0.00736052887899
0.00779384559468,0.00382876998176
0.0106082898372,0.000332159889601
0.0138557255017,-0.00312930139749
0.017536152588,-0.0065556138795
0.0216495710963,-0.00994677755645
0.0261959810266,-0.0133027924283
0.0311753823787,-0.0166236584951
0.0365877751528,-0.0199093757569
0.0424331593488,-0.0231599442135
0.0487115349668,-0.0263753638651
0.0554229020066,-0.0295556347116
0.0625672604684,-0.0327007567531
0.0701446103521,-0.0358107299895
0.0781549516578,-0.0388855544208
0.0865982843853,-0.041925230047
0.0954817746856,-0.0448553008922
0.104812588709,-0.0476013109802
0.114590726456,-0.0501632603112
0.124816187927,-0.0525411488851
0.135488973121,-0.0547349767019
0.146609082038,-0.0567447437617
0.158176514679,-0.0585704500643
0.170191271044,-0.0602120956099
0.182653351132,-0.0616696803983
0.195562754943,-0.0629432044297
0.208919482477,-0.064032667704
0.222723533736,-0.0649380702212
0.236974908717,-0.0656594119813
0.251673607422,-0.0661966929844
0.26681962985,-0.0665499132303
0.282412976002,-0.0667190727192
0.298453645878,-0.066704171451
0.314941639476,-0.0665052094256
0.331876956799,-0.0661221866433
0.349259597844,-0.0655551031038
0.366850495526,-0.0648860279639
0.384410582757,-0.0641970303803
0.401939859536,-0.063488110353
0.419438325865,-0.062759267882
0.436905981742,-0.0620105029673
0.454342827169,-0.0612418156088
0.471748862144,-0.0604532058067
0.489124086668,-0.0596446735609
0.506468500741,-0.0588162188713
0.523782104363,-0.0579678417381
0.541064897534,-0.0570995421611
0.558316880254,-0.0562113201404
0.575538052522,-0.055303175676
0.59272841434,-0.0543751087679
0.609887965707,-0.0534271194161
0.627016706622,-0.0524592076206
0.644114637086,-0.0514713733814
0.6611817571,-0.0504636166984
0.678218066662,-0.0494359375718
0.695223565773,-0.0483883360014
0.712126096049,-0.0472626805088
0.728853499109,-0.0460008396154
0.745405774951,-0.0446028133213
0.761782923575,-0.0430686016263
0.777984944982,-0.0413982045306
0.794011839172,-0.039591622034
0.809863606144,-0.0376488541367
0.825540245899,-0.0355699008386
0.841041758437,-0.0333547621397
0.856368143757,-0.03100343804
0.87151940186,-0.0285159285396
0.886495532745,-0.0258922336383
0.901296536413,-0.0231323533363
0.915922412863,-0.0202362876335
0.930373162096,-0.0172040365299
0.944648784112,-0.0140356000255
0.95874927891,-0.0107309781203
0.972674646491,-0.0072901708143
0.986424886854,-0.00371317810754
1.0,0.0
