1.0,0.0
0.9899411192,0.00678935824613
0.979291169378,0.0133718925384
0.968050150533,0.0197476028769
0.956218062666,0.0259164892616
0.943794905776,0.0318785516925
0.930780679863,0.0376337901695
0.917175384927,0.0431822046927
0.902979020969,0.0485237952621
0.888191587989,0.0536585618777
0.872813085985,0.0585865045395
0.856843514959,0.0633076232474
0.84028287491,0.0678219180015
0.823131165839,0.0721293888018
0.805388387745,0.0762300356483
0.787054540628,0.080123858541
0.768129624489,0.0838108574798
0.748613639327,0.0872910324649
0.728506585142,0.0905643834961
0.707808461935,0.0936309105735
0.686519269705,0.0964906136971
0.665143818651,0.0991937009979
0.644186918973,0.101790380607
0.62364857067,0.104280652525
0.603528773743,0.106664516751
0.583827528191,0.108941973285
0.564544834015,0.111113022128
0.545680691214,0.113177663279
0.527235099788,0.115135896738
0.509208059738,0.116987722506
0.491599571064,0.118733140582
0.474409633765,0.120372150967
0.457638247841,0.12190475366
0.441285413293,0.123330948661
0.42535113012,0.124650735971
0.409835398323,0.125864115589
0.394738217901,0.126971087515
0.380059588855,0.12797165175
0.365799511184,0.128865808293
0.351957984888,0.129653557145
0.338535009968,0.130334898304
0.325393655694,0.130855329048
0.312396991338,0.131160346653
0.2995450169,0.131249951117
0.286837732379,0.131124142441
0.274275137775,0.130782920625
0.261857233089,0.13022628567
0.249584018321,0.129454237574
0.237455493469,0.128466776339
0.225471658536,0.127263901963
0.21363251352,0.125845614448
0.201938058421,0.124211913792
0.19038829324,0.122362799997
0.178983217977,0.120298273061
0.167722832631,0.118018332986
0.156607137202,0.115522979771
0.145636131691,0.112812213416
0.134809816098,0.109886033921
0.124128190422,0.106744441286
0.113591254663,0.103387435511
0.103199008822,0.0998150165956
0.0931371054621,0.0961303594866
0.0835911971461,0.0924366391296
0.0745612838741,0.0887338555246
0.0660473656463,0.0850220086716
0.0580494424625,0.0813010985706
0.0505675143229,0.0775711252215
0.0436015812274,0.0738320886244
0.037151643176,0.0700839887794
0.0312177001687,0.0663268256862
0.0257997522056,0.0625605993451
0.0208977992865,0.058785309756
0.0165118414116,0.0550009569188
0.0126418785807,0.0512075408336
0.00928791079401,0.0474050615004
0.00644993805139,0.0435935189192
0.00412796035289,0.0397729130899
0.0023219776985,0.0359432440127
0.00103199008822,0.0321045116874
0.000257997522056,0.0282567161141
0.0,0.0243998572928
0.000213291457941,0.0205594395743
0.000853165831764,0.0167609673095
0.00191962312147,0.0130044404984
0.00341266332705,0.00928985914098
0.00533228644852,0.00561722323727
0.00767849248587,0.00198653278724
0.0104512814391,-0.00160221220909
0.0136506533082,-0.00514901175173
0.0172766080932,-0.00865386584068
0.0213291457941,-0.0121167744759
0.0258082664108,-0.0155377376575
0.0307139699435,-0.0189167553854
0.036046256392,-0.0222538276596
0.0418051257564,-0.0255489544801
0.0479905780367,-0.0288021358469
0.0546026132329,-0.03201337176
0.0616412313449,-0.0351826622194
0.0691064323728,-0.0383100072251
0.0769982163167,-0.0413954067771
0.0853165831764,-0.0444388608755
0.0940456650263,-0.0473698949539
0.103169593941,-0.0501180344462
0.11268836992,-0.0526832793525
0.122601992963,-0.0550656296726
0.132910463071,-0.0572650854065
0.143613780244,-0.0592816465544
0.154711944481,-0.0611153131162
0.166204955782,-0.0627660850918
0.178092814149,-0.0642339624813
0.190375519579,-0.0655189452848
0.203053072074,-0.0666210335021
0.216125471634,-0.0675402271332
0.229592718258,-0.0682765261783
0.243454811947,-0.0688299306373
0.2577117527,-0.0692004405101
0.272363540518,-0.0693880557969
0.287410175401,-0.0693927764975
0.302851657348,-0.069214602612
0.318687986359,-0.0688535341404
0.334919162435,-0.0683095710826
0.35137498294,-0.0676613439304
0.36788524524,-0.0669874831753
0.384449949334,-0.0662879888172
0.401069095222,-0.0655628608563
0.417742682904,-0.0648120992924
0.434470712381,-0.0640357041256
0.451253183652,-0.063233675356
0.468090096717,-0.0624060129834
0.484981451576,-0.0615527170079
0.50192724823,-0.0606737874295
0.518927486678,-0.0597692242482
0.53598216692,-0.058839027464
0.553091288956,-0.0578831970769
0.570254852787,-0.0569017330869
0.587472858412,-0.0558946354939
0.604745305831,-0.0548619042981
0.622072195044,-0.0538035394993
0.639453526052,-0.0527195410977
0.656889298853,-0.0516099090931
0.67437951345,-0.0504746434857
0.691835128385,-0.0492577785885
0.709167102203,-0.0479033487147
0.726375434905,-0.0464113538645
0.74346012649,-0.0447817940377
0.760421176959,-0.0430146692344
0.777258586311,-0.0411099794545
0.793972354546,-0.0390677246981
0.810562481665,-0.0368879049651
0.827028967668,-0.0345705202557
0.843371812553,-0.0321155705696
0.859591016323,-0.0295230559071
0.875686578975,-0.026792976268
0.891658500511,-0.0239253316524
0.907506780931,-0.0209201220602
0.923231420234,-0.0177773474915
0.93883241842,-0.0144970079463
0.95430977549,-0.0110791034245
0.969663491443,-0.00752363392622
0.98489356628,-0.00383059945138
1.0,0.0
