1.0,0.0
0.989101293511,0.00699499377998
0.977715080839,0.0137580841136
0.965841361983,0.020289271001
0.953480136943,0.026588554442
0.94063140572,0.0326559344368
0.927295168314,0.0384914109852
0.913471424723,0.0440949840873
0.89916017495,0.0494666537431
0.884361418992,0.0546064199526
0.869075156852,0.0595142827158
0.853301388527,0.0641902420327
0.83704011402,0.0686342979032
0.820291333328,0.0728464503275
0.803055046453,0.0768266993054
0.785331253395,0.080575044837
0.767119954153,0.0840914869223
0.748421148727,0.0873760255613
0.729234837118,0.090428660754
0.709561019325,0.0932493925004
0.689399695349,0.0958382208005
0.66914860052,0.0982717734539
0.64920547017,0.10062667826
0.629570304299,0.10290293522
0.610243102906,0.105100544332
0.591223865992,0.107219505598
0.572512593557,0.109259819016
0.5541092856,0.111221484588
0.536013942122,0.113104502313
0.518226563122,0.11490887219
0.500747148601,0.116634594221
0.483575698559,0.118281668405
0.466712212996,0.119850094741
0.450156691911,0.121339873231
0.433909135304,0.122751003874
0.417969543177,0.12408348667
0.402337915528,0.125337321619
0.387014252358,0.126512508721
0.371998553666,0.127609047976
0.357290819453,0.128626939383
0.342891049719,0.129566182944
0.328750865442,0.130348895799
0.314821887604,0.130897195089
0.301104116204,0.131211080814
0.287597551241,0.131290552974
0.274302192716,0.131135611569
0.261218040629,0.130746256599
0.24834509498,0.130122488064
0.235683355769,0.129264305963
0.223232822995,0.128171710298
0.21099349666,0.126844701068
0.198965376762,0.125283278272
0.187148463302,0.123487441912
0.17554275628,0.121457191986
0.164148255695,0.119192528496
0.152964961549,0.11669345144
0.14199287384,0.11395996082
0.131231992569,0.110992056634
0.120682317737,0.107789738884
0.110343849341,0.104353007568
0.100216587384,0.100681862687
0.0904454701141,0.0968957883858
0.0811754357811,0.0931142688076
0.072406484385,0.0893373039527
0.0641386159258,0.0855648938211
0.0563718304035,0.0817970384129
0.0491061278182,0.078033737728
0.0423415081698,0.0742749917664
0.0360779714583,0.0705208005281
0.0303155176837,0.0667711640132
0.025054146846,0.0630260822216
0.0202938589453,0.0592855551533
0.0160346539814,0.0555495828083
0.0122765319545,0.0518181651867
0.00901949286456,0.0480913022884
0.0062635367115,0.0443689941134
0.00400866349536,0.0406512406618
0.00225487321614,0.0369380419335
0.00100216587384,0.0332293979285
0.00025054146846,0.0295253086468
0.0,0.0258257740885
0.000195313507107,0.0221429759959
0.000781254028427,0.0184890961117
0.00175782156396,0.0148641344358
0.00312501611371,0.0112680909682
0.00488283767767,0.00770096570884
0.00703128625584,0.00416275865782
0.00957036184823,0.000653469815111
0.0125000644548,-0.0028269008193
0.0158203940756,-0.0062783532454
0.0195313507107,-0.0097008874632
0.0236329343599,-0.0130945034727
0.0281251450234,-0.0164592012739
0.033007982701,-0.0197949808668
0.0382814473929,-0.0231018422514
0.043945539099,-0.0263797854277
0.0500002578193,-0.0296288103956
0.0564456035538,-0.0328489171553
0.0632815763026,-0.0360401057067
0.0705081760655,-0.0392023760498
0.0781254028427,-0.0423357281845
0.0862198477263,-0.0453559988204
0.0948781018085,-0.0481790246667
0.104100165089,-0.0508048057236
0.113886037569,-0.0532333419909
0.124235719247,-0.0554646334686
0.135149210124,-0.0574986801569
0.146626510199,-0.0593354820557
0.158667619473,-0.0609750391649
0.171272537946,-0.0624173514846
0.184441265617,-0.0636624190148
0.198173802487,-0.0647102417555
0.212470148556,-0.0655608197066
0.227330303823,-0.0662141528683
0.242754268289,-0.0666702412404
0.258742041954,-0.066929084823
0.275293624817,-0.0669906836161
0.292409016879,-0.0668550376197
0.310088218139,-0.0665221468337
0.328331228598,-0.0659920112583
0.347138048256,-0.0652646308933
0.366164830727,-0.0644365127993
0.385067729626,-0.0636041640367
0.403846744953,-0.0627675846057
0.422501876708,-0.0619267745061
0.441033124891,-0.0610817337379
0.459440489501,-0.0602324623013
0.47772397054,-0.0593789601961
0.495883568006,-0.0585212274224
0.513919281901,-0.0576592639801
0.531831112223,-0.0567930698694
0.549619058973,-0.05592264509
0.567283122151,-0.0550479896422
0.584823301758,-0.0541691035258
0.602239597791,-0.0532859867409
0.619532010253,-0.0523986392875
0.636700539143,-0.0515070611656
0.653745184461,-0.0506112523751
0.670665946207,-0.049711212916
0.68746282438,-0.0488069427885
0.704135818982,-0.0478984419924
0.720655979609,-0.0469136105636
0.73699435586,-0.0457803485379
0.753150947734,-0.0444986559152
0.769125755232,-0.0430685326956
0.784918778353,-0.0414899788791
0.800530017098,-0.0397629944657
0.815959471467,-0.0378875794553
0.831207141459,-0.035863733848
0.846273027074,-0.0336914576438
0.861157128314,-0.0313707508426
0.875859445176,-0.0289016134445
0.890379977662,-0.0262840454495
0.904718725772,-0.0235180468576
0.918875689506,-0.0206036176687
0.932850868862,-0.0175407578829
0.946644263843,-0.0143294675002
0.960255874447,-0.0109697465205
0.973685700674,-0.00746159494394
0.986933742525,-0.00380501277043
1.0,0.0
