1.0,0.0
0.990767545302,0.00686238132943
0.980951139531,0.0135066224892
0.970550782687,0.0199327234794
0.95956647477,0.0261406843
0.947998215781,0.032130504951
0.935846005718,0.0379021854323
0.923109844583,0.0434557257441
0.909789732375,0.0487911258862
0.895885669094,0.0539083858587
0.88139765474,0.0588075056616
0.866325689313,0.0634884852949
0.850669772813,0.0679513247585
0.83442990524,0.0721960240526
0.817606086595,0.076222583177
0.800198316877,0.0800310021318
0.782206596085,0.083621280917
0.763630924221,0.0869934195325
0.744471301284,0.0901474179785
0.724727727274,0.0930832762549
0.704400202191,0.0958009943616
0.683918960854,0.098364863118
0.66371423808,0.100839173343
0.64378603387,0.103223925038
0.624134348223,0.105519118201
0.604759181139,0.107724752834
0.585660532619,0.109840828935
0.566838402662,0.111867346506
0.548292791269,0.113804305545
0.53002369844,0.115651706054
0.512031124174,0.117409548032
0.494315068471,0.119077831478
0.476875531332,0.120656556394
0.459712512757,0.122145722778
0.442826012745,0.123545330632
0.426216031296,0.124855379955
0.409882568411,0.126075870746
0.393825624089,0.127206803007
0.378045198331,0.128248176737
0.362541291137,0.129199991936
0.347313902505,0.130062248603
0.332356473129,0.130764515434
0.317662443697,0.131236361121
0.30323181421,0.131477785666
0.289064584667,0.131488789067
0.27516075507,0.131269371324
0.261520325418,0.130819532439
0.248143295711,0.13013927241
0.235029665948,0.129228591239
0.222179436131,0.128087488923
0.209592606259,0.126715965465
0.197269176331,0.125114020864
0.185209146349,0.123281655119
0.173412516311,0.121218868231
0.161879286218,0.1189256602
0.15060945607,0.116402031026
0.139603025868,0.113647980708
0.12885999561,0.110663509247
0.118380365297,0.107448616643
0.108164134929,0.104003302896
0.0982113045058,0.100327568006
0.0886357023165,0.0965372184833
0.0795511566497,0.0927480608397
0.0709576675054,0.088960095075
0.0628552348837,0.0851733211893
0.0552438587845,0.0813877391824
0.0481235392078,0.0776033490545
0.0414942761537,0.0738201508055
0.0353560696221,0.0700381444355
0.029708919613,0.0662573299443
0.0245528261264,0.0624777073321
0.0198877891624,0.0586992765988
0.0157138087209,0.0549220377445
0.012030884802,0.051145990769
0.00883901740552,0.0473711356725
0.00613820653161,0.0435974724549
0.00392845218023,0.0398250011162
0.00220975435138,0.0360537216565
0.000982113045058,0.0322836340757
0.000245528261264,0.0285147383738
0.0,0.0247470345508
0.00020852875563,0.0210005172745
0.00083411502252,0.0172951812126
0.00187675880067,0.013631026365
0.00333646009008,0.0100080527318
0.00521321889075,0.00642626031301
0.00750703520268,0.00288564910858
0.0102179090259,-0.000613780881471
0.0133458403603,-0.00407202965715
0.016890829206,-0.00748909721844
0.020852875563,-0.0108649835654
0.0252319794312,-0.0141996886979
0.0300281408107,-0.0174932126161
0.0352413597015,-0.0207455553199
0.0408716361035,-0.0239567168093
0.0469189700167,-0.0271266970843
0.0533833614413,-0.030255496145
0.0602648103771,-0.0333431139912
0.0675633168241,-0.0363895506231
0.0752788807824,-0.0393948060407
0.083411502252,-0.0423588802438
0.0919928111805,-0.0452126262717
0.101054437515,-0.0478868971633
0.110596381257,-0.0503816929187
0.120618642405,-0.0526970135379
0.13112122096,-0.054832859021
0.142104116921,-0.0567892293677
0.153567330288,-0.0585661245783
0.165510861062,-0.0601635446527
0.177934709243,-0.0615814895909
0.19083887483,-0.0628199593928
0.204223357824,-0.0638789540586
0.218088158224,-0.0647584735881
0.232433276031,-0.0654585179814
0.247258711244,-0.0659790872385
0.262564463864,-0.0663201813594
0.278350533891,-0.0664818003441
0.294616921323,-0.0664639441926
0.311363626163,-0.0662666129048
0.328590648409,-0.0658898064809
0.346297988061,-0.0653335249207
0.364223520017,-0.0646762124999
0.382105119172,-0.0639963134942
0.399942785527,-0.0632938279035
0.417736519081,-0.0625687557278
0.435486319835,-0.0618210969672
0.453192187789,-0.0610508516216
0.470854122942,-0.060258019691
0.488472125295,-0.0594426011754
0.506046194847,-0.0586045960749
0.523576331599,-0.0577440043894
0.541062535551,-0.0568608261189
0.558504806702,-0.0559550612635
0.575903145053,-0.0550267098231
0.593257550603,-0.0540757717977
0.610568023353,-0.0531022471873
0.627834563303,-0.052106135992
0.645057170452,-0.0510874382117
0.662235844801,-0.0500461538464
0.67937058635,-0.0489822828962
0.696461395098,-0.0478958253609
0.713435641841,-0.0467332225112
0.730220697373,-0.0454409156175
0.746816561696,-0.0440189046797
0.763223234808,-0.0424671896978
0.779440716709,-0.040785770672
0.795469007401,-0.0389746476021
0.811308106882,-0.0370338204882
0.826958015153,-0.0349632893302
0.842418732213,-0.0327630541282
0.857690258063,-0.0304331148822
0.872772592703,-0.0279734715921
0.887665736133,-0.025384124258
0.902369688352,-0.0226650728799
0.916884449361,-0.0198163174577
0.93121001916,-0.0168378579915
0.945346397749,-0.0137296944813
0.959293585127,-0.010491826927
0.973051581295,-0.00712425532871
0.986620386253,-0.00362697968637
1.0,0.0
