1.0,0.0
0.988935118777,0.00706982908713
0.977409286742,0.0139093550462
0.965422503895,0.0205185778772
0.952974770235,0.0268974975802
0.940066085762,0.0330461141552
0.926696450477,0.038964427602
0.91286586438,0.0446524379209
0.89857432747,0.0501101451117
0.883821839747,0.0553375491744
0.868608401212,0.0603346501091
0.852934011865,0.0651014479158
0.836798671705,0.0696379425944
0.820202380732,0.0739441341449
0.803145138947,0.0780200225674
0.785626946349,0.0818656078619
0.767647802939,0.0854808900283
0.749207708717,0.0888658690667
0.730306663682,0.092020544977
0.710944667834,0.0949449177593
0.691121721174,0.0976389874135
0.671200613631,0.100170563062
0.651544135133,0.102607453826
0.63215228568,0.104949659706
0.613025065272,0.107197180702
0.59416247391,0.109350016814
0.575564511593,0.111408168041
0.557231178322,0.113371634385
0.539162474096,0.115240415845
0.521358398916,0.11701451242
0.50381895278,0.118693924112
0.486544135691,0.120278650919
0.469533947646,0.121768692842
0.452788388647,0.123164049882
0.436307458693,0.124464722037
0.420091157785,0.125670709308
0.404139485922,0.126782011695
0.388452443104,0.127798629198
0.373030029332,0.128720561817
0.357872244605,0.129547809552
0.342979088924,0.130280372402
0.328343055447,0.13085489675
0.313956637335,0.131208028975
0.299819834588,0.131339769078
0.285932647205,0.131250117058
0.272295075187,0.130939072916
0.258907118534,0.130406636652
0.245768777245,0.129652808266
0.232880051321,0.128677587757
0.220240940761,0.127480975125
0.207851445566,0.126062970372
0.195711565735,0.124423573496
0.183821301269,0.122562784497
0.172180652168,0.120480603376
0.160789618431,0.118177030133
0.149648200059,0.115652064768
0.138756397052,0.11290570728
0.128114209409,0.10993795767
0.117721637131,0.106748815937
0.107578680217,0.103338282083
0.0976853386679,0.0997063561053
0.0881610181477,0.0959650112691
0.079125124321,0.0922262208373
0.0705776571875,0.08848998481
0.0625186167474,0.084756303187
0.0549480030007,0.0810251759685
0.0478658159472,0.0772966031544
0.0412720555872,0.0735705847447
0.0351667219204,0.0698471207395
0.029549814947,0.0661262111386
0.024421334667,0.0624078559422
0.0197812810802,0.0586920551502
0.0156296541869,0.0549788087626
0.0119664539868,0.0512681167795
0.00879168048011,0.0475599792007
0.00610533366674,0.0438543960264
0.00390741354671,0.0401513672565
0.00219792012003,0.036450892891
0.000976853386679,0.0327529729299
0.00024421334667,0.0290576073733
0.0,0.025364796221
0.000197462144958,0.0216880546251
0.000789848579832,0.0180408977372
0.00177715930462,0.0144233255575
0.00315939431933,0.0108353380859
0.00493655362395,0.00727693532246
0.00710863721849,0.00374811726713
0.00967564510294,0.000248883919922
0.0126375772773,-0.00322076471916
0.0159944337416,-0.00666082865012
0.0197462144958,-0.0100713078729
0.0238929195399,-0.0134522023877
0.028434548874,-0.0168035121942
0.0333711024979,-0.0201252372927
0.0387025804118,-0.023417377683
0.0444289826156,-0.0266799333652
0.0505503091093,-0.0299129043393
0.0570665598929,-0.0331162906053
0.0639777349664,-0.0362900921631
0.0712838343299,-0.0394343090128
0.0789848579832,-0.0425489411544
0.0871515928749,-0.045549930662
0.0958548259532,-0.04835321961
0.105094557218,-0.0509588079983
0.11487078667,-0.053366695827
0.125183514308,-0.0555768830959
0.136032740133,-0.0575893698052
0.147418464144,-0.0594041559548
0.159340686343,-0.0610212415447
0.171799406728,-0.0624406265749
0.184794625299,-0.0636623110454
0.198326342057,-0.0646862949563
0.212394557002,-0.0655125783075
0.226999270134,-0.066141161099
0.242140481452,-0.0665720433308
0.257818190957,-0.0668052250029
0.274032398648,-0.0668407061154
0.290783104526,-0.0666784866682
0.308070308591,-0.0663185666613
0.325894010842,-0.0657609460947
0.34425421128,-0.0650056249684
0.362827822148,-0.0641496729678
0.381291755686,-0.0632901597781
0.399646011896,-0.0624270853993
0.417890590777,-0.0615604498314
0.43602549233,-0.0606902530745
0.454050716553,-0.0598164951286
0.471966263449,-0.0589391759936
0.489772133015,-0.0580582956695
0.507468325253,-0.0571738541563
0.525054840163,-0.0562858514541
0.542531677744,-0.0553942875628
0.559898837996,-0.0544991624825
0.577156320919,-0.053600476213
0.594304126514,-0.0526982287546
0.61134225478,-0.051792420107
0.628270705718,-0.0508830502704
0.645089479327,-0.0499701192447
0.661798575607,-0.04905362703
0.678397994559,-0.0481335736262
0.694887736182,-0.0472099590333
0.711263674652,-0.0462128087077
0.727521684146,-0.0450721481057
0.743661764662,-0.0437879772272
0.759683916202,-0.0423602960723
0.775588138766,-0.040789104641
0.791374432352,-0.0390744029333
0.807042796962,-0.0372161909491
0.822593232594,-0.0352144686885
0.838025739251,-0.0330692361515
0.85334031693,-0.030780493338
0.868536965632,-0.0283482402481
0.883615685358,-0.0257724768818
0.898576476107,-0.0230532032391
0.913419337879,-0.0201904193199
0.928144270675,-0.0171841251243
0.942751274493,-0.0140343206523
0.957240349335,-0.0107410059039
0.9716114952,-0.00730418087902
0.985864712089,-0.00372384557772
1.0,0.0
