1.0,0.0
0.987114188902,0.00659353482656
0.97388131739,0.0129939504525
0.960301385464,0.0192012468779
0.946374393125,0.0252154241027
0.932100340371,0.031036482127
0.917479227204,0.0366644209506
0.902511053624,0.0420992405737
0.887195819629,0.0473409409961
0.871533525221,0.052389522218
0.855524170399,0.0572449842394
0.839167755163,0.0619073270601
0.822464279513,0.0663765506803
0.80541374345,0.0706526550998
0.788016146973,0.0747356403188
0.770271490082,0.0786255063372
0.752179772778,0.082322253155
0.73374099506,0.0858258807723
0.714955156928,0.089136389189
0.695822258382,0.092253778405
0.676342299422,0.0951780484205
0.656815154547,0.0979441865221
0.637540698253,0.100587179996
0.618518930542,0.103107028843
0.599749851412,0.105503733063
0.581233460864,0.107777292655
0.562969758898,0.10992770762
0.544958745514,0.111954977958
0.527200420712,0.113859103668
0.509694784492,0.115640084751
0.492441836853,0.117297921206
0.475441577797,0.118832613035
0.458694007322,0.120244160236
0.44219912543,0.121532562809
0.425956932119,0.122697820756
0.40996742739,0.123739934075
0.394230611244,0.124658902766
0.378746483679,0.125454726831
0.363515044695,0.126127406268
0.348536294294,0.126676941077
0.333810232475,0.12710333126
0.319340741563,0.127372703968
0.305131703885,0.127451186356
0.291183119441,0.127338778422
0.277494988229,0.127035480169
0.264067310252,0.126541291594
0.250900085507,0.125856212699
0.237993313996,0.124980243483
0.225346995719,0.123913383947
0.212961130674,0.122655634089
0.200835718864,0.121206993911
0.188970760287,0.119567463413
0.177366254943,0.117737042593
0.166022202832,0.115715731453
0.154938603955,0.113503529992
0.144115458312,0.111100438211
0.133552765902,0.108506456109
0.123250526725,0.105721583686
0.113208740782,0.102745820942
0.103427408072,0.0995791678779
0.093906528596,0.0962216244929
0.0847506420579,0.0927676910169
0.0760642881628,0.0893118676798
0.0678474669106,0.0858541544814
0.0601001783015,0.0823945514218
0.0528224223353,0.0789330585011
0.0460141990121,0.0754696757191
0.0396755083318,0.072004403076
0.0338063502946,0.0685372405716
0.0284067249003,0.065068188206
0.023476632149,0.0615972459793
0.0190160720407,0.0581244138913
0.0150250445754,0.0546496919422
0.011503549753,0.0511730801318
0.00845158757364,0.0476945784603
0.00586915803725,0.0442141869275
0.00375626114384,0.0407319055336
0.00211289689341,0.0372477342784
0.00093906528596,0.0337616731621
0.00023476632149,0.0302737221845
0.0,0.0267838813458
0.000230796921827,0.0232886653652
0.000923187687309,0.0197845889621
0.00207717229645,0.0162716521366
0.00369275074924,0.0127498548886
0.00576992304568,0.00921919721809
0.00830868918578,0.00567967912512
0.0113090491695,0.00213130060967
0.0147710029969,-0.00142593832825
0.018694550668,-0.00499203768866
0.0230796921827,-0.00856699747154
0.0279264275411,-0.0121508176769
0.0332347567431,-0.0157434983047
0.0390046797888,-0.019345039355
0.0452361966782,-0.0229554408278
0.0519293074112,-0.0265747027231
0.0590840119878,-0.0302028250408
0.0667003104081,-0.0338398077811
0.0747782026721,-0.0374856509438
0.0833176887797,-0.0411403545289
0.0923187687309,-0.0448039185366
0.101710129668,-0.0483559024599
0.111420458733,-0.051675865792
0.121449755926,-0.054763808533
0.131798021247,-0.0576197306827
0.142465254695,-0.0602436322413
0.153451456272,-0.0626355132087
0.164756625976,-0.0647953735849
0.176380763809,-0.0667232133699
0.188323869769,-0.0684190325637
0.200585943857,-0.0698828311663
0.213166986074,-0.0711146091778
0.226066996418,-0.0721143665981
0.23928597489,-0.0728821034272
0.25282392149,-0.0734178196651
0.266680836217,-0.0737215153118
0.280856719073,-0.0737931903674
0.295351570057,-0.0736328448317
0.310165389168,-0.0732404787049
0.325298176408,-0.0726160919869
0.340749931775,-0.0717596846777
0.356384888553,-0.0707785579903
0.372067280024,-0.0697800131377
0.387797106188,-0.0687640501199
0.403574367046,-0.0677306689368
0.419399062596,-0.0666798695886
0.43527119284,-0.0656116520751
0.451190757776,-0.0645260163964
0.467157757406,-0.0634229625525
0.483172191729,-0.0623024905434
0.499234060746,-0.061164600369
0.515343364455,-0.0600092920295
0.531500102858,-0.0588365655247
0.547704275953,-0.0576464208547
0.563955883742,-0.0564388580195
0.580254926224,-0.0552138770191
0.596601403399,-0.0539714778534
0.612995315267,-0.0527116605226
0.629436661829,-0.0514344250265
0.645925443083,-0.0501397713652
0.662461659031,-0.0488276995387
0.679037441513,-0.0474508884262
0.695644922371,-0.0459620169069
0.712284101603,-0.0443610849809
0.728954979212,-0.042648092648
0.745657555195,-0.0408230399084
0.762391829554,-0.038885926762
0.779157802289,-0.0368367532088
0.795955473399,-0.0346755192488
0.812784842884,-0.032402224882
0.829645910745,-0.0300168701085
0.846538676981,-0.0275194549282
0.863463141592,-0.0249099793411
0.880419304579,-0.0221884433472
0.897407165942,-0.0193548469465
0.91442672568,-0.016409190139
0.931477983793,-0.0133514729248
0.948560940282,-0.0101816953038
0.965675595146,-0.00689985727596
0.982821948385,-0.00350595884137
1.0,0.0
