1.0,0.0
0.98819807079,0.00668745821006
0.975972260631,0.0131759315544
0.963322569523,0.0194654200329
0.950248997467,0.0255559236456
0.936751544461,0.0314474423926
0.922830210507,0.0371399762738
0.908484995605,0.0426335252893
0.893715899753,0.047928089439
0.878522922953,0.0530236687229
0.862906065204,0.057920263141
0.846865326506,0.0626178726934
0.83040070686,0.06711649738
0.813512206264,0.0714161372008
0.79619982472,0.0755167921559
0.778463562227,0.0794184622452
0.760303418786,0.0831211474687
0.741719394395,0.0866248478265
0.722711489056,0.0899295633185
0.703279702768,0.0930352939447
0.683424035532,0.0959420397052
0.663481209606,0.0986879131537
0.64378794725,0.101311026844
0.624344248464,0.103811380777
0.605150113249,0.106188974952
0.586205541603,0.108443809368
0.567510533528,0.110575884027
0.549065089022,0.112585198928
0.530869208087,0.11447175407
0.512922890722,0.116235549455
0.495226136927,0.117876585082
0.477778946702,0.119394860951
0.460581320047,0.120790377061
0.443633256962,0.122063133414
0.426934757448,0.123213130009
0.410485821503,0.124240366846
0.394286449129,0.125144843925
0.378336640324,0.125926561245
0.36263639509,0.126585518808
0.347185713426,0.127121716613
0.331984595332,0.12753515466
0.31705864089,0.127790145428
0.302433450183,0.127851001395
0.288109023212,0.127717722561
0.274085359974,0.127390308926
0.260362460472,0.126868760491
0.246940324705,0.126153077255
0.233818952672,0.125243259219
0.220998344375,0.124139306381
0.208478499812,0.122841218743
0.196259418984,0.121348996304
0.184341101891,0.119662639065
0.172723548533,0.117782147025
0.161406758909,0.115707520184
0.150390733021,0.113438758542
0.139675470867,0.1109758621
0.129260972448,0.108318830857
0.119147237764,0.105467664813
0.109334266815,0.102422363969
0.0998220596003,0.099182928324
0.0906106161208,0.0957493578783
0.081776081049,0.0922197281432
0.0733945990579,0.0886921146301
0.0654661701473,0.0851665173391
0.0579907943173,0.0816429362701
0.050968471568,0.0781213714232
0.0443992018992,0.0746018227984
0.038282985311,0.0710842903956
0.0326198218035,0.0675687742148
0.0274097113765,0.0640552742561
0.0226526540302,0.0605437905194
0.0183486497645,0.0570343230048
0.0144976985793,0.0535268717123
0.0110998004748,0.0500214366417
0.00815495545087,0.0465180177933
0.00566316350755,0.0430166151669
0.00362442464483,0.0395172287625
0.00203873886272,0.0360198585802
0.000906106161208,0.0325245046199
0.000226526540302,0.0290311668817
0.0,0.0255398453655
0.000227679735521,0.0220498478101
0.000910718942082,0.0185604819541
0.00204911761969,0.0150717477976
0.00364287576833,0.0115836453405
0.00569199338802,0.00809617458278
0.00819647047874,0.00460933552454
0.0111563070405,0.00112312816572
0.0145715030733,-0.00236244749365
0.0184420585772,-0.00584739145359
0.0227679735521,-0.0093317037141
0.027549247998,-0.0128153842752
0.032785881915,-0.0162984331368
0.038477875303,-0.019780850299
0.044625228162,-0.0232626357618
0.0512279404921,-0.0267437895251
0.0582860122933,-0.030224311589
0.0657994435655,-0.0337042019535
0.0737682343087,-0.0371834606185
0.0821923845229,-0.0406620875841
0.0910718942082,-0.0441400828502
0.100342607124,-0.0475088136804
0.10994036703,-0.0506596473379
0.119865173925,-0.0535925838229
0.13011702781,-0.0563076231353
0.140695928685,-0.0588047652751
0.15160187655,-0.0610840102423
0.162834871405,-0.0631453580369
0.17439491325,-0.064988808659
0.186282002084,-0.0666143621084
0.198496137908,-0.0680220183853
0.211037320723,-0.0692117774896
0.223905550527,-0.0701836394213
0.23710082732,-0.0709376041804
0.250623151104,-0.0714736717669
0.264472521878,-0.0717918421809
0.278648939641,-0.0718921154222
0.293152404394,-0.071774491491
0.307982916137,-0.0714389703872
0.32314047487,-0.0708855521107
0.338625080593,-0.0701142366618
0.354292913271,-0.069224350692
0.370000152872,-0.0683152208534
0.385746799394,-0.0673868471458
0.401532852838,-0.0664392295693
0.417358313204,-0.065472368124
0.433223180492,-0.0644862628097
0.449127454702,-0.0634809136265
0.465071135833,-0.0624563205743
0.481054223887,-0.0614124836533
0.497076718862,-0.0603494028634
0.513138620759,-0.0592670782045
0.529239929578,-0.0581655096768
0.545380645319,-0.0570446972801
0.561560767982,-0.0559046410145
0.577780297566,-0.05474534088
0.594039234073,-0.0535667968766
0.610337577501,-0.0523690090043
0.626675327852,-0.0511519772631
0.643052485124,-0.0499157016529
0.659469049318,-0.0486601821739
0.675934830966,-0.0473366473756
0.692459640603,-0.0458963258078
0.709043478228,-0.0443392174705
0.72568634384,-0.0426653223637
0.742388237441,-0.0408746404874
0.759149159029,-0.0389671718415
0.775969108606,-0.0369429164261
0.79284808617,-0.0348018742412
0.809786091722,-0.0325440452868
0.826783125263,-0.0301694295629
0.843839186791,-0.0276780270694
0.860954276307,-0.0250698378064
0.878128393811,-0.022344861774
0.895361539302,-0.019503098972
0.912653712782,-0.0165445494004
0.93000491425,-0.0134692130594
0.947415143706,-0.0102770899488
0.964884401149,-0.00696818006873
0.982412686581,-0.00354248341912
1.0,0.0
