1.0,0.0
0.987652244451,0.0065208443654
0.974913288532,0.0128579206815
0.961783132242,0.0190112289482
0.948261775582,0.0249807691657
0.93434921855,0.0307665413338
0.920045461149,0.0363685454527
0.905350503376,0.0417867815222
0.890264345233,0.0470212495424
0.874786986719,0.0520719495133
0.858918427834,0.0569388814349
0.842658668579,0.0616220453071
0.826007708953,0.0661214411301
0.808965548956,0.0704370689037
0.791532188589,0.074568928628
0.773707627851,0.0785170203031
0.755491866743,0.0822813439288
0.736884905263,0.0858618995051
0.717886743413,0.0892586870322
0.698497381193,0.09247170651
0.678716818601,0.0955009579384
0.658877661196,0.0983732385243
0.639312514531,0.101115345474
0.620021378609,0.103727278789
0.601004253427,0.106209038467
0.582261138988,0.108560624509
0.563792035289,0.110782036916
0.545596942333,0.112873275687
0.527675860118,0.114834340822
0.510028788644,0.116665232321
0.492655727912,0.118365950185
0.475556677921,0.119936494412
0.458731638672,0.121376865004
0.442180610165,0.12268706196
0.425903592399,0.12386708528
0.409900585375,0.124916934964
0.394171589092,0.125836611012
0.37871660355,0.126626113425
0.363535628751,0.127285442201
0.348628664692,0.127814597342
0.333995711376,0.128213578847
0.319625866838,0.128449812769
0.305508229119,0.128490725162
0.291642798216,0.128336316026
0.278029574132,0.127986585359
0.264668556865,0.127441533164
0.251559746415,0.126701159439
0.238703142783,0.125765464184
0.226098745968,0.1246344474
0.213746555971,0.123308109087
0.201646572791,0.121786449244
0.189798796429,0.120069467871
0.178203226884,0.11815716497
0.166859864157,0.116049540538
0.155768708248,0.113746594577
0.144929759156,0.111248327087
0.134343016881,0.108554738067
0.124008481424,0.105665827518
0.113926152784,0.102581595439
0.104096030962,0.0993020418307
0.0945181159579,0.095827166693
0.085302599652,0.0922589581495
0.0765596739259,0.0886994043241
0.0682893387796,0.0851485052166
0.060491594213,0.0816062608272
0.0531664402263,0.0780726711558
0.0463138768194,0.0745477362024
0.0399339039922,0.071031455967
0.0340265217448,0.0675238304496
0.0285917300773,0.0640248596502
0.0236295289895,0.0605345435689
0.0191399184815,0.0570528822056
0.0151228985533,0.0535798755603
0.0115784692048,0.0501155236329
0.00850663043621,0.0466598264237
0.00590738224737,0.0432127839324
0.00378072463832,0.0397743961591
0.00212665760905,0.0363446631039
0.000945181159579,0.0329235847666
0.000236295289895,0.0295111611474
0.0,0.0261073922462
0.000244357378181,0.0227024109295
0.000977429512726,0.0192863500637
0.00219921640363,0.0158592096488
0.0039097180509,0.0124209896849
0.00610893445454,0.00897169017198
0.00879686561453,0.00551131110996
0.0119735115309,0.00203985249889
0.0156388722036,-0.00144268566124
0.0197929476327,-0.00493630337043
0.0244357378181,-0.00844100062867
0.02956724276,-0.011956777436
0.0351874624581,-0.0154836337923
0.0412963969127,-0.0190215696977
0.0478940461236,-0.0225705851522
0.0549804100908,-0.0261306801557
0.0625554888144,-0.0297018547083
0.0706192822944,-0.03328410881
0.0791717905308,-0.0368774424607
0.0882130135235,-0.0404818556604
0.0977429512726,-0.0440973484092
0.107660177583,-0.0476057123661
0.117863266261,-0.0508887391901
0.128352217306,-0.0539464288811
0.139127030718,-0.0567787814393
0.150187706497,-0.0593857968645
0.161534244644,-0.0617674751568
0.173166645157,-0.0639238163162
0.185084908037,-0.0658548203427
0.197289033285,-0.0675604872362
0.209779020899,-0.0690408169969
0.222554870881,-0.0702958096246
0.23561658323,-0.0713254651194
0.248964157946,-0.0721297834813
0.262597595028,-0.0727087647103
0.276516894478,-0.0730624088064
0.290722056295,-0.0731907157696
0.30521308048,-0.0730936855998
0.319989967031,-0.0727713182971
0.335052715949,-0.0722236138615
0.350401327234,-0.071450572293
0.365902415584,-0.0705537997714
0.381422595694,-0.0696349024764
0.396961867565,-0.068693880408
0.412520231196,-0.0677307335662
0.428097686589,-0.066745461951
0.443694233742,-0.0657380655625
0.459309872656,-0.0647085444005
0.47494460333,-0.0636568984652
0.490598425766,-0.0625831277566
0.506271339962,-0.0614872322745
0.521963345919,-0.0603692120191
0.537674443637,-0.0592290669903
0.553404633115,-0.0580667971881
0.569153914355,-0.0568824026125
0.584922287355,-0.0556758832636
0.600709752116,-0.0544472391412
0.616516308637,-0.0531964702455
0.632341956919,-0.0519235765765
0.648186696963,-0.050628558134
0.664050528766,-0.0493114149182
0.679970111245,-0.0479263410585
0.69598210331,-0.0464275306844
0.712086504964,-0.0448149837961
0.728283316205,-0.0430887003934
0.744572537035,-0.0412486804763
0.760954167451,-0.0392949240449
0.777428207456,-0.0372274310992
0.793994657048,-0.0350462016391
0.810653516228,-0.0327512356647
0.827404784996,-0.030342533176
0.844248463352,-0.0278200941729
0.861184551295,-0.0251839186555
0.878213048826,-0.0224340066237
0.895333955945,-0.0195703580777
0.912547272651,-0.0165929730172
0.929852998946,-0.0135018514425
0.947251134828,-0.0102969933533
0.964741680297,-0.0069783987499
0.982324635355,-0.00354606763212
1.0,0.0
