1.0,0.0
0.989614179343,0.00697231548645
0.978667069363,0.0137209360126
0.967158670061,0.0202458615783
0.955088981437,0.0265470921838
0.94245800349,0.0326246278289
0.92926573622,0.0384784685137
0.915512179628,0.0441086142381
0.901197333714,0.0495150650022
0.886321198477,0.0546978208059
0.870883773917,0.0596568816494
0.854885060036,0.0643922475324
0.838325056831,0.0689039184552
0.821203764304,0.0731918944176
0.803521182455,0.0772561754197
0.785277311283,0.0810967614614
0.766472150789,0.0847136525428
0.747105700972,0.0881068486639
0.727177961832,0.0912763498246
0.706688933371,0.094222156025
0.685638615586,0.096944267265
0.664508902537,0.0995132393482
0.643781688281,0.101999628078
0.623456972818,0.104403433454
0.603534756148,0.106724655477
0.584015038271,0.108963294146
0.564897819186,0.111119349462
0.546183098895,0.113192821425
0.527870877397,0.115183710034
0.509961154691,0.117092015289
0.492453930779,0.118917737191
0.47534920566,0.12066087574
0.458646979333,0.122321430935
0.4423472518,0.123899402777
0.426450023059,0.125394791265
0.410955293112,0.1268075964
0.395863061957,0.128137818182
0.381173329596,0.129385456609
0.366886096027,0.130550511684
0.353001361252,0.131632983405
0.339519125269,0.132632871773
0.326311776773,0.133466454292
0.313251704458,0.134050008469
0.300338908324,0.134383534302
0.287573388371,0.134467031793
0.274955144598,0.13430050094
0.262484177006,0.133883941745
0.250160485595,0.133217354207
0.237984070365,0.132300738326
0.225954931316,0.131134094102
0.214073068447,0.129717421535
0.202338481759,0.128050720625
0.190751171252,0.126133991372
0.179311136926,0.123967233776
0.16801837878,0.121550447837
0.156872896816,0.118883633556
0.145874691032,0.115966790931
0.135023761429,0.112799919964
0.124320108006,0.109383020653
0.113763730765,0.105716093
0.103354629704,0.101799137003
0.0932775533077,0.0977669820469
0.0837172500601,0.0937544575129
0.074673719961,0.0897615634014
0.0661469630105,0.0857882997125
0.0581369792084,0.0818346664462
0.0506437685549,0.0779006636024
0.0436673310499,0.0739862911811
0.0372076666934,0.0700915491824
0.0312647754854,0.0662164376062
0.025838657426,0.0623609564526
0.020929312515,0.0585251057215
0.0165367407526,0.0547088854129
0.0126609421387,0.0509122955269
0.00930191667335,0.0471353360634
0.00645966435649,0.0433780070225
0.00413418518815,0.0396403084041
0.00232547916834,0.0359222402083
0.00103354629704,0.032223802435
0.00025838657426,0.0285449950842
0.0,0.024885818156
0.000192331097451,0.0212539583742
0.000769324389805,0.0176571024626
0.00173097987706,0.0140952504212
0.00307729755922,0.01056840225
0.00480827743628,0.00707655794897
0.00692391950824,0.00361971751819
0.00942422377511,0.000197880957615
0.0123091902369,-0.00318895173275
0.0155788188935,-0.0065407805529
0.0192331097451,-0.00985760550285
0.0232720627916,-0.0131394265826
0.027695678033,-0.0163862437921
0.0325039554693,-0.0195980571314
0.0376968951004,-0.0227748666005
0.0432744969265,-0.0259166721994
0.0492367609475,-0.0290234739281
0.0555836871634,-0.0320952717866
0.0623152755742,-0.0351320657749
0.0694315261799,-0.0381338558929
0.0769324389805,-0.0411006421408
0.0849024925457,-0.0439631150091
0.0934261654454,-0.0466519649886
0.10250345768,-0.0491671920792
0.112134369248,-0.051508796281
0.122318900151,-0.0536767775939
0.133057050389,-0.055671136018
0.14434881996,-0.0574918715532
0.156194208867,-0.0591389841996
0.168593217107,-0.0606124739572
0.181545844683,-0.0619123408259
0.195052091592,-0.0630385848058
0.209111957836,-0.0639912058968
0.223725443415,-0.0647702040989
0.238892548328,-0.0653755794123
0.254613272575,-0.0658073318367
0.270887616157,-0.0660654613724
0.287715579073,-0.0661499680192
0.305097161324,-0.0660608517771
0.323032362909,-0.0657981126462
0.341521183828,-0.0653617506264
0.360250124378,-0.0648283308049
0.378905684854,-0.0642744182688
0.397487865255,-0.063700013018
0.415996665583,-0.0631051150526
0.434432085837,-0.0624897243725
0.452794126017,-0.0618538409778
0.471082786123,-0.0611974648684
0.489298066155,-0.0605205960444
0.507439966113,-0.0598232345058
0.525508485996,-0.0591053802525
0.543503625806,-0.0583670332846
0.561425385542,-0.057608193602
0.579273765204,-0.0568288612048
0.597048764792,-0.0560290360929
0.614750384306,-0.0552087182664
0.632378623746,-0.0543679077253
0.649933483113,-0.0535066044695
0.667414962405,-0.0526248084991
0.684823061623,-0.051722519814
0.702157780767,-0.0507997384143
0.719335513967,-0.049786362699
0.736272655352,-0.0486122910674
0.752969204923,-0.0472775235195
0.769425162679,-0.0457820600552
0.785640528621,-0.0441259006745
0.801615302748,-0.0423090453774
0.817349485061,-0.040331494164
0.832843075559,-0.0381932470342
0.848096074242,-0.035894303988
0.863108481111,-0.0334346650255
0.877880296165,-0.0308143301466
0.892411519405,-0.0280332993513
0.906702150831,-0.0250915726397
0.920752190441,-0.0219891500117
0.934561638237,-0.0187260314673
0.948130494219,-0.0153022170066
0.961458758386,-0.0117177066295
0.974546430739,-0.00797250033603
0.987393511277,-0.0040665981262
1.0,0.0
